7 0.4175669601725911 0.4722686490860366 0.006414261394079801 0.02937981350683022
7 0.39998819058460866 0.4341210476358608 0.006988506993255594 0.03176492727125191
7 0.4099539348947544 0.44133167025665154 0.006187447473508134 0.028505327750953935
7 0.29369013819482126 0.4250549125984102 0.02195311960344165 0.07269720637845173
7 0.3582087381296073 0.418556132817234 0.009064854152867063 0.03885077346142107
7 0.3360360677634033 0.4048103118433072 0.010835166326417789 0.0451647652232155
7 0.5787663007682284 0.4733526121586732 0.006280976162912677 0.028962334637925302
7 0.5125095743393182 0.45090846539253104 0.004680160861134763 0.024479136177367744
7 0.577351668938852 0.49656486263916416 0.00845171700265357 0.01029838630679214
3 0.5 0.7471919888025583 1.0 0.5056160223948833
0 0.07338651220267385 0.5509625585982161 0.08996368774177302 0.03535931339602261
0 0.14570403115825636 0.7932555161005019 0.29140806231651273 0.41348896779899624
