7 0.32170994356721766 0.4595662924394691 0.010611623808357673 0.036998095881278836
7 0.26233111160001843 0.4048905721111524 0.011393311488234359 0.04317666783650248
7 0.29296873262791356 0.41757863535866996 0.00951070497390516 0.03737032645772309
7 0.3229030882483569 0.4888983654002157 0.011412376588755768 0.013235045285858948
7 0.3204531790181999 0.5293523584179851 0.0014322825009348006 0.005261851504885451
7 0.6304957586387014 0.46236146260399535 0.008676425930076781 0.03390289521494111
7 0.503339538709636 0.4360380705888696 0.005398905019209699 0.028703640814485287
7 0.5538368077270335 0.436083382212502 0.005887946041664871 0.028683435451884953
7 0.6256531404741885 0.5261772230752432 0.001530665378367324 0.004753413461891398
1 0.9904195700615737 0.5129793457730832 0.019160859876852676 0.1679873365727334
0 0.9900887476770557 0.5924952461406348 0.01982250464588875 0.07984879113876375
