7 0.42857565520399266 0.4862041462936997 0.002521475592494049 0.011840286401882616
7 0.42345809516629473 0.474814651346022 0.002353138237077834 0.010956041366264602
7 0.42632537661954395 0.4757509331968175 0.002254082279531 0.010540140649667185
7 0.4293182694208427 0.4957765578820208 0.0035048266229407155 0.004280018662964236
7 0.5325133485576086 0.48633055132155645 0.0021163016626403186 0.011518407742342751
7 0.4883930992481006 0.47736469180569785 0.0018707583065538103 0.009719266878218613
7 0.5057644638882453 0.47736440547960635 0.0018536908086194126 0.009719006703722888
0 0.4721874269224207 0.5278320435866748 0.019419539003218467 0.023989097003499604
0 0.4439166207218196 0.5149797640355172 0.013920056938491854 0.019365418806838397
0 0.4803450568252168 0.5197675452605772 0.014357132033878173 0.018807134384001833
3 0.5340033476671411 0.5092819209518021 0.016209444070114265 0.013917671591669789
0 0.5176090099439437 0.5108458339654449 0.01761059554046407 0.0094337285494841
0 0.476489016945962 0.5220469201949955 0.016747696413043578 0.02381837801437936
