7 0.6940567144584175 0.4527771606985643 0.015956119684262693 0.03595724881681539
7 0.5574946665716491 0.4243666987220239 0.005917216834431804 0.031028827207417453
7 0.6119219093063577 0.42434544948338515 0.006556105693797609 0.03103840388382939
7 0.30700869741695236 0.46462429445528386 0.011473641565586112 0.025773200688360587
7 0.26402658995132167 0.43232067500064364 0.007120531117786377 0.027453332614729375
7 0.284924522146215 0.43783959145595797 0.0062967680895989475 0.024984139408948447
7 0.2543100689519915 0.45312311470342015 0.01641714045780343 0.03565899124970612
7 0.39139428785527286 0.42632906470590953 0.006359106084730504 0.030144846456304997
7 0.33855834680888175 0.4263491150261223 0.006955216691155008 0.03013582267065984
7 0.8120597712830585 0.426186836580577 0.02821802548884933 0.059044151068831596
7 0.7100854030998808 0.4162893470639603 0.008583151302687941 0.0346801411298453
7 0.7388783140888648 0.4054221629219362 0.010194280863837779 0.039624914655540466
0 0.054939027153546455 0.5421546810246667 0.10418084468588168 0.04512832801519551
2 0.40069164035719884 0.5304385244216548 0.05044935811383733 0.05788333539794177
3 0.5254036398241658 0.5105059602432993 0.018893169721896363 0.03237683989780937
0 0.1443045260003311 0.5320625499496827 0.06293533646897584 0.03579982392162051
0 0.4997980607728317 0.7940658252991881 0.2516228752026458 0.41186834940162387
3 0.7917191280219185 0.5224973649166829 0.09927137996723412 0.05759004549639046
0 0.7774547435019895 0.7292309919743754 0.2780251521201891 0.32169789836947504
0 0.4492179946733432 0.5328564438900083 0.03273665626167305 0.05160034123518431
6 0.41692389929996027 0.5070372136753863 0.0021904450214916826 0.017385294814166452
6 0.9093681863159031 0.5171712123190182 0.006652355809112387 0.03198410784368966
