7 0.47234378319675774 0.47412906570669816 0.005499960533834558 0.022431172324720028
7 0.45129702147965883 0.4483565146429066 0.005188140248422957 0.022730567541486557
7 0.46191514083306134 0.45212442228625294 0.004750666654878111 0.021040401966364086
7 0.47336278753931443 0.49207939148437146 0.006591764767710839 0.00809037388156586
7 0.6743836610728007 0.4728140309128811 0.0051090871697822005 0.023002441496540238
7 0.5860431506865649 0.4565479048437796 0.0036370616742998907 0.018813010298883326
0 0.6296781642909265 0.5182111147693356 0.028265570167750775 0.019841572102951233
0 0.5032954742930364 0.5528363424623204 0.04386273231426474 0.05400515370126868
0 0.5459816107386348 0.5840375443557526 0.05954606502095816 0.09385441331424804
3 0.5182448956119281 0.5201768966833433 0.030121907819446014 0.04135178489255409
3 0.5896528668813832 0.5168933506355416 0.023040295515101894 0.024455874149512002
6 0.426241087090262 0.5259331377108458 0.005389792596873666 0.03681408967660271
