7 0.6130648030476408 0.4765203497197341 0.008417661287332123 0.020101732019399632
7 0.5360772772507665 0.4607872360113939 0.003141766028386228 0.017142641444191975
7 0.5665320024087777 0.46075502454026473 0.0033413821833350177 0.017154020491042754
7 0.3806365138202184 0.48087054979355326 0.006937991033829527 0.01640852162686196
7 0.3654756917555638 0.4635252063370738 0.0035680392226457025 0.015947977178246142
7 0.36581125445833923 0.4767744984563644 0.00850675128214029 0.01992894542253676
7 0.4425490639687029 0.4614824406169189 0.0032842623711476504 0.01684382473733259
7 0.41271575660001936 0.4615136058756712 0.0034683527482646803 0.016832856328344636
7 0.6415590875754449 0.4699854561330677 0.010988155129521782 0.025725062356530604
7 0.6158974863087024 0.4583273567119165 0.0038866489740634336 0.018224894820000725
7 0.6235325877893899 0.4554421970634866 0.004211280996301525 0.019504801038701225
2 0.4611135036108237 0.5150597036117648 0.017753548901819738 0.023779058137930797
3 0.5249125361750668 0.5129459044208745 0.01547555817055113 0.02653981061025973
0 0.45833215313853515 0.5218676008564027 0.028520431789048728 0.020608951349203042
0 0.5038802000194038 0.5459167346928776 0.03218207458258815 0.04374357429595377
0 0.739349949391954 0.5764656232912257 0.1180821726171496 0.08742210325838251
0 0.48217140247648105 0.5163853621920704 0.012793514163226105 0.02138253941081647
