7 0.46123204507984317 0.46914727703695225 0.006689953289723161 0.026969595151854875
7 0.4334921747520013 0.4356671118954337 0.0065668273466861216 0.028499397563072015
7 0.44763778860797343 0.4414589118511879 0.0058805356317168656 0.025886967326256782
7 0.4624016473176443 0.49065272114691194 0.007914396641413524 0.009704492144254173
7 0.7031420394234535 0.467837017539089 0.006849862607061996 0.027648514519148293
7 0.597094645243234 0.44842193229133176 0.004313421631526926 0.022524724888415892
7 0.6381410629451154 0.44766902145525767 0.0047537509470372274 0.02285817430381326
7 0.6989217486682127 0.5200192101950971 0.0012794157255467953 0.0038844898903245273
0 0.67911609938786 0.5192511470008535 0.033415494753064046 0.020519080482283014
0 0.14800657056125105 0.831609323259851 0.2960131411225021 0.3367813534802979
0 0.5932421599048479 0.6884400095765614 0.12817756042309536 0.23856188762692687
3 0.47583745467910976 0.5383402284634178 0.06101699805457311 0.07833841403203051
3 0.5692921695270561 0.5232762012279584 0.024203790097945932 0.03334349044584928
6 0.4502813418833962 0.5244578701453916 0.00492114015005618 0.03452901602560576
