7 0.44079269021732914 0.47630019260817047 0.004182650281641387 0.02077945892258176
7 0.43365604967577537 0.45302852745227207 0.004345710773282163 0.020759696316210996
7 0.4381061672602015 0.45623586408277683 0.004018303743159923 0.01931574145301007
7 0.39465848466133446 0.4595695104218587 0.008387319429564055 0.03593638158444756
7 0.4125825004491369 0.4468027520558931 0.005094153274750324 0.02357110073798685
7 0.40476076010820194 0.44197897357328186 0.005626434508644751 0.025757093906063067
7 0.55583167425558 0.4769841651514296 0.004130650084047005 0.020563813690109622
7 0.5084404824728634 0.46100409829819833 0.003316768757852806 0.017375634137030804
7 0.5548347838128548 0.493551426067034 0.005970443921406998 0.0073559610505608
0 0.4999728236201235 0.5741676115850474 0.04989037674805802 0.08129609272301774
3 0.3821646222018863 0.526301625987448 0.04945677149197669 0.03710038862470122
0 0.10877942240922922 0.5828447110642653 0.1393648271586193 0.08505343007729449
0 0.6274965166268985 0.529625169700541 0.05669970425190507 0.03123127325265529
2 0.057035705202756304 0.5273436733514183 0.09137650222531041 0.04213250250781486
3 0.6725829429876029 0.5226789750040414 0.04642549161963694 0.03373697801510844
0 0.6609381033757302 0.5318660472313672 0.06038403904471501 0.03373351804273683
0 0.6521476892962756 0.5253428228864939 0.042248851634130946 0.03278081887454842
0 0.5001530797901371 0.6138757561387269 0.07619931075380232 0.1387949963738475
6 0.43030947022959465 0.5366158519653434 0.006023534765091654 0.04988574067577467
