7 0.5879863331930053 0.4626505813004944 0.007294828115578356 0.032735632486545485
7 0.513389733516693 0.43729763872319766 0.005289018139490231 0.027688836985034104
7 0.5863612563701899 0.48881616539308725 0.009553870546206156 0.011602403433689956
7 0.5832385803321647 0.5243626521374651 0.001408743594752182 0.004596297179083053
7 0.4062488155642706 0.4613401862801928 0.007489891732036014 0.033284211586391665
7 0.3820543589431843 0.4150408042906777 0.008384045068394463 0.03739965505422943
7 0.3955429700215798 0.42485284938493384 0.007262538951912978 0.032962496237348426
7 0.40593441456892776 0.5242404770803115 0.0010693921790128624 0.004732579166969564
7 0.21526305111091804 0.38673301123457804 0.03570458899622178 0.10229186381507999
7 0.3266208423763084 0.3926533748370076 0.011485816081459821 0.047626022437494364
7 0.2925344123273305 0.37139124724664463 0.014416842684613962 0.05746986793542769
7 0.22218223996035202 0.5684063009961318 0.004342711937268873 0.013584818759119432
0 0.8767902364927802 0.5499571602108244 0.10079748546559164 0.045847285288317385
0 0.9584612120663596 0.5555034149959437 0.0830775758672807 0.05544161068826159
0 0.8130590784684796 0.5446432549251263 0.08676471960819643 0.0407157718345017
0 0.7224113302269987 0.5558002288901973 0.10760693244604713 0.05381812450123913
6 0.08209695012044463 0.529373499589833 0.008653141925285213 0.042508346970451916
6 0.7386953390213389 0.5854067398593623 0.01624852147614464 0.12394380885979439
6 0.09880860693610873 0.5288379321927179 0.008495505679917387 0.04170696851434064
