7 0.4848332576893112 0.488300394381715 0.0040797812349251394 0.0104393818285764
7 0.4849385179617428 0.4783934996208855 0.0017262571096290924 0.009611949598043124
7 0.48554745867153104 0.47913038102321437 0.0016668389106877513 0.009290339953157867
7 0.5423774889793433 0.48538932411054436 0.00513469318095916 0.012923015160707485
7 0.4926203576985173 0.47526275651268096 0.0019380007751321204 0.01098025782186307
7 0.5122123145533242 0.475256353658925 0.001931875777512193 0.010983107577585693
7 0.5404505527004704 0.5102529761904593 0.0005384832258321648 0.001846497905697686
7 0.6981894053527085 0.4435339027210391 0.02167599795549935 0.049048454628402516
7 0.5120666909107819 0.4047748072816845 0.007295338006059637 0.042594669500083615
7 0.5861568176077798 0.40468178966737867 0.00847001276020476 0.04263759414762508
7 0.6911480672665156 0.5368293849128483 0.002391797116067962 0.006988541561514183
7 0.2206517132205975 0.46343759110468086 0.014938113357745808 0.031770263333840976
7 0.13635271568381765 0.41912944425490267 0.01093999827675557 0.03603046471042759
7 0.17737703356401252 0.4282478536519987 0.009235062712875886 0.031894598423905796
7 0.21850385653892368 0.524399159848713 0.0015221869958736145 0.004593763424558528
7 0.10453327982308658 0.4444193721452384 0.024299934950310728 0.04827326132775506
7 0.2904254900776284 0.40851947850129744 0.010059600974413052 0.04087579796025054
7 0.2195699520868295 0.4086051466593499 0.011108391523199174 0.04083636020794912
7 0.41309376323731284 0.48543790775271456 0.005319938541504365 0.012880927398991993
7 0.4194609444449211 0.4776966608861761 0.002024063723276792 0.00991607895471941
7 0.4163841562474832 0.4768560992466069 0.002110227731931036 0.010283323266401745
7 0.9074583240870875 0.3803215541238105 0.05242080997321619 0.10507232045062848
7 0.721280014925437 0.3890290541006405 0.012325755881750333 0.04986786185722897
7 0.7666714684325304 0.3657500487315356 0.015896109380087786 0.06076042139147714
7 0.8935070570991677 0.5743538595925155 0.005563735304240591 0.014619539233354573
3 0.40959807294636513 0.5189722774692749 0.0267118978982962 0.04185102818884434
0 0.5341144465207199 0.5135846272869121 0.020796406591900962 0.011387780263495628
0 0.4748748810263893 0.5226467515356021 0.017345020778920917 0.024323931782431973
0 0.4902698672742778 0.5128032078053857 0.021445586790493687 0.012986670549365642
0 0.4821069022060332 0.5155566833534233 0.014484264484917353 0.02270371415817829
0 0.9844030926351468 0.5524670359261572 0.031193814729706504 0.046143872548839227
4 0.4380788857958522 0.5265849887416075 0.0072351317603851495 0.027143131518061248
0 0.4889382439526685 0.5141977434096684 0.01910917864464473 0.011307413055470006
0 0.796735119994127 0.5449252251709475 0.0933987662129494 0.04410008150842515
2 0.5358421386992438 0.5114135493558006 0.02882380359870107 0.017013683840121585
6 0.38233039996574836 0.5156651623415263 0.003326098495959995 0.021566638906307944
6 0.38974263708505197 0.5140434011815989 0.002548480295288924 0.01923951202053875
