7 0.374939660847952 0.4589531630440684 0.004838246269938229 0.01935799218076034
7 0.35803225237824654 0.4376421415705539 0.004526056043367699 0.019101923244359664
7 0.36655785551473985 0.44044468148572313 0.004182786654764625 0.01787316010797252
7 0.3759346913059002 0.47449271422422845 0.005872316500813601 0.006968285728100154
0 0.3875750645355923 0.572607918545216 0.08806609162008161 0.10378815656147944
0 0.41764421827001436 0.5456281585653435 0.05410734156927044 0.07365909571857765
0 0.618835221237531 0.5086674965478469 0.05219333211886712 0.023522049006956924
0 0.309485127365887 0.6417107438830121 0.17503461168244538 0.19655141707807577
6 0.7277775175875671 0.5523558955724832 0.018140985093761164 0.10361370265815684
6 0.6404446499501208 0.5205991890714561 0.008438767113639334 0.05679280530212283
