7 0.6471325213851356 0.43331589401699716 0.024537885671643722 0.05802860632359863
7 0.5192844927939385 0.3821289318621566 0.010608577438689037 0.053170855404724215
7 0.6394959440385731 0.5427506509085818 0.002759804869214122 0.008249692026271349
7 0.9797981996817026 0.3295554908466638 0.04040360063659487 0.15361579993198454
7 0.6832990208638077 0.36527933164543386 0.015129363760255643 0.06120306501973849
7 0.7525876519125512 0.33033645257844174 0.02063527426698608 0.07812015392594951
0 0.7110958548805143 0.6255261518771107 0.1615153436940011 0.13115813471394366
0 0.16371023912657456 0.61679475575183 0.10025728700740125 0.13823202195889328
0 0.2776307618392183 0.5379355702387582 0.04233294833598161 0.0401983203678542
0 0.2144399682350988 0.5568734025022626 0.07776398979650764 0.05925101761858276
