7 0.420373209227626 0.47674389255405897 0.0035576288071110795 0.01642718277130706
7 0.41225507855969007 0.4595120695241166 0.0034322999793040543 0.015791786776785777
7 0.41675059989961266 0.4614780156799282 0.0032262751266961542 0.01494200860884981
7 0.4213822228601617 0.48996107360434127 0.00486464769818945 0.005924374613701933
7 0.42029567349572616 0.508109899730141 0.0005128455953172795 0.002340254514540785
7 0.5625170585316612 0.47714676695097746 0.003282917283769504 0.015789573298281567
7 0.5024022533628284 0.4648685033679354 0.0025325668198969975 0.013332837881316173
7 0.5261399091620215 0.46487127741106926 0.0026393332158984872 0.013328797440514906
5 0.5291708940657001 0.5085624803577633 0.00803460316345106 0.01259988346619767
5 0.5486116615850263 0.5082681309947417 0.009139167884346655 0.011705047435219162
0 0.6449811693711085 0.5152963367007398 0.03305663565238448 0.025477978242647525
2 0.5016541271150838 0.5281300229485157 0.033377838458653164 0.053073072731807724
1 0.5012507161891673 0.4985017567422509 0.038547270706090264 0.040681482500207644
5 0.4536705292288883 0.5147347177967375 0.006611192060195836 0.020270919849864732
0 0.5604341510076281 0.5095443423919526 0.02068155795680582 0.012759424359613747
6 0.4307368700862234 0.50897534614304 0.0025856019694238674 0.01858349990688052
