7 0.6263151944977683 0.49497896056924195 0.0028280532743002462 0.007067145674267417
7 0.6658181034556725 0.4935368452686386 0.0034214422483413998 0.008245049327002818
7 0.632996696788193 0.48738421861245385 0.0012384486682809337 0.006867679751790867
7 0.7075755633876495 0.485185709721215 0.00660823030707125 0.015207705727693865
7 0.6469280174881926 0.474231061748682 0.0023129842665626787 0.012542704778628344
7 0.6704268760253489 0.4738705850283421 0.0024761070596723833 0.01269187879603395
7 0.5310605262471406 0.4890972319356605 0.004920271393736408 0.01203592565916789
7 0.5243003560383945 0.4869806417527218 0.0056504054433706985 0.013813136320508568
7 0.5777853109387937 0.47559532009925154 0.0023250835733230613 0.011972350649896046
7 0.5566019521731111 0.4759169291955303 0.0023669569173320193 0.011839521426174004
7 0.582529854297978 0.49401593227903906 0.003193963747762707 0.007896145914546626
7 0.581988220494574 0.5004407351756851 0.0023313208704789368 0.002855867084372188
7 0.7075771020672814 0.4720426617590786 0.002854759647628602 0.013474737428313677
7 0.7111082574159269 0.4705185391989698 0.0030157609866139357 0.01413701786242455
1 0.622617255642079 0.505771336599381 0.03972950896714922 0.04314749879364588
0 0.6514421830524006 0.531408996280439 0.020200210177459765 0.030359581772774424
0 0.6168770175833055 0.5286863050585147 0.01780599592847021 0.02718806922037509
1 0.6718964796091897 0.5063095573524066 0.06985085076939146 0.05385785739163729
0 0.17688241192306828 0.7683105653184086 0.35376482384613656 0.46337886936318273
3 0.5269036170751298 0.5181021056244295 0.029615911733640754 0.022407153755146236
5 0.5732149821285413 0.5980611599063973 0.03396481945893681 0.11042951374208565
0 0.6404501500403944 0.5138454603607434 0.007529283497233585 0.009984276558544392
6 0.8790784561036238 0.5503468956784274 0.011712383437337714 0.06973614823033436
6 0.5763269219421063 0.5106421009214026 0.001196857182384381 0.009406780302614881
6 0.5766306886457694 0.5116231914341586 0.0016300522575851684 0.011934493081221964
