7 0.6067972278045652 0.488511877720775 0.003363503473928886 0.008331863082566004
7 0.5870743470718485 0.48209147850278977 0.0012720879575307542 0.0070205216065716836
7 0.653773328708161 0.4795261367368825 0.006664567264534904 0.01578819491313216
7 0.592356470566654 0.4677105098807616 0.002408266255541358 0.01320891290204762
7 0.6163713808083082 0.4674937495561182 0.0025591737295128647 0.013298889858078422
7 0.46305593159548397 0.48064361306396286 0.006115390984684055 0.014915806672189558
7 0.520248848964992 0.4687126475903138 0.0024351091161358696 0.012786880660934474
7 0.4977582457803077 0.46891338106155284 0.00251212662558159 0.012703677495446875
7 0.52299899363402 0.495405856936338 0.0023697311792586495 0.002940312967600056
7 0.6693605945515279 0.47565598963859207 0.008139542755860152 0.01901551900328846
7 0.6587827731038146 0.4640166785161418 0.003108150661439213 0.014799448250546798
0 0.6500051218004329 0.5184574929593257 0.036374704567155414 0.018987025251609557
0 0.5985829479494569 0.5245405475103155 0.019451543685981565 0.027998340308704628
0 0.5336538551708001 0.5071693988040966 0.013576950647638975 0.00797521883750485
0 0.9582488177286755 0.5378096776038752 0.08350236454264892 0.05470261843348001
0 0.5655341418342008 0.5249594700340969 0.01770121950142467 0.028475357731262196
5 0.5418980779330794 0.6525295723231553 0.04639296426233264 0.18872972505940888
6 0.5050486789910857 0.5093327571712161 0.0020072700483907413 0.015877443290127746
