7 0.6109623680199203 0.4682648092914319 0.006185098234644526 0.02839611882795573
7 0.5457540226163581 0.44671605498114364 0.0045697034282121685 0.0238194455368394
7 0.6095481472400213 0.4910263571735529 0.00837296995927439 0.010100409605647953
7 0.6067728483027243 0.5219648215320125 0.0012253301086799784 0.003999057639761716
7 0.45423197206443994 0.46788082453337015 0.006019901075781653 0.028197548935883
7 0.4385902524593216 0.43212254574033226 0.006498516291299106 0.03019333122180884
7 0.447520361510956 0.4385898325450996 0.005799325469772354 0.027238628874176496
7 0.3472487879842148 0.42755968262213806 0.018576204134164498 0.06561660099295502
7 0.4008760144248309 0.4185914606478584 0.0082315549439676 0.03641694857723399
7 0.3818055440299525 0.40677871260050735 0.009679999451473464 0.041896138662360805
7 0.34985417325821305 0.5474071910562512 0.0023961037088220394 0.008955573700424102
0 0.5495997825902507 0.8108378261676755 0.28499823575154676 0.37832434766464895
5 0.5739127903428605 0.5415971482167861 0.031226423474465914 0.03977112693562834
0 0.8269149978378723 0.5375560315010426 0.07985362792723849 0.04150268075837671
3 0.6781564557875279 0.5285037161607713 0.09183269587145748 0.05756648051935498
5 0.42917520456570596 0.5358367640576037 0.030724968936729158 0.036967383019935074
0 0.36452606134301446 0.5557462296843287 0.0921542451365886 0.05708739638642457
0 0.30390537658029904 0.7379931800704311 0.24844178097974495 0.31246848339799194
6 0.07582912257728508 0.5245542439036341 0.00720004440525672 0.034485108784715
6 0.2490045743473116 0.5736970140928714 0.016031906650916583 0.09325448521199486
6 0.2670104574120392 0.5759507168122457 0.015095715562419898 0.09670781618642521
6 0.058379854969132554 0.5292374916018132 0.007221267662469721 0.02382983283000073
6 0.6542364073935071 0.5478417762685976 0.009762167497593177 0.02890935187772914
6 0.6560689296347151 0.5323055605335709 0.006244655085315465 0.02639369459511276
