7 0.38107890377737835 0.4788958749747269 0.004467316570709312 0.01837825229107215
7 0.36615755288249296 0.45913722814793595 0.004162059704251986 0.017975992106833205
7 0.3737470662649075 0.46157327746278387 0.0038675818703470255 0.01688318874479583
7 0.3820151376793043 0.493679499204683 0.005551493319202183 0.006625037718844429
7 0.5406548340922884 0.479494944159756 0.003403408576400757 0.0175373013027898
7 0.47374927776112075 0.4657989573622301 0.002884425980890337 0.014835749843661372
7 0.500154106994099 0.46582644517638616 0.0028221421117172185 0.014824114845533642
7 0.5380710231538939 0.5129212102869689 0.0007292082701355618 0.0024829016559163586
0 0.49687948995816916 0.5595953132288931 0.0290688421242441 0.051482487118965525
0 0.4969576243350917 0.5468149513914409 0.030109924661476162 0.05046003628582951
0 0.41475406423564487 0.5359831970991729 0.02836233398504201 0.033995235310180116
5 0.4139429006629534 0.5703021418926837 0.027532705605726293 0.07336127907856516
0 0.4289100467828491 0.5529726816776868 0.04793525016317479 0.07118552829473723
0 0.5403289527696726 0.5134932449373921 0.021064966809718588 0.01198858922844781
0 0.3335904997882012 0.6408046913410768 0.15357383030400845 0.17998426403710566
6 0.6264153506206176 0.5366013950403514 0.0072704334767578205 0.05109346148941618
