7 0.4324968762008825 0.4729831058773362 0.004917500108258088 0.023754015378060656
7 0.422338576016032 0.44488083539193146 0.005181988744243526 0.024367984881290106
7 0.4283810942702926 0.44929246636128495 0.00472465557323154 0.022402440297230763
7 0.3667361634532561 0.4481785904497645 0.011563578613434655 0.04585949055505395
7 0.3953074108740566 0.43601340356631335 0.0062693701187840345 0.028334386442794346
7 0.3838581790723149 0.4288565305140083 0.007087846085322869 0.03155275225729531
7 0.5635212068549387 0.47383054161043664 0.0048382072411841115 0.023471907566638195
7 0.5095932743876865 0.4555989082340913 0.0037870815015328407 0.019833925471831826
7 0.5623773097304308 0.4926984877755836 0.006821289923240048 0.008377671464009251
7 0.5600831145075991 0.5183823409563272 0.0009909623904876819 0.003313007156282355
3 0.3947876095888575 0.5314816695045155 0.04459733589739273 0.045484731197967254
0 0.02229029314551379 0.5352699396886661 0.04458058629102758 0.03462421317728248
0 0.5000483956258326 0.5936397369530638 0.0642647440496924 0.10996347630556813
0 0.010120985060705193 0.5386730756629232 0.020241970121410387 0.03750327065431014
0 0.23624794440722682 0.5304368068556966 0.04777695860113412 0.029551240339576235
6 0.1787129741941807 0.5318265536646138 0.007382170211501171 0.041160640576948127
6 0.6084273763268484 0.5330655885179381 0.0056306058612128895 0.041885805680435984
6 0.08803180946015035 0.5354235700051835 0.008337527072904458 0.05011736061705796
6 0.6154595396792384 0.5344081252698772 0.0058193109652222574 0.04395505010286027
6 0.12395054662370245 0.5273463405690463 0.00769864910005115 0.017784286160864138
6 0.608747431040072 0.5438019202756526 0.00958777943898692 0.06199572284966359
6 0.6399371923833934 0.5662249211792965 0.01502962623372861 0.044291858092282754
6 0.6327502109534129 0.5358431187447507 0.006555605443017476 0.048066938835984896
