7 0.6227382117263016 0.473898097638299 0.009518796631214355 0.022552945814386716
7 0.5364884987240603 0.4561585879415394 0.0035548216502663266 0.019286389404114535
7 0.5706649253717695 0.45614904124220895 0.0038031516983439984 0.01929109551844621
7 0.3646776920521454 0.4791077230697629 0.007718502608933642 0.018066831399825622
7 0.35504290042971287 0.4618535422406579 0.0037961426879254967 0.016759912478001016
7 0.3450691433034919 0.4740371510483386 0.009703872791477719 0.02242582262239523
7 0.4314822997547544 0.4569401055406404 0.003741535948507846 0.018937987414652246
7 0.39795417112931863 0.456949284534103 0.003977474032075934 0.018933455832632895
7 0.6600673800684913 0.4654037858561062 0.012935294324322943 0.02988326191395657
7 0.6269522549772454 0.45311561741502654 0.004500138976813339 0.02064040835145542
7 0.636816375821097 0.44939712843536084 0.004937032144150977 0.022297547302776388
2 0.45189858013328227 0.5172798670716958 0.02056430253554098 0.027055999669992836
3 0.5223058838065469 0.5137592838756693 0.016243618159567208 0.027781814441200037
0 0.3987874034201508 0.5246805341244127 0.033537509124644926 0.02313855578392454
0 0.5003571233095622 0.558295118983021 0.04114174072241972 0.05710502193050282
0 0.6572649786708302 0.5920539810728302 0.13375031002807902 0.10993599734993798
0 0.4755426595243811 0.5189044477660644 0.014748083232883347 0.024493827951227454
4 0.6239068459624275 0.5280394021412993 0.020393741116106034 0.03269483523248151
