7 0.6063892459527771 0.47886479050941166 0.007519926906940921 0.018063796360844486
7 0.5370886695302273 0.46471694565234345 0.002803330813215932 0.015368144341576184
7 0.5644609071762021 0.4646952017614014 0.0029672118669573644 0.015385078073932856
7 0.6037139556905143 0.5135587036913054 0.0008055984562218566 0.0025804483302461767
7 0.3957040535962927 0.48234228644923866 0.006276285140610183 0.0149711980251368
7 0.38954091012856784 0.4685155142472778 0.002959132135399445 0.013654405404012249
7 0.3843843933709181 0.47897685554423125 0.007536609634016145 0.01785111175066889
7 0.45309771724071346 0.46526420901434873 0.0029158791231573278 0.015104144705429312
7 0.42633837642646566 0.4652849440979322 0.0030613718751104635 0.015087825826591017
7 0.628570328770204 0.47374137890449575 0.009508363271630738 0.022478764690113562
7 0.6082398074348605 0.4627560819809613 0.003403856225353219 0.01625327828216855
7 0.614256041461388 0.46047568291562657 0.003651901919785594 0.01726361629795764
2 0.4697524897139363 0.5133962924636355 0.015716652468083847 0.021328249489802054
3 0.528748333882916 0.5122737787604978 0.01750966816735655 0.02534358448797258
0 0.4923824504188251 0.5194972701008398 0.025050763039808688 0.01858569639537977
0 0.5078712675196704 0.5376196711267432 0.02625142058172303 0.035169052033685366
0 0.795000442227473 0.5594803000598969 0.10307356821162295 0.06494700427956501
0 0.48876301980666736 0.5145780440207569 0.011407308590769105 0.01914182802578801
0 0.13634516202369895 0.8119301688151221 0.2726903240473979 0.3761396623697557
4 0.5438332333887061 0.520815109811196 0.015220782593999616 0.024686485038700745
