7 0.6998325530997707 0.4571636807535106 0.016449750754909398 0.03701327337386384
7 0.559264476098813 0.427917741638832 0.006100755256600809 0.03194783760292247
7 0.615296476121995 0.427894083423189 0.006767490853902047 0.031958528957615306
7 0.6945190671149062 0.5278412306712068 0.0018197494611773557 0.005279246735668597
7 0.30306138733772275 0.4695316195425352 0.011715165504018965 0.026308379517567204
7 0.25798205582827427 0.4362897827597614 0.007329423900990728 0.028167727557910804
7 0.2799249281363243 0.4420613325414763 0.0064606582193320605 0.025574355724599374
7 0.24726724813094153 0.45753365670255686 0.016920018316677887 0.03669239335890351
7 0.3883719818013031 0.4299906104354471 0.006556007847020373 0.031009909301874417
7 0.3340321937460873 0.43001289642396107 0.007176434937945675 0.03099985315042908
7 0.8273452507207886 0.42865363265435735 0.029777690727927797 0.06194738419992951
7 0.7170866632464206 0.41936092098973055 0.008913992888926359 0.03583389581033514
7 0.7479567070794482 0.40776076823592255 0.010657800270796214 0.04113836142629934
7 0.8203843138544291 0.5451365185889199 0.0030259157054018937 0.008719393950578302
2 0.26683189146864905 0.5893189114020518 0.16494097250546252 0.15039602114791406
0 0.49986923091402685 0.8030205150245195 0.33679913985903875 0.3939589699509609
0 0.8278098213933128 0.7875935058242036 0.34438035721337434 0.4073944400478954
3 0.7043351733883847 0.5288332836166868 0.09637434772564868 0.05877220913822284
0 0.04709551618473169 0.5494395533262925 0.09419103236946338 0.046784547314680625
0 0.01890192041677761 0.5385934999010842 0.03780384083355522 0.03666677944591468
3 0.5232157855610532 0.5141937294330018 0.01643439944066305 0.028687863375153944
0 0.38212154083060046 0.5912097627101512 0.09042598761915882 0.12911676714093745
6 0.4128957670400083 0.5133810332559554 0.002362795972267795 0.01868723153571572
