7 0.3897924908212824 0.47476247662554594 0.005304483599524179 0.022332930328225753
7 0.3722894848714473 0.44899317087969054 0.005186586607050847 0.022617771410353926
7 0.3814150817280001 0.45281504127647265 0.004736172221373958 0.020914507415611683
7 0.39096470539692374 0.4926637309784059 0.006699174291217358 0.008036104838357039
7 0.3894788970217083 0.517273173441776 0.0007466148912164128 0.0031822983858391662
7 0.5810127841680046 0.47569087298588714 0.004692299654108556 0.02114798353264291
7 0.5008260460917975 0.45921964142553695 0.003382827394052268 0.017881858567971753
7 0.5325494884479074 0.45924333055750177 0.0035739822081579664 0.017871397845353132
0 0.4982442016411851 0.6631828798996334 0.1184967103977766 0.18896237296764307
0 0.44826283966561825 0.5228105595863133 0.018525687180022565 0.022120498145085876
0 0.5397541553977894 0.5198399581505819 0.023261708420456273 0.02098750636817248
0 0.0777652569349433 0.7891070916269953 0.1555305138698866 0.42178581674600923
1 0.7435507166941593 0.542230943419663 0.4034471038965216 0.6326511215261551
0 0.4701311268276742 0.522840210646409 0.019381014347764125 0.02891349110873065
0 0.8670318033105682 0.8136598478417849 0.26593639337886377 0.37268030431643007
