7 0.6939097750939613 0.45893225534901927 0.015886312928227397 0.035875210042114414
7 0.5575775279984418 0.43060222563711703 0.00589364051774055 0.030939952670094528
7 0.6118928278024114 0.43057767908591144 0.006521046445005285 0.03095086938596847
7 0.688756245209269 0.5274655871926066 0.0017544702565160941 0.0051181265280068056
7 0.3075190552991144 0.4706235314786855 0.011423439095258503 0.025723789646068806
7 0.2647367566965 0.4384882020719225 0.007063301613976336 0.027377056307047343
7 0.28554950976810217 0.4439478957321682 0.006249923557416381 0.024920829081215123
7 0.2550466236674411 0.45929148196624736 0.016323965730829282 0.03556555881725387
7 0.3918417554379554 0.432553725370063 0.006323640632579897 0.030056811749786527
7 0.3391297538294241 0.4325768973573271 0.00690774919654169 0.03004652592008933
7 0.8113467514879489 0.43276014752827857 0.02802141104955569 0.058824799951403994
7 0.7098149989085201 0.4226044700962481 0.00851858592912802 0.03457362763778027
7 0.7384689799970785 0.4118617170824225 0.010108565879174414 0.03948636199979333
7 0.8050173424820627 0.5435250865821738 0.002810447527712645 0.008289067130739625
0 0.04881117347594391 0.5521463268561633 0.09762234695188782 0.055959673645408325
0 0.09129552341601416 0.536820128918746 0.08630030341287094 0.03879595229765964
0 0.4995471394643139 0.7666450928041069 0.22564242340795648 0.3613814419229372
0 0.46557193652545525 0.5296049244163933 0.02050095335689378 0.028059055001911304
0 0.12459102933454173 0.5352902302485754 0.0729989150394563 0.03240339721178931
0 0.8395055403137097 0.7982850833183169 0.32098891937258045 0.40342983336336613
6 0.5594431696177695 0.5257281657025046 0.004260622474608677 0.03211134355794687
6 0.1598786653946021 0.5593275073275069 0.015919842674016305 0.08410223813215545
6 0.5169830718367094 0.5255368648456593 0.003959693815938192 0.03204592092743275
