7 0.4578115828604509 0.4398644065165996 0.005173675061696303 0.025921926954627472
7 0.4610796666554522 0.4448509498930977 0.004713445235757507 0.023709160771065663
7 0.41934499951413673 0.44110182567877815 0.010682806958809021 0.050683054107143355
7 0.4351635831399083 0.42968568033851207 0.006294968873487572 0.03046057522847684
7 0.42776864527351577 0.42132291697564195 0.007136519605180414 0.03421168692139187
0 0.6370743924376898 0.6090151939275248 0.12342292513405528 0.15226026088590638
0 0.04466279755672213 0.5420767742021444 0.05008206825645952 0.03645491620518582
0 0.4979892924016085 0.6596629293453475 0.12295628735268599 0.19309838236674415
4 0.6082114155829905 0.5322141828223762 0.020007230609743187 0.03433723156058721
3 0.5391407340931185 0.5260385637040608 0.05036869121712828 0.0408988922175656
6 0.20400208356984997 0.5322033680751623 0.007917800144948084 0.04347725243498557
6 0.23809920887779812 0.5563169607434673 0.011670544388656529 0.07480673685606976
6 0.6770048370302135 0.54651573575683 0.011507170697672264 0.06855998980419464
6 0.6383359878069317 0.5520081875414302 0.010411729921571578 0.06899385148389059
6 0.20586420056082422 0.5310128797819968 0.007348100693978704 0.041491496175266596
