7 0.4578115828604509 0.4398644065165996 0.005173675061696303 0.025921926954627472
7 0.4610796666554522 0.4448509498930977 0.004713445235757507 0.023709160771065663
7 0.41934499951413673 0.44110182567877815 0.010682806958809021 0.050683054107143355
7 0.4351635831399083 0.42968568033851207 0.006294968873487572 0.03046057522847684
7 0.42776864527351577 0.42132291697564195 0.007136519605180414 0.03421168692139187
3 0.6035891901516145 0.527830307149191 0.08891167003440748 0.06600810798154022
0 0.4979892924016085 0.6596629293453475 0.12295628735268599 0.19309838236674415
6 0.012430038038049158 0.5490932253412553 0.015474546159960882 0.07230279746103141
6 0.5269216914831293 0.5536542332316452 0.009476079897426049 0.07381896885628914
6 0.6799684704172437 0.5335890569374497 0.007733019098990379 0.04650505725323728
6 0.07781186614168159 0.5496176376210351 0.015171090827275635 0.07302527443191675
6 0.05480407939329136 0.550876313789346 0.015909835735390544 0.07482735716370892
6 0.5290242520460159 0.550930764501914 0.009145843218207217 0.07110907813929312
6 0.5240809674197628 0.5659842624941662 0.011148790471778303 0.041774630203070706
