7 0.49672297633599294 0.4901093385935209 0.003441352058992486 0.00890596878936456
7 0.4979082932246327 0.481914874229055 0.001406593431296732 0.008090309709218091
7 0.4979753996489559 0.48243137123446184 0.0013668352425765806 0.007861243973251497
7 0.5470822639948554 0.48812942469969234 0.004258417367326128 0.010646046214618732
7 0.5061012499778101 0.47978124680180145 0.0015816972499744786 0.00903744555659769
7 0.5222516178610217 0.4797808130184475 0.001636888632953748 0.009037616525586323
7 0.6455227425170031 0.46954555228741246 0.011609948225706268 0.02706592141514569
7 0.5422287819267029 0.44819873061268334 0.004330204575326957 0.02322550161324416
7 0.5832490743955125 0.44819608604530126 0.004686050581162893 0.023226647010387125
7 0.6415888368346648 0.5214077517526783 0.0012641384431613112 0.0038658138096995254
7 0.3421295063642316 0.4765207895032384 0.009061782768144622 0.020885433811331178
7 0.3156995122194637 0.4527037472530629 0.005084230100073417 0.021182747435518956
7 0.32856969071398345 0.4560229533499084 0.0046350817131036726 0.01968153200694095
7 0.31257068875820243 0.4696931646236643 0.011914120353945568 0.026935776329235328
7 0.4163770870894266 0.449270421189906 0.004596882632065369 0.022739068949102215
7 0.3762096329751098 0.4492729479801508 0.004937351057127726 0.02273797672349137
7 0.4403136101887043 0.4881467942150188 0.004296707291899404 0.010631068072956995
7 0.44336925753598344 0.4814195135422221 0.0016156530984980932 0.008310154028880412
7 0.44162574308714975 0.4808418200350527 0.0016707767187232325 0.008566552945261374
7 0.43961825593051795 0.49680602467095825 0.0031295962663178134 0.003841202018397716
7 0.7032984800504901 0.45686622608309435 0.017089708072555387 0.03835770646421133
7 0.6528850817072418 0.4438550411871305 0.0057302308163031945 0.02520130143371474
7 0.6677693951603981 0.43834589509206046 0.0064425394683855775 0.027715941429359847
0 0.7192324423755556 0.5295265784083489 0.04687771576213262 0.023927209458673104
0 0.559884818422258 0.5105058397357948 0.015465952058179133 0.012811599772592164
0 0.41715307293536924 0.511696259851848 0.019687145927418048 0.010178823245603708
0 0.5609661927711445 0.5109902906239572 0.020165126830119173 0.010917863129001448
3 0.4987468279721438 0.6078767805277622 0.07728994119559618 0.16432057067147765
3 0.4993530280104515 0.5452478979071955 0.04308311746055071 0.09839857080512793
0 0.5166548085921913 0.5143869611539078 0.00891963274290175 0.013546582082056724
6 0.42398872448169167 0.5197980299523974 0.0035400898533281544 0.026041907416485932
6 0.40247409951335167 0.5187054403378051 0.0029562964819633275 0.0253778149714875
6 0.5537952286617052 0.5088338959007226 0.0018712189318209616 0.011772353265044
