7 0.6595935073219854 0.46483842445144574 0.01356693914944096 0.03131806815340149
7 0.5405269329357942 0.43986669917436694 0.005088949397853426 0.0270585327223703
7 0.5880135944660456 0.4399606450245718 0.005550856171385843 0.027015761633526703
7 0.6550880653811892 0.5247618201011999 0.0014882760451062627 0.00447320457901601
7 0.31350730837392016 0.4734189571035079 0.01042147221158135 0.023572299398843477
7 0.27855207462180004 0.44532916785372256 0.006165647673684105 0.024541494095032867
7 0.29554792643423744 0.4496731992274816 0.005529385924338603 0.02254927978783494
7 0.272285932869673 0.4645651669350103 0.014338885437187865 0.03155621089896543
7 0.3942091392421768 0.44100347866718415 0.005496998861422853 0.026532867920165792
7 0.3472593250030873 0.4409127510532058 0.0059761987131963235 0.026574130864160384
7 0.7423047393978006 0.4470225302201898 0.02164454309835373 0.04749622857111013
7 0.6706876424504906 0.4342640495236444 0.006974395714248627 0.029648561310437305
7 0.6914769449351144 0.42663429358453053 0.008036542657022694 0.033190139364223825
7 0.73798861517238 0.5368722986873443 0.002062576747121736 0.00672109593352066
0 0.5455646276304582 0.5379993604742384 0.08148400831879321 0.056768143240748636
0 0.4899475006146076 0.5323668596541717 0.037250266143759814 0.03492778877435265
0 0.4163239301552298 0.527293501127676 0.03767720704228206 0.0294094484679287
5 0.7190297600857303 0.5311052043210367 0.023000144216024587 0.03014951782931763
3 0.13609846007217236 0.5229855904673327 0.07851269059700833 0.04953013047033927
3 0.07832350230713273 0.5249115490506694 0.08772014611416858 0.05357247526609843
5 0.6389855831542193 0.6363708602620932 0.06336107223891374 0.13938090633658473
0 0.4886428172191744 0.685039144485942 0.12162861343788911 0.22005813135638175
6 0.38012538739563073 0.5189339981620219 0.0035874816098626083 0.025892410673681088
6 0.37461945575877065 0.5212043293110822 0.004264487277931384 0.028988066175298033
6 0.7373356126698786 0.5491717414987805 0.011199533527205485 0.06700379031099157
