7 0.6064022300647389 0.4800482778676922 0.007887703626297426 0.01891174918543742
7 0.5339050771801434 0.46524412218952493 0.002945336124775544 0.016115953713080056
7 0.5625701537161736 0.46521753386836684 0.0031227933228824556 0.016125818407743686
7 0.3863267249576624 0.48376714268036786 0.006576844132572812 0.015608141031981826
7 0.3727886201919912 0.4676086563874944 0.0033325170261544468 0.015056634830678817
7 0.3795204761979946 0.46931856241224146 0.003127287993437866 0.014282266494293816
7 0.37352132523809084 0.4802562336619034 0.007971032640397002 0.018760521895005544
7 0.4458069164704266 0.4658407015379058 0.003074614274588494 0.01585214875533353
7 0.4176904676938349 0.46586646987237335 0.0032389145436663713 0.015842618588747526
7 0.6311188897262987 0.47460054579859834 0.010104904917923707 0.023808131290978973
7 0.60864579303176 0.46313334470693557 0.0036013886962924513 0.01706837910467357
7 0.6153146594685484 0.46067391543462705 0.0038796851749219874 0.018186080779160174
0 0.48561144087241404 0.5147193116908467 0.011952039742122389 0.01936143073667096
4 0.35280776795936586 0.5261963797870406 0.014869721339179798 0.024555897925724435
2 0.5111736626426757 0.512686156431641 0.06888650559736298 0.05346070128987995
0 0.5034405971714425 0.545340466596389 0.026631520777710527 0.0409388401110653
3 0.4677877245344448 0.5122783007210704 0.012224711478463934 0.02393063011207852
5 0.5950831986442321 0.5843532384630826 0.03298594670477306 0.07980539588429325
0 0.4494138455076923 0.5244801622519977 0.017592916255617097 0.02358022733134868
