7 0.4800640568458411 0.4738504890018523 0.002164162327663366 0.011148042397213787
7 0.47215946415113985 0.48113877697361374 0.0028090269854876837 0.015914657582863534
0 0.5460589887580702 0.5353918643817739 0.03615878971177533 0.05451636461780385
0 0.497708599592657 0.5247573304090292 0.018252954366271723 0.02725906591978855
0 0.45669406666994156 0.5161135569529673 0.024287149393745877 0.014989153278218481
0 0.42369714838904593 0.5147446331995782 0.029730098823515516 0.01599330473502547
5 0.9001631589698209 0.8348530281784281 0.19967368206035818 0.3302939436431439
0 0.4126753652487437 0.5208497742673255 0.021033850963631917 0.023148610983039775
0 0.5246848866760039 0.5229857790704637 0.01578090798364984 0.021314615272835513
6 0.5306154253952582 0.5161866305313512 0.003006864893627448 0.02125225367842909
6 0.4383702450564105 0.5163332660788984 0.002755877657122041 0.021415734399498842
6 0.43246448855402475 0.5167727130385473 0.003472813128236829 0.02188828861223102
6 0.6442536283295779 0.5340048504508039 0.005480884522128027 0.04309259397042853
6 0.36646476914000026 0.5160212361189389 0.003777874769434697 0.023142368395541846
