7 0.43135849437801965 0.48486062541274577 0.002974801859354337 0.014241085646948759
7 0.4256972458699543 0.47061959522236296 0.0028639253830404776 0.013445548466845814
7 0.42897861828311756 0.47199775547221606 0.0027183191679678864 0.01282454131697619
7 0.43227207592544387 0.49635680677817623 0.00420173634146781 0.005143045555736081
7 0.5552503694230839 0.4851103052099422 0.002785739477296101 0.013763249402610978
7 0.5026969374922772 0.47438942992084654 0.0022099086817156666 0.011622621868358218
7 0.5234322941718712 0.4743946123789113 0.0022923651720789806 0.011620139038802324
7 0.5532223880068325 0.5114263164738744 0.000581830722160892 0.0019535046921626
0 0.4315364886830514 0.5314770498154047 0.02339491546348177 0.02908191608756272
0 0.501839914588774 0.531695330833222 0.0208902229243757 0.03316173717038873
0 0.5003687335498843 0.6350373657993215 0.08805844434716104 0.14796812917228563
0 0.6088214001809074 0.5223686003044369 0.03215584083063028 0.018894895702662673
0 0.502038899129349 0.5389946778770467 0.023002299706207707 0.035010416686543366
0 0.46108117264120874 0.537019479906317 0.024695811416208524 0.033708210729540666
