7 0.42339121828881293 0.4706397563895783 0.005781190071699971 0.027074619254852772
7 0.40911543655553395 0.4368253913186706 0.006206232356749608 0.02864592852531045
7 0.41732697069730945 0.4427685523835069 0.005563962457466709 0.02596777845798698
7 0.32742648681518904 0.4343731586117686 0.016736823766838882 0.06006863305581572
7 0.37397796916899906 0.4243788083851591 0.00780934835258168 0.03428728880979304
7 0.3569243186202109 0.4138055776038122 0.009104423018006014 0.03911417888718971
7 0.3295270132220872 0.5446460209208457 0.0021859218824559767 0.008225703913214977
7 0.5110403432568884 0.45089769663569357 0.004312739569882651 0.022579822531095195
7 0.5683633207038794 0.5222162519931361 0.0011364009872816272 0.00376548346599459
3 0.6189353947670024 0.53199941497915 0.05783106989561637 0.043781266563842625
2 0.5001123163975167 0.7012125263700241 0.20898404989403868 0.3524171146538986
2 0.28269213318510455 0.5455560636560507 0.11821514566733116 0.07095132998537346
0 0.38025883435969293 0.5367940988231988 0.059194319514610516 0.03384577763124064
0 0.13957651984791117 0.5416988167395247 0.07237000763555713 0.03385011427278195
6 0.31219820731633685 0.5633803088137199 0.01325127227220707 0.08677253125997819
6 0.8532846390638071 0.6034138884079168 0.02728602679041925 0.1451098133980978
