7 0.5879863331930053 0.4626505813004944 0.007294828115578356 0.032735632486545485
7 0.513389733516693 0.43729763872319766 0.005289018139490231 0.027688836985034104
7 0.5863612563701899 0.48881616539308725 0.009553870546206156 0.011602403433689956
7 0.5832385803321647 0.5243626521374651 0.001408743594752182 0.004596297179083053
7 0.4062488155642706 0.4613401862801928 0.007489891732036014 0.033284211586391665
7 0.3820543589431843 0.4150408042906777 0.008384045068394463 0.03739965505422943
7 0.3955429700215798 0.42485284938493384 0.007262538951912978 0.032962496237348426
7 0.40593441456892776 0.5242404770803115 0.0010693921790128624 0.004732579166969564
7 0.21526305111091804 0.38673301123457804 0.03570458899622178 0.10229186381507999
7 0.3266208423763084 0.3926533748370076 0.011485816081459821 0.047626022437494364
7 0.2925344123273305 0.37139124724664463 0.014416842684613962 0.05746986793542769
7 0.22218223996035202 0.5684063009961318 0.004342711937268873 0.013584818759119432
0 0.3151756865023235 0.5497321308622354 0.08871710125956717 0.0458390203778114
0 0.7520894124981161 0.5469059385086785 0.09570698193842675 0.05334127453002491
0 0.2768105973423974 0.5444421128774308 0.08148085460757523 0.04066295605158865
5 0.5525373559620171 0.5479155646569158 0.03540155421300906 0.046453368147442275
6 0.04881204275328291 0.5433848669947935 0.011951223286312734 0.05626015667846729
6 0.2546183107457122 0.610362763313854 0.025613615915892424 0.15770670708609347
6 0.550149323218875 0.611899929394701 0.01931760730523102 0.14670005730411362
