7 0.43508082099237133 0.4731127779889687 0.004580104155083031 0.02238289580446695
7 0.4263789029695856 0.44725555379956494 0.00479380428241738 0.02267823375663297
7 0.4316514595037342 0.45109895046333126 0.004399532470366452 0.020966157683881326
7 0.3790745284450211 0.45219927939167903 0.009981104231352178 0.041012081151470314
7 0.40222220644375795 0.4396613675740716 0.005714887201074492 0.02607722209689467
7 0.39257954977183607 0.4336451842767221 0.006389431386656652 0.028779108038172296
7 0.5586918604521798 0.4738136796298934 0.004504864940347186 0.022120607376537316
7 0.5078082004937576 0.456654979942387 0.0035709657482616564 0.018693953561780885
7 0.5576193910962919 0.49161027686561726 0.006422769010493878 0.00790470251943065
0 0.6103778877672217 0.532142284848748 0.05114206355938944 0.030598233182514978
5 0.19632891832995025 0.5569388889788345 0.03808424274741823 0.06058640085350919
5 0.6831847299222598 0.5350740793698152 0.030355892404745344 0.03376653573287702
3 0.6204302302555345 0.5186755596384427 0.06166300801579583 0.04502107946582773
3 0.7203051835641769 0.5266922654657687 0.06013866984999283 0.04199811590128788
0 0.052804960495160036 0.532436038510955 0.07476330592406932 0.03103545151432019
0 0.39263993697629274 0.5928011231692571 0.08320471771273347 0.09376614342577516
0 0.6073113115591554 0.528383145754893 0.054884673294769204 0.03224423215547523
0 0.4986837031603516 0.5860173906077648 0.058136175212547714 0.09336263323799854
2 0.47714463886582653 0.526318119275409 0.07178214439622732 0.04327027551194973
3 0.5825706214569786 0.5291358204318986 0.05822092308045146 0.045376091774395944
6 0.5202234767916674 0.5425822427046723 0.007317350540690271 0.05614792862845219
6 0.34348061036733424 0.5189012279919922 0.004200179068866994 0.028232035376746123
