7 0.3697459756474736 0.4622783704959017 0.0068113151763142255 0.026855448071513466
7 0.34242573469421744 0.4287802138244565 0.006806430892143722 0.028364627780844753
7 0.35644650807920875 0.4346489140609 0.006061653688500757 0.025736623889865418
7 0.3710112179545658 0.48372334361488817 0.00812606361277618 0.009641051676150036
7 0.5978248772660615 0.46367400476788134 0.00588076359135925 0.02519246302122874
7 0.5026772454488085 0.44408726267005916 0.00402199950838944 0.021308503562970427
7 0.5403644556470034 0.44411047084606525 0.0042995556505591725 0.02129823922724522
7 0.5941349499059037 0.5113726377184313 0.001107055146429281 0.0035452627478309573
0 0.5364778777318455 0.5150920775708414 0.02047044594733427 0.03344928338056208
0 0.7001790790643456 0.653027561407 0.19202688622996733 0.2419356721915895
0 0.1083742507508528 0.7174342929721542 0.2167485015017056 0.2656426868281576
0 0.4999604391127761 0.5260679013200469 0.01613673837123969 0.027791688188474217
0 0.5002081062153247 0.706698655318838 0.15052859786798628 0.249663343951382
