7 0.46027195560124234 0.4875050735587866 0.0021307202282647153 0.010827045013176162
7 0.45752374236130855 0.47724819388616624 0.0020519703616341256 0.009935598448182426
7 0.4593324334009384 0.4780315453852369 0.0019757916443522427 0.009592450838489919
7 0.4610180977786159 0.49626043925484203 0.0031647249891862406 0.003916767830833168
7 0.5552602515815135 0.4874991485467326 0.0020517705280048704 0.010600553004409596
7 0.5146751779564283 0.4793056923182688 0.0016999810355122769 0.008927927823743909
7 0.5306505542994249 0.47928275232515083 0.0017515605718733118 0.008933872868180481
7 0.5536906884665911 0.5078042988472987 0.00044368099914027237 0.0015059856406780536
0 0.6417252687143449 0.5113965338530715 0.028322345830408935 0.016934503453709282
0 0.19260911406376685 0.6406738535985781 0.2180612973312832 0.18053893207807337
0 0.5415414131670127 0.5211270424413839 0.017324507440534598 0.027984959083248717
0 0.5652929963301372 0.5146450081963425 0.025214631817794486 0.015325182903066392
0 0.4846619393974932 0.513022440307845 0.009362037201119056 0.010036482377815625
0 0.5136021549751353 0.5235429597604336 0.01147885650655045 0.019604076596554387
0 0.6388127264007906 0.5147066342524813 0.024818928417472463 0.01359731742483461
0 0.5133740702215934 0.5299034006602912 0.01861349207258567 0.024353422751446474
6 0.34175591865454885 0.5304985013090162 0.00639126544953994 0.04314880379677122
