7 0.38265913854660427 0.47347403747954764 0.005873168081901803 0.024111131523238627
7 0.36159748174892337 0.44479469769199986 0.0057838163187871605 0.024815395905375015
7 0.3724931782350937 0.4493516697882748 0.005231800373258211 0.022779981459728538
7 0.383862275644227 0.49277439247336213 0.007254859388820534 0.008669546755442514
7 0.5885323180631209 0.47454138325286893 0.005153661886741823 0.022760714305719465
7 0.5023489379290975 0.45684559681831105 0.003637965742698923 0.019239706293119885
7 0.5364527712974458 0.45686208143892537 0.00386081730323129 0.01923116526185764
0 0.5379985039451718 0.523343918058202 0.03247031875321571 0.03371538743429281
0 0.6234781445481502 0.5980467175536293 0.10164262449856776 0.1386766338203116
0 0.31814319100872634 0.5845423861634561 0.09090027772125214 0.0780341885189364
0 0.49985443748826497 0.53482575352779 0.01646561031332644 0.028393884376970546
0 0.5000502292882929 0.6240530632850154 0.0820086903339049 0.12480158873072977
6 0.9967374852890647 0.5428910311674455 0.0065250294218707205 0.059312351205747293
