7 0.5998909585397402 0.471357096162635 0.010273204079529696 0.024779951628576657
7 0.5049793364466254 0.451914685368057 0.0036632269416938534 0.021220666847264036
7 0.5425229974948842 0.4518810741912762 0.00396132491900314 0.02122514330088321
7 0.326625228180375 0.4774349120441558 0.00855699182673636 0.0194771600512334
7 0.2993633519729903 0.45585090978307163 0.004813640994547952 0.019484739879162216
7 0.3124048909243218 0.45864958114826787 0.004413938717336752 0.018207382249217585
7 0.29521935088905815 0.47170951777026227 0.01104949190221266 0.024638235445808065
7 0.39038125887186176 0.45290133059796106 0.004426342087929691 0.020803347756143342
7 0.3535989758780668 0.45293407765668314 0.004711303861643978 0.0207990519272378
7 0.6340451369199105 0.46120297255191905 0.014384385364168528 0.03391958138785345
7 0.6115849315632893 0.4437723449748883 0.00527694891574626 0.02491931645433254
5 0.4340766876522954 0.5179162975792531 0.006926069400057244 0.01813238594806965
0 0.4998148897227642 0.5789899368153005 0.04954015462603739 0.08024523250808846
0 0.40781194923683295 0.5832269706408817 0.07513439109663889 0.08480619410168655
0 0.45676508049883013 0.5176707273437668 0.015032463818880182 0.017923616075767312
0 0.1802175940798597 0.5958803540561819 0.14428458289598586 0.10579007155585707
