7 0.586455368785147 0.47710976157128215 0.008767367918170343 0.021338153848450114
7 0.5046004060068362 0.460334589886667 0.003147823579175535 0.018232592951181237
7 0.5369440284375473 0.4603256006545716 0.0033706483831750234 0.018236470402002658
7 0.34632223174375354 0.4816310057229923 0.007489283983836692 0.017280986245466923
7 0.32555561268803157 0.4631964944260899 0.004024801596746563 0.01693303623659853
7 0.33554147269487106 0.46534137943953563 0.0037367726630690434 0.015959830793200847
7 0.323619659000164 0.4772367536676815 0.009339330627045783 0.02122741421124913
7 0.40563550463883424 0.4610191012155279 0.003718875757666329 0.01792189353571577
7 0.3738684112435764 0.4610277871855115 0.00393130078041698 0.017918152137595456
7 0.610392351064865 0.46994944798699634 0.011604569008531018 0.027787162947626454
7 0.5878507567475411 0.45768805347109454 0.003961369676273474 0.01943721034570489
5 0.44047539176906875 0.517990429274242 0.006155879775489481 0.016416720840954246
4 0.39278097809179524 0.5466399280310992 0.01822926691055954 0.045920696670724515
0 0.5001724140681372 0.5572532474567543 0.03428754347904267 0.053716700643271276
0 0.43594064141325245 0.5594969663987686 0.048200891111619626 0.0555155127722432
0 0.4610018801428174 0.5177999577704875 0.013448472957654112 0.0161988545097268
0 0.3303528473162471 0.5512494202585886 0.0561913709158014 0.05048663351098037
