7 0.6529085642493617 0.45984115132741005 0.01630354192043526 0.037921142641037964
7 0.5082985267359283 0.42989252012507534 0.00562810958067661 0.03273404332977947
7 0.5657111834292867 0.4298611526391528 0.006333344642283634 0.03274862465262768
7 0.6474264676694772 0.5322878550951694 0.0017767964060290131 0.005417153491957594
7 0.2630860745694931 0.47218564852746037 0.012265500431206444 0.026747564027364945
7 0.20664508038512353 0.4384589385964061 0.008053725665851802 0.028761685469080867
7 0.23376966924596046 0.4443073208187378 0.0070500820520873475 0.026063017892598184
7 0.1898410644281156 0.4602458726699449 0.0180245598214758 0.037553824970904204
7 0.3348435966205694 0.4320309098727012 0.0073550023120259045 0.03174027621525771
7 0.2792505748610972 0.4320603974616834 0.00800720270538513 0.031726589181866105
7 0.7532692668089351 0.4307400189501736 0.029555369342162296 0.06453303720538961
7 0.6643185489643358 0.42109820235454376 0.008454262342674435 0.036836223913376764
7 0.6883232810323077 0.40911566742553623 0.010081492243703694 0.04246489029026457
5 0.07454761524708435 0.5385854438696092 0.03115622664723184 0.035213156464493856
0 0.5005190122043851 0.5912841542970407 0.05560004497558518 0.09067411831345606
0 0.7506275068861481 0.5361092983320315 0.06862960751464009 0.04222462864453769
0 0.7766399460371707 0.5421303902294279 0.08502225519624462 0.04132600114099749
0 0.021776257381457075 0.5395165713998311 0.04355251476291415 0.03489010393496006
0 0.3743651928820891 0.6146006490901996 0.10245011321720343 0.12062322128777525
0 0.4286496981208132 0.5227720783057106 0.01914386102110066 0.020149571147948464
6 0.4414405655959629 0.5286965220498772 0.004217640531507694 0.0325894258952204
6 0.24696818570150286 0.5314083488411825 0.005740709779038983 0.023169914470827058
