7 0.7000857302127881 0.48815735797479487 0.0020668171737080465 0.01019454770573236
7 0.6750397563795817 0.4804998550856455 0.0017477172717537126 0.00848898294820516
7 0.6995625856977252 0.4964159720907866 0.003174145274551732 0.0036769539633345616
7 0.6406397566861968 0.4882756080416646 0.0017414245027730368 0.009900205783432703
7 0.6411229760563256 0.4791071479307012 0.00180451447272989 0.009001511025706954
7 0.6415608545337904 0.4797247404212703 0.0017499867985728557 0.008731270812494807
7 0.6352001486123955 0.4855678561685477 0.0021900414846546257 0.012237967980291697
0 0.5748736192173021 0.5110269180294613 0.02024032493726191 0.013335553626636298
5 0.7049554699302527 0.5236380992675012 0.0176861508820243 0.02313468343816749
5 0.6115233183838603 0.5123050465186709 0.008439396651480413 0.01248724864744688
0 0.6553589374817059 0.5173445221332615 0.011893439692052254 0.016932732164965603
0 0.7422061075500381 0.5137561049049266 0.022439088442258615 0.01165043137283217
0 0.5485293457698301 0.5333508254289034 0.03537431828345372 0.04497605988151954
0 0.6554949317255641 0.5161569768027144 0.01108010918091562 0.015742473725048
0 0.7417542199444691 0.5759016895862754 0.06520776116322535 0.08046412380827517
6 0.7117371475292139 0.5115055516606003 0.002167324153136585 0.014925567287980002
6 0.7621794006978444 0.5244603692248329 0.004614128860734756 0.03156622558643596
6 0.3919224380155284 0.5247203902514157 0.00558585197377659 0.03553646030366553
6 0.7539802608454507 0.5234415241971223 0.004400624548481669 0.018967520931170823
6 0.6689007801644538 0.5123613587113058 0.0020959852594918393 0.016757298315661084
6 0.7187387923557592 0.5138153210645494 0.002821077611739664 0.01992299703564715
