7 0.3931734953553615 0.475081290411132 0.004995991554927082 0.021343780365729037
7 0.37750926050228806 0.45084502463322984 0.004868963086917033 0.021424247231666638
7 0.38572475710943827 0.4543025531772648 0.004468919117771253 0.01988991430215714
7 0.3943262815083629 0.49220007198532423 0.006391903714559943 0.007682887637984859
7 0.5761539714056257 0.4759452628533102 0.004438621647032015 0.02023805273367507
7 0.49936608825090034 0.460163631363859 0.0032396296536444935 0.01711778508113959
7 0.5297443277943232 0.46019241342354267 0.003413530091133321 0.017105195263978523
0 0.4972702729734835 0.6001958088839912 0.08344065483525442 0.1367016797947821
0 0.45377259811507387 0.531900599060781 0.026539305007761194 0.036157905724471084
0 0.5817530578513084 0.574226016691856 0.06282497630116513 0.07178060715522061
4 0.5459187240773189 0.5236601070615288 0.010938078246417127 0.02455653552794612
0 0.33577681600446857 0.5640699094189918 0.08020544016798314 0.0839053410076207
2 0.4972607033844586 0.5639405584900883 0.06574593555066383 0.10655376793714177
6 0.4145753713795617 0.5156937987826336 0.003177741444382154 0.022608580396024647
6 0.4267272648398143 0.5139192549860687 0.0029443780949135467 0.02007512601188688
