7 0.5935005360296826 0.47240927366849106 0.005248189185545815 0.022916708159532506
7 0.5410501229946272 0.4546154425149415 0.00390689670025457 0.019364359081401328
7 0.5923518512948464 0.49083648476198743 0.006768179774235605 0.008181056022160904
7 0.5901571158624528 0.5159201702869975 0.0010023112742958418 0.003234796366893833
7 0.4658945791365212 0.471611396978624 0.004214793916836879 0.023184538327638504
7 0.4631205577147346 0.44443562300910666 0.004702864492318437 0.02366269733515053
7 0.4658605129500631 0.4486128373343984 0.0043192541108699745 0.02180487332543901
7 0.4315608700973125 0.44842107095054773 0.008944553124816956 0.04378555067720302
7 0.4432520420782244 0.43609902576989223 0.005614081842657548 0.02738537871174107
7 0.43733645309272196 0.4294236726956766 0.006275481567626973 0.030380566125583486
0 0.7851137304075319 0.5300185701762834 0.06707051837992872 0.03825320566642143
5 0.6019050411916533 0.584215764212092 0.03501077476745429 0.08819279021839788
0 0.5000616634687626 0.6716684356959933 0.12073683990247153 0.20754701460299385
0 0.5000343092614359 0.5969526599694046 0.06637523061585199 0.1076476822203476
6 0.6758986212329803 0.5430350170487204 0.010204622746675884 0.06384508632113561
6 0.48131844063942775 0.5186441688396656 0.003578798312377396 0.028782051964498345
6 0.8417066692782247 0.5779632136692798 0.021775051553550306 0.11436982163794152
6 0.7345398675688278 0.5507287421949587 0.012771808516716776 0.07494013987983461
6 0.1939487807667098 0.5193160228695841 0.005391519337008294 0.02974240367672265
