7 0.5464960577104339 0.48748325905209716 0.004175634153162799 0.010446706813740048
7 0.6390865695894579 0.469546631697901 0.011020654380909045 0.025814526549003125
7 0.5405367696272931 0.4492005590343745 0.004112081160788095 0.022132288932489252
7 0.5796501925325561 0.44919581690072496 0.004435933833613848 0.02213443395945447
7 0.34815312896466943 0.476166474141812 0.008694175658197356 0.020125716332888288
7 0.32389933163904927 0.4533998201952786 0.004805039909610953 0.02026406357966709
7 0.33572555104741386 0.4565055964683625 0.004400023650686258 0.01888598783565898
7 0.32152241501455003 0.469695576854291 0.011289850670167356 0.025685812017327614
7 0.4204838513043171 0.45020058366533433 0.004355161109367678 0.021686827006969223
7 0.3821617238094128 0.4502051263407259 0.004664661067833198 0.02168477292348847
7 0.4417389470002634 0.48750159694139367 0.004211540099886835 0.0104309102677137
7 0.444658312551561 0.4809025409702326 0.0015842867683578676 0.008165089068288722
7 0.442975527043037 0.4803347739855719 0.0016372778278863076 0.008412481290272888
7 0.4410535352189376 0.495998170884812 0.0030686040063407916 0.0037693740899498174
7 0.645490962436231 0.44518804418915464 0.005374699027717367 0.023922463578063158
7 0.6588493737294918 0.44015029137359774 0.006000410360170183 0.026177023087740836
0 0.37479517852429034 0.5513247819110955 0.05657107684915813 0.05892760039682732
5 0.42284470293967397 0.532503758669199 0.013081162196058815 0.031342316235683954
5 0.4314676482272599 0.5225202801129427 0.015427676571751037 0.024192116028578403
0 0.7124431740794543 0.5273113971976783 0.04239565049981231 0.027149174165232326
5 0.49913656457358857 0.6553653588032491 0.045267775861860704 0.17033538994276687
6 0.42511298787083907 0.5107990009232806 0.001943221142978513 0.01575024945899217
