7 0.42897306420627856 0.4713816963838251 0.005229213021875345 0.024983000125164745
7 0.4173883658303078 0.44119254392545837 0.005546650824485688 0.025919396225867863
7 0.42418101669454333 0.446152756842211 0.0050265202740990556 0.02370698523253989
7 0.35324340821616373 0.44263096485513753 0.013224059416488132 0.05066809427181429
7 0.3875559782883139 0.4310746349774279 0.0068049116947001 0.03045400245558627
7 0.3742543295666905 0.4227570722642907 0.007776149746758554 0.03420354273487258
7 0.5665887720902003 0.4722671485499248 0.00513941285916697 0.0246699025931148
7 0.5099696380399745 0.4531192712418921 0.003980365155844989 0.020848984462067788
7 0.5653845397836283 0.49208326263387714 0.007173204257025612 0.008796246494998605
7 0.5629821999443104 0.5190508141559866 0.0010441614318479342 0.0034796186194915313
0 0.5209476392780464 0.5543874587551663 0.037377830318332306 0.047388889001378054
0 0.7423584778009935 0.5311182166258289 0.05635442495652798 0.04074421609024137
0 0.4998898413435968 0.5852649644692052 0.06662110900024087 0.09282206195436815
3 0.4324571966795391 0.5448889536556512 0.03270475452231675 0.06639931435834645
0 0.02874865038128811 0.5378017648943905 0.05749730076257622 0.03648843251693257
0 0.0054263381437697645 0.5411293575822324 0.010852676287539529 0.04070259940736798
6 0.5664648135764763 0.5222991590967669 0.004157142292041893 0.03140786300807119
6 0.6174502575267853 0.5480895073678804 0.009970994729212923 0.06849092178963423
6 0.22953111163776863 0.5241346249413222 0.005295853249290078 0.03279506243918995
6 0.6423394492897492 0.5506895914274341 0.007756235997868455 0.04205195586600785
6 0.19600666483774581 0.5572644494570862 0.013188205444746637 0.07378504697219268
