7 0.4989852576538054 0.48751483375354987 0.0038437528133599685 0.009951351983102708
7 0.500303880828656 0.47815623146827524 0.0015847365936461077 0.009123502064809053
7 0.5003813738818613 0.4788212453824201 0.0015344512946302569 0.008833251654308927
7 0.556520405284481 0.48490238360166965 0.004899179704458523 0.012181883784363468
7 0.5096629052323527 0.4753559176739422 0.0018129971044047455 0.01034722853093517
7 0.5281341432209272 0.4753510441768273 0.001885956158190094 0.010349353104697367
7 0.7163283292417955 0.45279570880944175 0.017902452589375617 0.039845769923415764
7 0.5651846735139845 0.4213491084202824 0.0066220868758023466 0.03442798145430431
7 0.6254757809128276 0.42129721689364097 0.007399000216772089 0.0344515325458572
7 0.710601663583231 0.5287994156106612 0.0019886547673497734 0.005680211973347227
7 0.29450625693389754 0.4668768907790026 0.012386113294821366 0.027656499301798698
7 0.24387196693258614 0.43106647182204977 0.007969475060453979 0.030028109792937796
7 0.2685598801702058 0.4375719529421657 0.006961792792424815 0.02709888161263685
7 0.23056373483227005 0.4533401275624949 0.018343573603902458 0.03937321469635191
7 0.3817945709746202 0.42381446745608065 0.007123372971084008 0.03330895198910233
7 0.32360389318133387 0.42386303658747093 0.00783264199285122 0.03328694753371175
7 0.43453454763900545 0.484942625546682 0.004935290472680598 0.012147607389353776
7 0.43869174260561383 0.47752697486412937 0.001849819644812789 0.009398297847067583
7 0.4364662471011814 0.47677330801239615 0.001922216951827982 0.009727558553331461
7 0.4337727888467482 0.4948344000981152 0.0035852473799471984 0.004385655684409018
7 0.8719098636165913 0.4180424873695262 0.03471097533509049 0.07030754299934122
7 0.7371997407859328 0.41128153986169613 0.009963744604830183 0.03901750539101678
7 0.7740967574474202 0.397419175051044 0.01214885138049615 0.04538864849629265
7 0.8630884229221867 0.549739666049814 0.003642420037339389 0.009869145723495842
0 0.33042281275787144 0.5106046843546972 0.021753202869841504 0.014693865875962664
0 0.5016391029144236 0.5195578499546689 0.012760089897958182 0.01905279534391069
0 0.33370228449318523 0.5113799180102137 0.016762507128048942 0.011575888077439589
0 0.3652024667534917 0.5511453628459204 0.12655623840818653 0.07949052136533519
0 0.8293236259300807 0.5588784601131722 0.12859040768772223 0.06591633891681925
3 0.488379097399522 0.5102294126842717 0.0198079053309404 0.015696097013772392
3 0.502587807764396 0.5132610600063137 0.010067111927898553 0.020243022492659857
3 0.48217546574945946 0.5136335370789924 0.01318387979264568 0.021637954578152097
0 0.8635302746006139 0.8105074896379723 0.27293945079877224 0.3789850207240554
6 0.5640771600684641 0.5126557124582449 0.0017488289008054103 0.010110928828169441
6 0.7936668174073093 0.5749164023568569 0.019477693297752507 0.10666245037223054
6 0.9177804421845109 0.523278271353963 0.007136783612804232 0.034387782873567585
6 0.7127679805331721 0.5230824216135794 0.005412407765443383 0.034109611891682046
6 0.49129113465304464 0.5324501673521288 0.005332816128993556 0.02036847649839535
6 0.8039712476510783 0.5223367150442784 0.005611848494318505 0.03305292172243468
6 0.9831075061372252 0.528055348565569 0.007552205373096421 0.02383817602207461
