7 0.43923001918863547 0.47412392554987837 0.0023465635041869937 0.011227756000237732
7 0.4415262657504475 0.4751216645028142 0.0022475640591930746 0.010791389160669795
7 0.44373908234322934 0.495643266517941 0.0035544924332521766 0.0043763549867515406
7 0.5486678113750998 0.4860286326362093 0.002313728413860905 0.011768584973767648
7 0.5036737255609122 0.4768597139242775 0.0018891805544463125 0.009930661455504475
7 0.5214124562519364 0.4768635343011044 0.0019497275712473394 0.009929816694466742
0 0.34774673746420803 0.5654200686391869 0.06414057782244714 0.06782063447796949
0 0.36275212715843197 0.622549043883592 0.08087235589539715 0.1145064575056931
3 0.5028755114425404 0.5253030801006877 0.0283140190492972 0.05206334965126247
3 0.568324740823405 0.5494120733011558 0.043778793954304174 0.07375077804318908
5 0.5188366857585793 0.5135808265385895 0.004166570410261805 0.013035547807560444
3 0.5599359813661346 0.5084520309117309 0.015479566424082547 0.012051464253058142
3 0.5496175935021251 0.5145482854314194 0.024337378515771446 0.0209301703607484
