7 0.4989852576538054 0.48751483375354987 0.0038437528133599685 0.009951351983102708
7 0.500303880828656 0.47815623146827524 0.0015847365936461077 0.009123502064809053
7 0.5003813738818613 0.4788212453824201 0.0015344512946302569 0.008833251654308927
7 0.556520405284481 0.48490238360166965 0.004899179704458523 0.012181883784363468
7 0.5096629052323527 0.4753559176739422 0.0018129971044047455 0.01034722853093517
7 0.5281341432209272 0.4753510441768273 0.001885956158190094 0.010349353104697367
7 0.7163283292417955 0.45279570880944175 0.017902452589375617 0.039845769923415764
7 0.5651846735139845 0.4213491084202824 0.0066220868758023466 0.03442798145430431
7 0.6254757809128276 0.42129721689364097 0.007399000216772089 0.0344515325458572
7 0.710601663583231 0.5287994156106612 0.0019886547673497734 0.005680211973347227
7 0.29450625693389754 0.4668768907790026 0.012386113294821366 0.027656499301798698
7 0.24387196693258614 0.43106647182204977 0.007969475060453979 0.030028109792937796
7 0.2685598801702058 0.4375719529421657 0.006961792792424815 0.02709888161263685
7 0.2932720175318081 0.5199888099704699 0.0011603135580217638 0.003992789411594644
7 0.23056373483227005 0.4533401275624949 0.018343573603902458 0.03937321469635191
7 0.3817945709746202 0.42381446745608065 0.007123372971084008 0.03330895198910233
7 0.32360389318133387 0.42386303658747093 0.00783264199285122 0.03328694753371175
7 0.43453454763900545 0.484942625546682 0.004935290472680598 0.012147607389353776
7 0.43869174260561383 0.47752697486412937 0.001849819644812789 0.009398297847067583
7 0.4364662471011814 0.47677330801239615 0.001922216951827982 0.009727558553331461
7 0.4337727888467482 0.4948344000981152 0.0035852473799471984 0.004385655684409018
7 0.8719098636165913 0.4180424873695262 0.03471097533509049 0.07030754299934122
7 0.7371997407859328 0.41128153986169613 0.009963744604830183 0.03901750539101678
7 0.7740967574474202 0.397419175051044 0.01214885138049615 0.04538864849629265
7 0.8630884229221867 0.549739666049814 0.003642420037339389 0.009869145723495842
0 0.44171399274366385 0.5103083877054649 0.020643227388282115 0.014220102235716459
0 0.5015142415207969 0.5525978598808243 0.0341698384450132 0.05344135649624826
0 0.4417276126977844 0.5111022694177265 0.015992682186789897 0.011214051706066042
3 0.501521913040493 0.5170667995504603 0.012816515232371983 0.02583805858411825
3 0.5044713621520235 0.5103868388288793 0.0187720229346911 0.01672541724084431
0 0.8635302746006139 0.8105074896379723 0.27293945079877224 0.3789850207240554
6 0.5616155459227608 0.5115409403874746 0.0015948580468895246 0.009322965658582039
6 0.31329040477620573 0.579113202842841 0.015880019705892645 0.10321450704034696
6 0.9177804421845109 0.523278271353963 0.007136783612804232 0.034387782873567585
6 0.6283407094177966 0.5229390462293184 0.004708549224365144 0.03390403983184831
6 0.40773315391328735 0.5309688648743915 0.006153245648933214 0.020219524705409664
6 0.8039699812025954 0.5223272206504002 0.0060354810566536354 0.03302642848820436
6 0.9831075061372252 0.528055348565569 0.007552205373096421 0.02383817602207461
