0 0.5854081967469147 0.5208568841832779 0.018784394209327426 0.016588927725163738
3 0.5366888894211421 0.5076302353025114 0.024417045880641086 0.0158735681846085
0 0.6922090322412544 0.5163120463131834 0.01225539557686428 0.017013170878223183
5 0.035613663347838 0.6172837369375987 0.071227326695676 0.13246222989409817
3 0.6641089860797184 0.5185040112350785 0.01740353367842329 0.027046118780628015
0 0.6925160719054961 0.5165885989309231 0.012038240800561817 0.01586523595040168
0 0.6798023273821152 0.5605258826715793 0.05277192020576871 0.07249494304707715
6 0.7467784353130992 0.5114221338080168 0.0019857724174698888 0.01486931938059377
6 0.746546523020339 0.516192740472923 0.002909437293594608 0.021693878908506603
6 0.5562757104426874 0.5151739068752104 0.0025465076878251613 0.01244313073528136
6 0.7610190212540376 0.5273766420011101 0.0055683378922581905 0.01749691738824488
