7 0.6779989696160904 0.4814713290866183 0.0068246940937758405 0.01594914721862284
7 0.6153898058349278 0.4696750775727421 0.002438334658806607 0.013267838392027664
7 0.6397865316671103 0.46940559961024986 0.002601305896044903 0.013387233970290457
7 0.6755319429051683 0.5120512240546463 0.0007252100114493176 0.0022734424517678598
7 0.48580747683028114 0.48278310392221946 0.006055820705700765 0.01481275493166373
7 0.5427616407983492 0.4708187175200972 0.002436846368796486 0.01276162837886552
7 0.5202964843309608 0.4710639749940021 0.002502954974535343 0.012653085911200457
7 0.6938183083388378 0.4776963953284332 0.008347723814741248 0.01921849108300172
0 0.5922910697928842 0.510864891111583 0.00755025375738394 0.01012528123071954
0 0.5468955988196977 0.5186432109148054 0.014377310504674057 0.01589730019420965
0 0.16718218258884612 0.8049514555384212 0.33436436517769225 0.39009708892315775
0 0.6052569747012193 0.5108040963406146 0.0068925305469241804 0.009812390101440305
0 0.5820905993013349 0.5203276796060137 0.032231489204145314 0.01797078134182417
0 0.6129261807529327 0.5189765463758291 0.015803197518820866 0.020143943211074156
0 0.5574051304270755 0.5136860445244953 0.009658182495550616 0.01342492915829463
0 0.6056492115142138 0.5112981002098658 0.007438668126798276 0.011367267501517064
5 0.5597853835452444 0.6463567921289454 0.046819248625894816 0.1566179555893581
0 0.5758889008497483 0.5121918067023478 0.009193162467443283 0.012966216099325134
0 0.587850561819866 0.5260529776338357 0.01981928825147683 0.03432286460480127
6 0.9315819257569156 0.5617584012304876 0.013059060102958875 0.08814389451376292
6 0.5305632006569274 0.5120974967798462 0.0024330557650449336 0.007880687137969189
6 0.9154663106168262 0.5583469990925931 0.014887870846247764 0.08321772255005044
