7 0.7248737975104149 0.46982841893031657 0.019105076923975672 0.04179023940768317
7 0.5663812724126653 0.43700234590305603 0.0070524720053644074 0.03612347025031837
7 0.6296193337884799 0.43689238289020194 0.007949200116773136 0.03613452915102083
7 0.7193242689857962 0.5496285402457957 0.002139649408732569 0.00598146418349943
7 0.2851323296894323 0.4852553966797464 0.01303704929751559 0.028655849631370856
7 0.23018148631026902 0.44780269538208217 0.008644162178672504 0.03137870517106045
7 0.2570710190028326 0.4547438423778657 0.007488582585563619 0.02819567315821986
7 0.2835371621856957 0.540343624933473 0.0012407226996720144 0.0041520940186868804
7 0.21454767910060327 0.47096233453865133 0.019741039935181448 0.0414070483247686
7 0.37390915829175503 0.43984308258264476 0.007636615572169769 0.0349372856082617
7 0.31276930688389326 0.439948717018201 0.008468701339362894 0.03492695788208189
7 0.9024979504029637 0.4308642593965615 0.03915341963920027 0.07654098819600502
7 0.7482148333209084 0.4258534450014856 0.010924237500925305 0.041159696276441615
7 0.7896134624833189 0.41045052653479003 0.013529608021848327 0.048308909777138975
7 0.8935228836740706 0.5742805448905088 0.004245979114151588 0.010809635618036384
0 0.5207331853021353 0.5343055572994264 0.010729996730202473 0.01618730210799557
1 0.9789958357837355 0.5253939206820861 0.042008328432528996 0.12175490091378444
0 0.8328001607642764 0.5570131208468394 0.08700391057027379 0.0507588740722692
0 0.9846727793810943 0.5759586764116355 0.030654441237811247 0.05487268800392231
0 0.7932941213684482 0.5573493921349535 0.08249179111359362 0.038861855673297696
0 0.5007868643936446 0.532197359160538 0.011195268830334504 0.019378951940466682
0 0.01598769512050264 0.5703187864709909 0.03197539024100528 0.06672511939968062
6 0.40708270534144375 0.5322406087766399 0.002587784684912442 0.02002542056306189
6 0.030832300160471126 0.5413229359688104 0.007259324733497559 0.03191979036718662
6 0.029389052803448647 0.5433508670173699 0.007900892615686106 0.0347410301789568
