7 0.5555965394242444 0.4764779926067459 0.004131263444273281 0.020578225895017455
7 0.5081963929573263 0.4604887971525743 0.0033175600431974983 0.017383874433260116
7 0.5545996709851134 0.49304906425142525 0.0059712904196727035 0.007359584221674931
7 0.5525734482241688 0.5156192691266619 0.0008632652853315381 0.0029089615121272727
7 0.44052796690288754 0.4757845569442253 0.004184175578017035 0.020796593668603036
7 0.4333861291680985 0.4523785502106208 0.004347440878680053 0.020773028879851274
7 0.43783922527840774 0.4556423050076106 0.004019785403415743 0.019327296252126036
7 0.39435704414267764 0.4585681368374332 0.008393139370338587 0.03598701311420138
7 0.41229994048252605 0.4460421522456145 0.005096582336798661 0.023588551351275744
7 0.4044714760451741 0.4411326408849672 0.005629388357232312 0.025777899957632744
1 0.13225235960293757 0.5054138592381057 0.1433299685004798 0.08606564658439148
0 0.0130197676258239 0.5264151361145304 0.0260395352516478 0.024445901666279912
3 0.4998160438244327 0.5896052471615091 0.10015413825576552 0.1841057256267653
0 0.2835906531924793 0.527297854636466 0.025761649702241596 0.022944574824552588
6 0.5550203406989018 0.5373718930757919 0.006402752578383963 0.048418312976302946
6 0.4391231839012637 0.5358438540366608 0.006266232632899549 0.049921146176656994
