7 0.6208336372855983 0.4647112848838052 0.012617761298619024 0.03001838537481566
7 0.5061049929750611 0.4410384876489712 0.004440911972027672 0.02579819721265686
7 0.5515601853851883 0.4410244556102012 0.00487935136729134 0.025804456809451315
7 0.2993561756858965 0.47335654810679423 0.01009183746443909 0.02257393119300166
7 0.26120407707085486 0.4466720673051371 0.006052533810293914 0.023278855362146356
7 0.2794385762558378 0.45071101405671976 0.005447066089113772 0.02147858328133978
7 0.2527864472873326 0.4649491423942286 0.013730066132785157 0.029813553787451486
7 0.3678948513616799 0.442407511453364 0.005540082623865017 0.025185105634394522
7 0.3235500529144113 0.4424208772543245 0.005953389232104034 0.02517914962234824
7 0.6755271067333841 0.4479243137655002 0.019407633629634602 0.044568891355125095
7 0.6264188717101312 0.43552630152777083 0.006122768212684759 0.028272866999502433
7 0.6402296320424218 0.42842207320115433 0.006959867652569507 0.031476274908733004
0 0.08795549799572094 0.538909786808385 0.08605234824176787 0.03690890480829079
0 0.33107890588487254 0.6448569728265297 0.16375524610907194 0.17778541263097292
3 0.499476654453409 0.5468609712971861 0.05256875280451612 0.09664933148157434
3 0.5441293879714938 0.5314416570620877 0.09469358246590792 0.06535784186151494
0 0.12459696741459818 0.5302424399057917 0.06810233705102789 0.03359758339097252
0 0.7254429454019063 0.5320431545123183 0.06238293611710044 0.030190408290067805
