7 0.42672057676497843 0.4854215452908335 0.004901759625930702 0.011818501097746847
7 0.5973245886621852 0.4806560334344171 0.006696224098602932 0.016371608622547662
0 0.08288549683677701 0.7924121008880449 0.16577099367355402 0.41517579822391015
0 0.531615547880985 0.5248543119671354 0.015512090515228727 0.023111900347657865
0 0.4328142869613477 0.5916731397348693 0.07182911482843096 0.08641795449065703
0 0.5331272432865377 0.5097127599912982 0.007139208536343311 0.0097535369011994
0 0.502321372009542 0.5253579627696934 0.01947886219061884 0.023111655651789742
0 0.5036410100047037 0.5111313118695506 0.009474362992673124 0.011737142898963548
0 0.44851871747132593 0.5178920301117511 0.026231799587150828 0.017650874237385428
6 0.6929969703927691 0.563375326131071 0.013162609557613836 0.08736716051984883
