7 0.4000733576960891 0.45980262975342145 0.008166805228592644 0.0355967708256415
7 0.3713480974491354 0.4083789749158918 0.009309221880471452 0.04094707093068228
7 0.38728453597459356 0.41992325216178683 0.007951708942625924 0.03568794431188255
7 0.3996682915086842 0.5269930868383745 0.0011606525046469751 0.005061754821200304
7 0.15079761963186128 0.3622526324672357 0.04955452609228711 0.12764584370298604
7 0.30608474531068364 0.3810935581150148 0.01323200460857582 0.05352758912762556
7 0.26229707806216285 0.3538834923278533 0.017203793329992667 0.06628313323115614
7 0.16161988488373338 0.5850131134532495 0.005835823835156795 0.016696534584610845
7 0.5940217059362252 0.46123502073316314 0.007936517999806658 0.0349747563681479
7 0.5144596797399971 0.43416516074725775 0.005654149921582974 0.029589436267638214
7 0.5922798413713752 0.4891578685454072 0.01022135757042486 0.012377308958004318
7 0.5889656660315241 0.5270776474493661 0.0015126289936907567 0.004906594296980038
0 0.48069141413655747 0.5611235167225272 0.1155305390095267 0.06296348097258131
0 0.20773217687405018 0.562478853619168 0.12703302852983783 0.06133895567998371
0 0.843980272731182 0.5548124086383062 0.11570019796406705 0.05335252281903746
0 0.8780864491568665 0.5648568617912186 0.1435716212682503 0.05761021490196627
0 0.7941484443766769 0.5474075121545687 0.10361292921713294 0.04808601179123939
3 0.7309573143484737 0.5549786135842117 0.1811265496385206 0.11151944929110608
6 0.6109068115812104 0.5325147690392065 0.006988269178955231 0.04548653584907614
6 0.06673857398071022 0.5421382641866985 0.011117232530262366 0.05338103622923296
6 0.7570631805568722 0.5671187101917814 0.016129637726175705 0.09123297344460057
