7 0.5789747193559822 0.47031249432527866 0.0063599263645893744 0.029284513669735945
7 0.5119545881936899 0.4476009871288696 0.004734929575153979 0.024773912510508644
7 0.5775341763939196 0.4937954155837021 0.00854663164747893 0.01041193265979129
7 0.5747186493772424 0.5257322240312384 0.0012539677210234856 0.004128112219921265
7 0.41586116845695426 0.4692150979148058 0.006506298157626933 0.029723628343327424
7 0.3976756728357943 0.4306858925116057 0.0071038647249341835 0.03227303902129253
7 0.407957075315745 0.4379593867310518 0.006277785919624357 0.028913749919721954
7 0.2867286416450431 0.4216804490545871 0.022885303767613496 0.07484969597425756
7 0.3547057470104722 0.41490177294312075 0.009255257547122031 0.03961581763398525
7 0.33156891538452493 0.4008735976934833 0.011106709986185903 0.04620209803686087
3 0.5065318054519754 0.5820468169743689 0.06817124489632354 0.12264402892043702
4 0.0012199758647606154 0.5391705368925386 0.002439951729521231 0.042171159869374586
0 0.4065644783125526 0.5739474339671757 0.05880318861443912 0.08481105162107672
6 0.07587721005899817 0.5926198782255451 0.022851385939969313 0.11222207486460523
6 0.6269389583947965 0.546013134588618 0.007868964806748702 0.02596089626907383
