7 0.5752729171699735 0.4822352910936819 0.006140996255926567 0.015170668045592084
7 0.5169478657176064 0.4704561610641529 0.0022236498887804323 0.012867110187787578
7 0.5399040098930081 0.4704049484061979 0.002340877278423581 0.012886108336908841
7 0.3936889501084882 0.47332647387437965 0.002522086258351375 0.011609480790263638
7 0.3892013501414956 0.48255250139121564 0.006307541130182115 0.014953806612794218
7 0.44675530981544176 0.4709468283539605 0.0025024572756991437 0.012660133261184259
7 0.42432967221457457 0.470996375578392 0.002602413752522792 0.01264179672731841
7 0.5749676476575305 0.46901447490929504 0.0026338111942539877 0.013500427187522146
7 0.5779484692561547 0.467469065071737 0.002782986429261669 0.014189939796989959
0 0.6815604533606026 0.539031025957595 0.06115262283322265 0.040923426431740184
0 0.3771251439573178 0.5197451986558335 0.03366010281777726 0.017297761780131538
0 0.43600691137317327 0.5193346407571439 0.028074588740962525 0.01941226590775358
3 0.39670526187871186 0.5158708934457283 0.029419372834697533 0.02255347337363578
0 0.4460673051624874 0.5187573362387576 0.01595240756384353 0.01542746782009552
0 0.47957606542332065 0.5241854441428098 0.02408880659020468 0.03648401409520652
6 0.7546770623878233 0.5511141443378096 0.012581425938880564 0.07189324114369144
