7 0.5404489329108093 0.48462961654084735 0.0051573329170723214 0.01298141529043123
7 0.49045699487749433 0.4744472080150792 0.001948345700505727 0.011035090834755179
7 0.5101468527288595 0.4744445008081085 0.0019412489442799385 0.011036136097665794
7 0.6993859716080764 0.44292942949006775 0.0220688436663401 0.04988145355109436
7 0.5100749400552702 0.4033441557980122 0.007435654176267903 0.0434152690575354
7 0.5855298234797357 0.40330806439799416 0.008644360817493535 0.04343149157988968
7 0.2143732208726833 0.4627739801895543 0.01522784879927025 0.032230344772882724
7 0.0935692873940788 0.44355486934979194 0.025034059802710285 0.04933186714661858
7 0.28395043931256847 0.4070028801512955 0.010342432722347972 0.0417121114276664
7 0.21148772446819897 0.4070362650783559 0.011447548404997704 0.041697165180276496
7 0.9201651544215812 0.3778884396408959 0.05471541368215149 0.10897860014657595
7 0.7235820570318401 0.3873794187950162 0.012643456892205918 0.05090230334278345
7 0.7710437384338014 0.36339399998965743 0.016413142735166142 0.062302999714659024
0 0.49997081656807985 0.6083646809448054 0.07393036324288799 0.1287596031359839
3 0.5010570643038119 0.5150649439379194 0.010848201860839235 0.02185116017117117
0 0.2642397176483457 0.6886311230378342 0.26395585516194764 0.3184492640220362
6 0.3320902481287192 0.529635446963773 0.006254085498733075 0.019492266093377508
6 0.4345570846809603 0.530547524844472 0.0050968832852087975 0.03913445726223441
