7 0.6478513468160432 0.4595670346558398 0.015056349620827358 0.03521733932565274
7 0.5134908034966894 0.4319896134285631 0.005205253232944962 0.03025876888396778
7 0.5666993367822898 0.4318817656253627 0.005819611271557168 0.030307994445853415
7 0.6427042965459582 0.5268453195300598 0.0016341989675656698 0.005024783111465925
7 0.2826202436864661 0.47090349977669466 0.011379682295304117 0.02518856733945557
7 0.2335498266987533 0.43986717314325163 0.007218411283627019 0.026662621554287502
7 0.25705407918573797 0.44500408084746623 0.006388922063157332 0.024327631370395286
7 0.22022086426458426 0.46030403974337974 0.01622027285869318 0.03456585976092735
7 0.35315309942292594 0.43408556568516604 0.006632613561366407 0.0293002728340247
7 0.3019957909083463 0.43418651329729646 0.007170251768563896 0.02925427126636726
7 0.7302417625655553 0.43509868304307053 0.025734004474887384 0.05706901522337643
7 0.657033241600266 0.4241853719996202 0.00762496364964349 0.03384129676462022
7 0.6771317673965602 0.41402775063631575 0.008938428530537279 0.03853361407256395
7 0.725505562669034 0.5425925472088462 0.0023591912300073847 0.008048394116031421
0 0.01579766753764095 0.5217366971183718 0.0315953350752819 0.021561894511945123
0 0.5129874311645881 0.7255813882318177 0.16062866965020012 0.30150644610178445
4 0.1560333066973811 0.531177123426926 0.02600591849506112 0.036432870753866364
4 0.07348926601082628 0.5327224458992749 0.024407152635994453 0.033371957739400715
3 0.440684135880632 0.5237981517037964 0.02463148473104526 0.03542895561131798
3 0.5072524006715647 0.5134543592648638 0.009606220639180263 0.019326416484178655
0 0.17933402599539233 0.7708227776449106 0.35866805199078466 0.4583544447101787
3 0.422154087598536 0.5202549592381152 0.0223982741891266 0.03031839907679834
6 0.38847058283127367 0.5191780075380388 0.0036995543492945315 0.012557249033170792
6 0.8698503569056786 0.5905589811820249 0.022066367028786282 0.1273652824142132
6 0.3499777298664474 0.5220111074645257 0.004508023903635194 0.030977052569561736
