7 0.46858551555584527 0.4699428667423787 0.0064392909286351 0.026042828954551234
7 0.44230977280774575 0.4381123884596566 0.0062615234429868605 0.027272667773228287
7 0.4556745168901407 0.4434468162844153 0.005636207433893092 0.024875868637814547
7 0.46972263758055643 0.4907206045652157 0.007637965244235989 0.009374809584475174
7 0.7033406351793356 0.4685286920431081 0.006533433648465259 0.02683522914885139
7 0.6002009307408627 0.44974811940862736 0.004162332251987144 0.02183174283749373
7 0.640069795836586 0.44899243804050454 0.004584004965800692 0.02216639860927272
0 0.5878231555667821 0.6014415465315249 0.07556567027588523 0.11750112715452765
5 0.9731722950249089 0.5410624645938389 0.047214067785096736 0.04320519081540841
0 0.8994092873421615 0.8226427451094995 0.20118142531567695 0.35471450978100105
0 0.6643394234331201 0.5179575727259197 0.030954512353786434 0.019423175826140504
0 0.7195944511196638 0.6158120902583439 0.10508368213732311 0.11820372676150326
