7 0.4044931041156114 0.4693244809983236 0.0029301937618712026 0.013307230379688895
7 0.4086941712242004 0.470714478619917 0.0027790316158458617 0.012698651019183549
7 0.41319510696102196 0.4948781376101151 0.004204400054077184 0.005096281310346729
7 0.5357545245445234 0.48376576630535617 0.0025584431994173373 0.013643894360646114
7 0.48359059351930567 0.47313814857685144 0.00222343290019672 0.011518634696969454
7 0.5041443272952284 0.47314420781015765 0.002195446814863611 0.011516039531139943
0 0.5020734484691081 0.555616290527951 0.04679462481390401 0.0662479093446886
3 0.5020841556717779 0.5303559664642634 0.03401350966143146 0.06253157524513137
0 0.4673837640564602 0.5276956306896801 0.02261885264235297 0.030889296487473183
0 0.501729825212243 0.5322612219273024 0.022924416778384138 0.03259160120429605
0 0.5015342051970766 0.528861252115999 0.018205277322924263 0.027534090465784478
0 0.5001396574960258 0.6405820274341215 0.0955540133507305 0.14832426674720356
4 0.4306531665405884 0.5581272285701212 0.021960106754196795 0.061976253636948586
0 0.36211305134684346 0.561494035508374 0.041781659190618825 0.05353926751634319
6 0.6489691788370942 0.5369641113305365 0.007766181459837096 0.05306646327039344
