7 0.4585383270193159 0.4829096306693361 0.002745781773915379 0.014539076800419604
7 0.4559733571800303 0.4682061384546087 0.00278926219128689 0.013756562674106187
7 0.45797285397323595 0.46968849123179723 0.002649898044617238 0.013107190680532843
7 0.43896331404191435 0.4758900879658334 0.004181632968174753 0.020627960377213594
7 0.4444112068491808 0.4655145864603631 0.0030854232035418816 0.014937267145027189
7 0.44135889475267953 0.4635815877965494 0.00327528451095066 0.015786479323949165
7 0.5395385353752715 0.4833455359457752 0.00273179383774258 0.01443400065894962
7 0.5061065920918768 0.47211433339095377 0.0023241411390783062 0.012184354086404114
7 0.5388475704351614 0.4950133439647217 0.00417595796413972 0.00518607141238514
7 0.5374028759507389 0.5109255109617296 0.0005974033756219743 0.0020473499638498094
0 0.5023971284745883 0.5225744900758071 0.025324358962511062 0.025697649563554914
0 0.5797402922960215 0.5207473589917494 0.03374752721908825 0.019538644655895165
0 0.23476336097656542 0.5210633752199396 0.036505121989059974 0.017756231792468102
0 0.4690067109598186 0.5301587080009768 0.019120412936338316 0.029006361608892695
3 0.9635400639924091 0.5255777973569626 0.0729198720151818 0.052964044609066785
0 0.35631241127351815 0.5195199996883975 0.03599122844558078 0.019221528668893262
6 0.12940860904139276 0.5188196677335604 0.005370389066107151 0.027090259682825857
6 0.559512194783597 0.5156284648594933 0.0024873673449163913 0.02025642930379068
6 0.19036543652335638 0.5239545389237084 0.00609958859530596 0.015933634488361936
6 0.48666230475277483 0.5215594261556156 0.003911615442693195 0.02841835492113365
6 0.5560802553524922 0.5213067077331146 0.0036937403262372603 0.013006403558849078
6 0.5395105074195317 0.5129233717917563 0.0022983528220984484 0.018625385993464527
