7 0.4827405913058751 0.4877876586041766 0.0017705206440459809 0.009862203529141689
7 0.4821206867894609 0.47860017424811785 0.0017791769101228594 0.008979253021723144
7 0.48298699575659315 0.4792433678474565 0.0017213008889164216 0.008698008386956335
7 0.4741780196253606 0.48493890347562285 0.002288570138437973 0.012330010902269428
7 0.5380517979143499 0.48803813613099334 0.0017768503630037902 0.009838164343357714
7 0.5151577631230428 0.48039003224382776 0.001581581726747383 0.00829332767163049
0 0.5109522022065522 0.5164246636659852 0.011694813858723951 0.016276706067536617
0 0.42955154308975496 0.5154542663384509 0.013521785108739026 0.014938276390232041
0 0.4909563350277528 0.5147471057159019 0.01293150540938759 0.01861427824497064
6 0.5663006353286482 0.5154526280749998 0.002980456991844238 0.0229405697969568
6 0.5789325047282781 0.5198817292192053 0.003781395688117528 0.013528397665672931
6 0.38223055277102147 0.5123146691121658 0.0028509686845709648 0.01851080146286954
6 0.559273530714896 0.5083920190187119 0.0018616655666559012 0.012912201142875612
6 0.5507435669343297 0.5102576962979173 0.0016443605979067355 0.013970490104122324
