7 0.2446734476086099 0.45488676996480876 0.014268609251376463 0.041472810693006346
7 0.14051924803996618 0.3887248482980107 0.015431650082908255 0.05075082609824211
7 0.1938767984482478 0.40571831196533076 0.012341324671712395 0.042915536500825247
7 0.24507617419520294 0.48765536720443836 0.013270698657689123 0.014810580539861673
7 0.5933721929901647 0.4584380067703916 0.008544395013178052 0.037654166192220784
7 0.45191348324103603 0.4292332970073037 0.006407987557017214 0.03188235495737607
7 0.5079376020661257 0.4292842923106312 0.006021515891728169 0.03186199046493732
7 0.5879558904427442 0.5291183510461052 0.0016247062880663243 0.005267977364777909
0 0.47649140612194407 0.5321830215606705 0.03662497613682164 0.041199723680616085
0 0.282467725416262 0.5639523099370747 0.08282969581581368 0.06809174208300928
3 0.3469447152099011 0.5493478111655246 0.07726654303682201 0.10720448732805044
6 0.3181219865118169 0.5270941373534791 0.005460890342140645 0.03541506024114871
