7 0.28639809740513905 0.45571793047437686 0.010897974988422932 0.034579261191998834
7 0.21954974777243863 0.4068190706154649 0.011047212655932892 0.03940142541932179
7 0.25309892293647396 0.4174631820036401 0.009308453512183873 0.03450819218838319
7 0.2872050981429814 0.483194168008222 0.010885111646468548 0.012377716285325358
7 0.2849814413727595 0.5210366965640019 0.0014417491595383747 0.004917248473141789
7 0.5798630212590681 0.4580866202730163 0.006962561336109618 0.031871902403617425
7 0.4596100277403805 0.43333148904620744 0.005371643353054789 0.026989854704432936
7 0.5071918144465013 0.4333678586485468 0.00511191289458246 0.0269735737966994
7 0.5752089846394135 0.5181631500085027 0.0013628464440526011 0.004471447927640537
3 0.5000298606845888 0.5915418698724443 0.10540416753233017 0.19371038835806104
5 0.42934279461946523 0.55500766276951 0.021810616042700015 0.05951669537716764
