7 0.4157277198049933 0.485310711192634 0.0030151736774034488 0.013634093500417277
7 0.4084831137505329 0.4717829751480469 0.0028063884792143834 0.012804964747329062
7 0.41238061373979895 0.4730522241784475 0.0026672600044072015 0.012240475242765558
7 0.4165374729540696 0.49631786509018616 0.004057515499025832 0.004924620302603155
7 0.5350529324623755 0.4855381844756028 0.0024655379544242795 0.013197314214267453
7 0.4845629209678489 0.47525889585816905 0.0021498088010217242 0.011141692993077823
7 0.5044537717842437 0.47526336701963345 0.0021242457261128056 0.01113967376039443
3 0.5009232814672564 0.5646181827082891 0.06903924190687649 0.12700125805090257
5 0.4423902626518367 0.5521354969636121 0.01788464889226321 0.04918678175383617
0 0.4475877867503126 0.5256219099324486 0.018422098337871673 0.019640166704954165
6 0.32862638510928605 0.5256665952761206 0.0051825528641212815 0.034446839778269234
6 0.5773812834122358 0.5222058682135662 0.003879991141232053 0.02962819601321265
6 0.578760018232537 0.5214147225512694 0.0038942216315203115 0.02849987787171937
