7 0.4012248206587477 0.4611852886075051 0.008023005197135613 0.03508533008966691
7 0.3734958593275221 0.4111890200770087 0.009109426163017575 0.0401676156827242
7 0.3888924078358922 0.42220231847928713 0.007804449704207128 0.03509419912736017
7 0.16577875670257397 0.3710951970339553 0.046120557561582176 0.12137534559976909
7 0.3104244576919265 0.3853540737059882 0.012845175548964527 0.05220557304556045
7 0.592591313755375 0.4625808115770045 0.007798560388943887 0.03447596916615442
7 0.5140838348658323 0.4358824772787113 0.005576727745445376 0.029177633883217646
7 0.5908749439931719 0.4901290861895724 0.010078968368965713 0.012208234608946544
0 0.5137307983470292 0.6394917836520311 0.1012369927028528 0.1816965050451952
0 0.9375974050278404 0.5507062132061827 0.09388878703627912 0.04228860932657241
5 0.866555214189474 0.5536903667903645 0.04691156818853326 0.04984268619234189
0 0.9505954482225174 0.5525445120936896 0.09880910355496508 0.057064027900695646
0 0.8328055965768115 0.5466233761081953 0.09677620482920435 0.050269320308025445
0 0.7055203997388828 0.565435746342215 0.14889174474966504 0.09910626060317529
6 0.44462482675902204 0.5312145596748908 0.004919327136543916 0.04250578357660939
6 0.7831344822480271 0.6207259612120735 0.0301240201289118 0.16873652589835852
