7 0.3828279181201702 0.4626774486328883 0.0036385218427971155 0.016050479594600764
7 0.3888935162098749 0.4646442316993734 0.00341018761933487 0.015173537549302119
7 0.39547806556529075 0.49349789696989455 0.005000803896037964 0.0060102281359310505
7 0.5396053934581151 0.4805957763534208 0.003066819671989518 0.01598497171418556
7 0.4785770160239553 0.46810165598801834 0.002619501364961696 0.013509764589137607
7 0.5026449207776515 0.4681287594437894 0.0025752001932608515 0.013503364028709164
0 0.468412045407539 0.515579647857483 0.015816587540473603 0.016564346562089938
0 0.5013607326028741 0.5597049047205019 0.053491259993632356 0.0942583426729875
3 0.4087165233541691 0.5186488982826153 0.029841047632415074 0.03905594453095479
3 0.44339083830331005 0.5163143500629125 0.020834442688586252 0.03803422917293825
0 0.4595088295570189 0.5149404812090862 0.020385430738322274 0.01460255490315876
4 0.46464261788324757 0.5281257077623229 0.0068889523194938795 0.02937300960818523
