7 0.7858056754580389 0.4132855409439286 0.03225930699822366 0.06913617580575715
7 0.5275138653844118 0.3548793076041126 0.01123470946971683 0.06198510338034757
7 0.6324244907687395 0.35614737331797597 0.01349299493609657 0.061580209793270446
7 0.7758105575124075 0.5435063916311629 0.003671382519982669 0.009795000672222387
7 0.14281487871292312 0.44316461699311027 0.02021314729999024 0.04067057046812955
7 0.0038490702275426544 0.37627405774665645 0.007698140455085309 0.0509466079451556
7 0.07133724882687553 0.393559278925049 0.014026765385714526 0.043066103817294255
7 0.13958244534033282 0.5207644321145024 0.002172693512421664 0.0058680356498362896
7 0.20789941693163738 0.35817873730057526 0.016125152804288695 0.05982911267842811
7 0.10339448441886379 0.35695806270308084 0.018606843792546027 0.06021131545258962
7 0.8493626472344693 0.3253064013696941 0.02254549333647271 0.07673914515671632
7 0.97650301584365 0.26680991576706886 0.035103659470151705 0.10580598866252033
3 0.9979623788224741 0.6188039560758583 0.004075242355051856 0.19637003840903933
0 0.8688177342520466 0.5488755757559283 0.12716715016042257 0.05758681370836516
0 0.8699177070270638 0.561181560344733 0.07278872443157514 0.058607004552676645
6 0.48598006741254973 0.5276189130965828 0.005292867965089487 0.04610909737453883
6 0.5177528398242293 0.5292846201491586 0.005533404192670122 0.04808334053950536
