7 0.5451375923102955 0.45085092692825823 0.004561489839642441 0.0224254458429608
7 0.4582247891164822 0.4704352190387404 0.004989081771822668 0.026908454459635467
7 0.4535340086528543 0.43692563045975286 0.005703669510711884 0.028426231640434618
7 0.45743166802425056 0.44278331202194743 0.005149792956173571 0.02578715950960747
7 0.4060871266189845 0.4348471356667266 0.012982686626059448 0.059261047513365916
7 0.4275974410275283 0.4246720689958056 0.007091906074325138 0.03397870504503386
7 0.4182912930568524 0.41429815133988857 0.008174899565022653 0.03871301499269514
7 0.40678975971283554 0.543692949955223 0.001804383809805965 0.00811849123212216
0 0.7243840996434185 0.6860289902618291 0.2265972749118944 0.28233629784004943
0 0.152818498383967 0.5960870980416506 0.15624928054043424 0.1065323691597091
0 0.30424236712661445 0.5398659747057266 0.0628836225578544 0.03542004265156129
0 0.8743869111407209 0.848073541137266 0.25122617771855826 0.30385291772546796
6 0.4105164091973965 0.5626516398334213 0.010844784705098642 0.08667182532169693
6 0.09915711809705764 0.5850713241545846 0.018094450683976027 0.06431523208718748
6 0.8365033330372544 0.5453599227429422 0.011759644208627407 0.062339754326607655
6 0.22651877937405154 0.532609425731597 0.007240601807476876 0.039830562024031346
6 0.3907997516902668 0.5620702491643413 0.011465951006763786 0.08550004628493046
