7 0.6415656848876581 0.46122267223248226 0.014725254846294167 0.03455458287945817
7 0.5096594960141563 0.43403231832692846 0.005116116071287924 0.029736821710882266
7 0.5619476011228705 0.4339783416203905 0.0057017688517631004 0.029761644204992665
7 0.6365224207537891 0.5272814719750047 0.0015972895626996664 0.004934168030686137
7 0.2808776639364796 0.47185162907072964 0.011297467804538774 0.024962316174328703
7 0.23277017481553203 0.4413450237177505 0.007131075744160914 0.026361729208420615
7 0.25581120713202654 0.44631575240252014 0.006319841295655826 0.024076663564229883
7 0.21993734996891878 0.4616918640010458 0.016043518538575746 0.034132505451767825
7 0.3515467724386904 0.43589266444228536 0.006531184611372143 0.02887684151002562
7 0.30094197230260644 0.43594353893997934 0.00706428783707036 0.028853480672257126
7 0.7199915083333157 0.4383733828129714 0.02480686319813652 0.05535465121491767
7 0.6502531138432591 0.42673488619874866 0.007418455827859605 0.03312230888645329
7 0.6694719228723984 0.4171295719274335 0.00866075621708784 0.03760490735166944
7 0.7155086764319927 0.5427686772377712 0.0022605270809448186 0.007820769737707511
5 0.10932468998824924 0.5334437730334041 0.028026038206561396 0.03245491479436058
0 0.5030261273465291 0.8022297119121942 0.22402208492256792 0.3955405761756118
0 0.7344019981689895 0.5312678672773087 0.06289021074717638 0.039042819085560954
0 0.7634688203379768 0.5365859320049783 0.0777190089802764 0.038151497066243545
0 0.044511722028916866 0.534268467680076 0.07107120599508 0.03206763040136862
0 0.17875900020007235 0.8053530309434436 0.3575180004001447 0.38929393811311297
0 0.4466412381531367 0.516087249950193 0.01428254689726366 0.015703392036778285
6 0.7932618211441912 0.5587543330099461 0.014122148571149129 0.08015407015693321
6 0.3600011992873636 0.521939410962353 0.004375469941171883 0.030220226418427587
6 0.21124225472934674 0.5270185104459015 0.005556763033336132 0.0215173190663851
