7 0.5931632418303151 0.46344176802222337 0.007603738777592017 0.03376400298030385
7 0.5161790339828001 0.4373282332093314 0.005460711558847531 0.028561231194427106
7 0.5914805311216196 0.49044633517203295 0.009880134895509207 0.011964304753123267
7 0.5882622913267808 0.5271312560910628 0.0014591428891147507 0.004747241079894882
7 0.405743159854472 0.46216594551653933 0.007786714115373794 0.03428595969391285
7 0.3795641696090998 0.41417929282093524 0.008784747662722137 0.038955948548703545
7 0.3941204107422279 0.4244741398867391 0.007562978098096751 0.03416550661447132
7 0.19071288430156952 0.38168055310427895 0.04116476312122183 0.11236637720829151
7 0.3199113253721231 0.39034308315159844 0.01222407853633345 0.050165788492502306
7 0.2817526676546447 0.367197964622715 0.0155758384353899 0.06120828672858236
7 0.1991698825161815 0.5803552073298517 0.004935258744934029 0.014923799162602669
3 0.8531120636987186 0.5414989367024615 0.08860828171528601 0.057189799577985756
0 0.3124188955643913 0.5628845615147026 0.12009521370357579 0.05439001470804494
0 0.6252012558190942 0.5717922345793711 0.10618145495574105 0.06612784594157906
1 0.9563301673298545 0.5101749002162139 0.08733966534029103 0.1261126557010912
0 0.8990043536320982 0.5522439485646016 0.11311728590162595 0.05485847272418887
0 0.9841541286084331 0.5572323500848635 0.0316917427831338 0.04424926198694357
0 0.22303180573358533 0.5748312905941723 0.13089263131070963 0.05908747305560058
0 0.6186424465344107 0.5633602645480498 0.050455962895410544 0.052358027590742595
6 0.1323732790898211 0.5323163801164394 0.008672399829892208 0.043890468101886015
6 0.7899042123370689 0.6129669106391714 0.027865240981453487 0.15493531615617084
6 0.05387486629943122 0.5313319666050715 0.009067210183991675 0.042526757047013586
6 0.25577801460293337 0.6316158775752475 0.028654130021572022 0.17706530423329525
