7 0.48426094610717874 0.4795360432392069 0.0015870380045234778 0.008853541246921726
7 0.48478322833365584 0.48015376112998703 0.001536666800066755 0.00857995109498988
7 0.536794989169203 0.48618102026886556 0.004665708813850866 0.011774136390814427
7 0.49143539142581794 0.4769486131626665 0.0017639010793376042 0.010000833999656566
7 0.5092954303877582 0.47694654749542753 0.0017573520661838815 0.010001758231214575
7 0.6438371079137197 0.4589670269233377 0.015278244659791662 0.03578571018910648
7 0.5073180630350541 0.4306950539335668 0.005307460201432024 0.03086705869475337
7 0.5615007831137111 0.4306758412375296 0.005930674584799789 0.03087588914577888
7 0.6386272707558425 0.527346805418024 0.001660064440241804 0.00510757475040724
7 0.271906252850064 0.4703652659845514 0.011697074430181142 0.025687867801237108
7 0.22053036794791092 0.4384324451568592 0.007497573974310917 0.027329396356740587
7 0.24516825213498913 0.4438113007138513 0.006611851820738535 0.024881299938555812
7 0.27058985519035583 0.5197395056741294 0.0011220531494469665 0.0037089886218003576
7 0.20621356739569013 0.45929252063762604 0.016840204566958034 0.035496183606760046
7 0.3432709939287561 0.4326006947685571 0.00684805292619195 0.029993972436343552
7 0.2906569712660309 0.43261882772832927 0.007430189262242259 0.02998564862692782
7 0.41883904323928806 0.4862081335627343 0.0048297041661751194 0.011750295085367402
7 0.42405237752567754 0.4789451974944734 0.001840310733656092 0.009115317740403583
7 0.42145184921001416 0.47824722317937135 0.001911504928831076 0.009424728833717144
7 0.4181511897060556 0.4957771020057792 0.0034963622600354127 0.004243035512284832
7 0.7297896102111381 0.4334683119209931 0.02640227304757936 0.05858540229592174
7 0.6534908620196306 0.42284246848805845 0.007778321037412272 0.03447659601244124
7 0.6743772269669627 0.4122849146704519 0.009148913788571855 0.03935999038946819
7 0.724836959184556 0.5438074562454666 0.0024381851725057135 0.008263518067727293
0 0.5011012817642829 0.5153442974627302 0.009661839247942838 0.015483467801513884
3 0.5115780887987605 0.7318934988886805 0.2033963323175268 0.390358735068541
0 0.7368611177564252 0.5349454056739804 0.06968627872586253 0.03392752356600548
0 0.4466846104668116 0.5192545684666922 0.020587215197699293 0.02876441854909606
0 0.258023149286576 0.5376469188813604 0.058138994456275045 0.03699149508563393
0 0.7455501556935651 0.5399242064980314 0.06593227262230117 0.03354614297419678
3 0.02384431896314483 0.5322571757599273 0.04768863792628966 0.04764073716424744
3 0.026861026173525808 0.5338138642519403 0.053722052347051616 0.07486757652077303
0 0.4186569637789451 0.5229984701672267 0.0210008076949883 0.022436697680902062
3 0.45324059393586724 0.514708067801834 0.019978663440665345 0.02997940881728195
0 0.4828626255287334 0.5153160284869296 0.010945296111483538 0.015017567752700245
3 0.0025102157849226 0.5404211370353442 0.0050204315698452 0.08091823364377415
0 0.18878460008292722 0.7742751839156613 0.35991423836158004 0.3993829780288576
6 0.38997802196007214 0.5129385433129893 0.002662871811661638 0.018354395523802136
6 0.41663819868698715 0.512466089622383 0.0025701046284283824 0.017701630997381423
6 0.04204826912428061 0.5222523094859093 0.006655640791932503 0.03128181578291589
