7 0.31169276793319145 0.46670449475462 0.008899877984560656 0.030145868275145205
7 0.2635120717581708 0.4271909590075104 0.008707456035764949 0.03285745438989174
7 0.28751473390931326 0.43479349726494876 0.007563810936342286 0.02938216503433183
7 0.3125901231700451 0.4907437151574684 0.009385619110881593 0.010814808572151169
7 0.5691464978356562 0.4684883853131566 0.00593335928950145 0.028028776013449164
7 0.46304548196429923 0.44667710649521464 0.004692946259415298 0.023730468496191814
7 0.5050016404085438 0.4467167520679448 0.004499474539883863 0.02371238784893459
0 0.851776375109818 0.547171945524944 0.09752356898638448 0.0449476890585806
3 0.5025866302189823 0.6185748662421475 0.08499342522845443 0.18195204622157712
0 0.5639712945325084 0.521181218912715 0.028404964334391214 0.017288602173932688
0 0.4629155365984073 0.5328490332815108 0.026040025541424927 0.03263706510579789
1 0.4969509323915468 0.507080785026252 0.046725818401843644 0.0896006720195005
0 0.5327562806555475 0.5228392026392144 0.02881892998820379 0.018831039928635884
3 0.4986524001687451 0.552934275365452 0.03700251823202638 0.07638178283895924
0 0.8143433919919507 0.5416419513670685 0.08879644207614723 0.04350646404808722
