7 0.5412754328122842 0.4830243061956341 0.0029008828655232577 0.015203830883872949
7 0.5060722018846668 0.4711926812016983 0.0024495571216419654 0.012838627514149159
7 0.5405462761970835 0.49531275524949325 0.004401848120453078 0.005460405241733135
7 0.539027189216176 0.5120696792935306 0.0006305768479069052 0.0021568254730462977
7 0.45595735140494664 0.48255946179687764 0.002918803956815097 0.015322412022377718
7 0.45294432815791563 0.46691269999383833 0.0029719085415851887 0.014597547315722104
7 0.45519065059107455 0.4685471318039349 0.0028143000551227315 0.013868464531524738
7 0.43388738124281045 0.47481505258146744 0.004584472872273759 0.022241162588180208
7 0.44037619013888896 0.4639206772442369 0.0033097781955461203 0.01593421625174457
7 0.43688944403410324 0.4617530227047671 0.003528972300089972 0.016904230653653873
0 0.5961978554912877 0.519825854045334 0.036184056668474573 0.019049999004961737
3 0.45121583294225237 0.5192561853285312 0.034453014018203665 0.027065271689129977
3 0.4662809135223781 0.5313271728905848 0.039993773847018466 0.062458369222196386
6 0.5576321425393278 0.5180966239649051 0.0029061150748216358 0.022572547305485635
6 0.5518371031756766 0.5213615123856543 0.004230702397185371 0.029601875559360002
6 0.17803758054460872 0.5143932747326789 0.003692198885145548 0.019934174730612653
