7 0.5301373611840616 0.4877716910772821 0.001990057107696175 0.010897833907878907
7 0.5048073264087254 0.4792815526945927 0.0017542721682040074 0.009197319650605384
7 0.5296188984348978 0.49660306360462736 0.003148276616034895 0.00392675556711114
7 0.46883310949760865 0.4874618926656382 0.001991376546423118 0.010957267733888443
7 0.4678789214061947 0.4770795650367312 0.0020061762203852918 0.01006550429572517
7 0.46895665421003047 0.4778740591165008 0.0019328999375752831 0.009713378789040161
7 0.458248110063077 0.48392196838623075 0.002668180166229106 0.014092522965301613
7 0.4602964415728246 0.4756861370009957 0.00215630693624691 0.010683382202577418
4 0.43693303787842985 0.5139987662240536 0.007853376873662554 0.014000075124257494
3 0.27513731980529715 0.6788565655707295 0.23041188589217712 0.2930074308643209
3 0.40241340975218487 0.5129048507942133 0.02401658871632595 0.017937247339146256
3 0.5003142783743841 0.5247601776203605 0.02678558105065809 0.0492648126634998
6 0.5441840790746466 0.5116884160081328 0.0017238459494856029 0.014675553956134735
6 0.3839898522603663 0.514146076278845 0.002647850206689839 0.01947484238437658
6 0.23592207085644146 0.5103423981412595 0.002136009046747156 0.014377403283953205
6 0.36519410877958214 0.5126098622159787 0.002258436418233034 0.016763831607691904
