7 0.5513349592627493 0.4791761835163444 0.0037522077263585363 0.018947815367302834
7 0.5076075055424518 0.46447269651246764 0.003057950368129725 0.016006389344144334
7 0.5504228252538603 0.494455371810937 0.005497447858707094 0.006788534162977644
7 0.548552763728031 0.5152751818213699 0.0007929531750100471 0.002682929495505859
7 0.44524352297696707 0.4786242698905901 0.0037918103510438117 0.019131256574087763
7 0.43954306018010764 0.4577868251616657 0.00391232794636831 0.01883507435789089
7 0.4432320320109876 0.4604511132516007 0.003644776522910842 0.01763881541898077
7 0.4078041940642405 0.46516705017954263 0.007018123503428508 0.031276165240759046
7 0.4213484395620354 0.45271578357931186 0.004511418748025353 0.02112060446876418
7 0.41511483916934694 0.4488654406299518 0.004925191699450604 0.02285886035818202
4 0.5411729345984395 0.5269308337954942 0.014531599933308548 0.026823108690174013
0 0.5669669514720801 0.5261713179136105 0.04566139475573783 0.02521006873660836
0 0.6375245446302295 0.5263111590599517 0.04269983219499651 0.019679964112763182
3 0.5151677284135378 0.5258523280026799 0.04447091296113298 0.03575133658254637
3 0.44172627225001165 0.541158480271851 0.04725063582520905 0.08141095265355058
6 0.09976723722730982 0.5300964982671452 0.008313881915428825 0.04096253471151445
6 0.5739273665535292 0.5248373826504358 0.004407256935362702 0.030678700993628127
6 0.5276366266523251 0.5340980143976968 0.005590765340635184 0.04241849697293165
6 0.12819653857815322 0.5184150367620816 0.0048699849012601715 0.02477426194706145
