7 0.5002638815236616 0.49122794865167263 0.0031376554342941176 0.008118458999063216
7 0.5013494765692181 0.4838384720537952 0.0012745584189057801 0.0073244493812889555
7 0.5014085754027927 0.4842744207870826 0.0012418455967273534 0.007136208400189137
7 0.5454552922639373 0.48954643159580186 0.0038061872700287935 0.00954547936522332
7 0.5086981701466884 0.4820622227996312 0.0014157539421639775 0.008093051334244206
7 0.5231741437932476 0.48206265702216516 0.001460468566372275 0.008094764732256454
7 0.6158317659347284 0.4760908822621208 0.008788338493894932 0.02093480552296928
7 0.5356938836061471 0.4596351617551807 0.0032815722036523276 0.01787314700527537
7 0.5674154175530974 0.45962567107383145 0.0034961540456810436 0.01788151525730214
7 0.3745934583003323 0.4806805870716011 0.007212476008163549 0.01698506924518217
7 0.3581774678088532 0.4761897854872408 0.0089201824285422 0.020784628646893177
7 0.4382423846925772 0.4603174405422471 0.0034421105177432354 0.017560527745188903
7 0.4071408239307932 0.4603264396741842 0.003644124999146403 0.01755246046690556
7 0.449763875635583 0.4895461084749452 0.003829183237378575 0.009521202252429084
7 0.452108762510421 0.4834189337033151 0.0014436751284992444 0.007499208331531171
7 0.4506873533333833 0.4829367420131302 0.0014876004529469355 0.007707376528566734
7 0.4491227152761031 0.4973022764569447 0.0027938026550756723 0.0034428803611097902
7 0.6471490273830799 0.46883640277204 0.011627869393046497 0.027106568132077014
7 0.6191049551673642 0.4570027733561024 0.004090174462386464 0.019041951168380866
0 0.6746991860087552 0.6382317927080405 0.16387974179405707 0.19612187698952444
3 0.6853890406737765 0.5154742983746826 0.04936093723338231 0.03429902530471701
3 0.4889225298848223 0.5204809988757416 0.02838971237661475 0.03063440481705082
3 0.6848589120133088 0.5078293347495785 0.02354896641774662 0.01623831565569417
0 0.5179873955314503 0.5130434145476324 0.008136602000055504 0.01249476668964511
0 0.5031116526835259 0.5133826970223234 0.0078025459781624895 0.011293985808633611
0 0.5020876060989001 0.5518568982679759 0.033743550499373276 0.053083374792746385
5 0.4889663993748401 0.512612707535717 0.0035708233505572506 0.011282557239164492
0 0.5028619410343116 0.5136476153167769 0.008148599939696022 0.012738703776908222
0 0.6168550200903862 0.5285068316657807 0.04935459213689053 0.026513444821994137
6 0.43430279776416747 0.5109918245903142 0.001789337229114507 0.014667904389149222
6 0.436694764969907 0.5119832527606513 0.0015986126370174936 0.00848993379455476
