7 0.6107324470931444 0.4683715753686145 0.0062460536888864215 0.026174460423342982
7 0.5510125488961191 0.4481200936369533 0.004497454802989798 0.02210020165328641
7 0.6094052520818826 0.48936938371524097 0.007769688326082935 0.009320362039938412
7 0.606925319669003 0.517929512045127 0.0011595845514601466 0.003685807948540676
7 0.4654622407080036 0.46748914641882766 0.004879878793134451 0.026462294848602852
7 0.4611297673527901 0.4345995825117201 0.0055659348324428315 0.027833883888699784
7 0.46482504826086535 0.4403160909326295 0.005037059815688361 0.02529874926614728
7 0.41638829017784545 0.432876088554069 0.012327551846749607 0.05712652220574793
7 0.4361308436363853 0.4227448563678891 0.006877077878768734 0.03312122469215495
7 0.4274020115239582 0.41276310748787187 0.00789215259211673 0.03760387644376362
7 0.41702637276859833 0.5378522702454789 0.0017201862761828113 0.00781536180362774
3 0.50599416398788 0.6390877212105004 0.12656266616565637 0.23451163544064824
0 0.13496795659652616 0.5389890216200184 0.09177376298741034 0.05015467396729345
0 0.805475067338888 0.5311494675404298 0.0637565090709381 0.043861178726025796
0 0.8124979206538971 0.533536994793443 0.07729799566829465 0.03087434126733457
3 0.3717883536456599 0.5292865702493521 0.09777971934488239 0.07144159193019267
0 0.19191296960112714 0.5385414154469648 0.08224851830407834 0.038650639776135254
0 0.04703010125032489 0.6762048981597977 0.09406020250064978 0.22011991243635076
6 0.09020665635033322 0.5260133535896101 0.006770694896458873 0.02303390421631124
6 0.8917725908452843 0.5211426957479841 0.006678301901647088 0.03293967509258655
6 0.059922743337052053 0.5399218425038483 0.012074314206752285 0.06041405456066806
6 0.22189773022921283 0.5218018766393877 0.006164405254684896 0.03385843886831952
6 0.7729459333589759 0.5501458932217829 0.013573769175204364 0.07548093129659261
