7 0.43228348302124353 0.42391082061777086 0.006667678272181732 0.03198206429662426
7 0.42411277413242676 0.41465245157195685 0.007612480506436536 0.03613982594351767
3 0.4985012998262058 0.6197495174551334 0.1104872315316171 0.20363473892560036
3 0.2897025242222907 0.5278419020542879 0.06574431370439032 0.04607677434250268
0 0.7177790665525955 0.539754065402609 0.08350304407179432 0.042525932018905976
0 0.7960698085786634 0.5298446293017309 0.07376318309572838 0.029867928866065152
2 0.03176419263551143 0.5143735738174111 0.06352838527102286 0.08568439367900327
0 0.006740452427388846 0.5429591447654823 0.013480904854777691 0.03984842441263581
6 0.7179020703636869 0.5363834001548766 0.00923026198506216 0.056864949651095675
6 0.708600447589415 0.5336801891594203 0.008461894379845791 0.05305512584721184
6 0.702069501101598 0.54736566187971 0.012743911115295492 0.07477028775148853
6 0.6956275199401869 0.5459803948126779 0.011212128922484244 0.07270783224839983
