7 0.3870041827102739 0.4598814524473899 0.009248804047632897 0.03866662186240921
7 0.40773195674305374 0.4468819476182584 0.005436227690463091 0.024944819457764555
7 0.3989295407075682 0.44152046890779606 0.006044989085162933 0.027406252103591544
3 0.5002160112857631 0.5691329503761084 0.07055255458599952 0.1302841001676448
0 0.4470330478856499 0.542496500807587 0.027246042884244148 0.04228452329637744
0 0.3180937977400081 0.5391406609333945 0.07048916557666329 0.030740885951613173
5 0.24692930521843803 0.5373301443257972 0.02827408805175205 0.03193217310516483
0 0.6287179772983211 0.5386925422501316 0.05125280265707122 0.032591753171010374
0 0.47820255522244404 0.5349449276996588 0.04753348038641053 0.029717886774091484
0 0.4278565681403275 0.5391879306929344 0.05315673271783983 0.03302133121631601
6 0.32803826249183343 0.5471931999387442 0.0076338489698788425 0.05499424380151097
6 0.6225670715523917 0.5403280589625785 0.005179822582443205 0.029711145313313314
6 0.7447305146939667 0.5690043837096045 0.015923183430883392 0.09071904388818042
