7 0.600251948939156 0.45657866831375704 0.009697951066772847 0.040929376967398456
7 0.5981766672417881 0.4891696396266988 0.01196866798528573 0.014448295268243427
3 0.6182830086884763 0.6218410626511701 0.19649255319929448 0.2375161254765228
0 0.2686128645593024 0.670923586610997 0.15440933432022153 0.2157523013203565
0 0.04333791843672453 0.6076532098385911 0.08667583687344906 0.09794381063911728
0 0.9930616813554061 0.6001065357720543 0.013876637289187754 0.10834414879931675
0 0.06708508651364262 0.5807366662210034 0.13417017302728523 0.08971265484494773
0 0.4373357938380791 0.5806484457036558 0.11463456631384378 0.07970353130116237
0 0.9345193739900848 0.5594249028499846 0.13096125201983033 0.05787167310869168
0 0.9979910667287416 0.5612958408957529 0.00401786654251679 0.05567188674292378
0 0.9604469060813925 0.573001163073444 0.07910618783721513 0.06110651523172783
0 0.293411691012195 0.6086270197209092 0.12660717275000205 0.11498243624616244
6 0.9933363542907507 0.6979054286341534 0.013327291418498532 0.1648494310513482
