7 0.6698168321801616 0.46543233195523415 0.013621642275866597 0.03123380899736178
7 0.5508539760172833 0.440820609893889 0.0050597527117810515 0.026847061012804874
7 0.5981473797840624 0.44079510524169185 0.005539155530632334 0.02685883300738362
7 0.6653205938724834 0.5251808010827246 0.0014938321840165525 0.00445705163145016
7 0.2871230770976928 0.46573756201290906 0.013935855709512002 0.03096611318444792
7 0.7520814409756564 0.4467956011270766 0.021756394650569333 0.04730081402970698
7 0.6807927011061591 0.4347839080620959 0.006996576988267611 0.029551964230230487
7 0.7014704449529225 0.42696799945933817 0.008062438428062868 0.03306956402085087
7 0.7478450272913647 0.5363013653174005 0.0020681974375982293 0.006683090793520807
0 0.5988769251256657 0.5833994407404876 0.07008191249818219 0.08526113299347893
0 0.5009535921701185 0.6046075545277421 0.06774157154615318 0.11304922665917971
