7 0.5767060564337925 0.46899601991763773 0.006067041749147073 0.028224408747861363
7 0.5121149910950435 0.447130213856581 0.004558392365405783 0.0238581294671803
7 0.5753205646122227 0.49162245872204785 0.00822498551026074 0.010039098619805897
7 0.41959260512800706 0.46797860183295564 0.006190560590976335 0.02862042092353767
7 0.4031235074323023 0.43125462433124057 0.006708777816940847 0.03072766860485443
7 0.41249218828336953 0.43804514483573787 0.005965723818800728 0.02766707019842224
7 0.305681456899364 0.42453363350149687 0.01997500764109733 0.06822767107333866
0 0.7474014018467574 0.5522847034669185 0.09959048746953558 0.048778794355676
0 0.5005880980755963 0.6379878841347653 0.0973876826541179 0.16931563310998465
0 0.520748823290806 0.5729278573528223 0.062283765875367936 0.07439961160739539
6 0.018603058648945195 0.5855687680872657 0.023118930311789767 0.10927015506068283
6 0.6463211759086112 0.5434099444523597 0.008936059099780569 0.054733414281215365
