7 0.705280960629047 0.45520848960127946 0.017237768189951375 0.038666056547957794
7 0.5586768013071718 0.4244714051693481 0.006411404980631197 0.033471586452575586
7 0.617220526135977 0.4245134592697548 0.00712993378547111 0.03345820614834499
7 0.24384495565496617 0.433269313157884 0.007794717483320196 0.029461226011711028
7 0.2677128248891877 0.43955182343146093 0.006826814627064859 0.026636362555554738
7 0.23137788665095443 0.4552448469910403 0.01796511855210539 0.03854495543568065
7 0.3797666927726725 0.42653800782071455 0.006941825068456697 0.032517181218960634
7 0.32273863432926475 0.4264978399151661 0.007632775225511035 0.03252983150119415
7 0.8484320670547245 0.42320564425318297 0.03240577376036102 0.0667178822325959
7 0.724587096265013 0.4152507207819405 0.009487326304948196 0.03768458906416344
7 0.758839742897457 0.4023687613114759 0.011468636333343385 0.0435953333286761
0 0.7706554835259563 0.5422617827151617 0.0412315455001625 0.035478750243225
5 0.6487751998766251 0.6332950779941604 0.06536120994923467 0.13966715266934537
0 0.6774334050853342 0.5699225812308337 0.08042833079488942 0.07195743216944162
0 0.7752801212365417 0.5359374356326783 0.07745481658997355 0.03854782225847153
0 0.4965856629299942 0.5632500631261802 0.04562655676647376 0.06764885973605228
6 0.00999489532981809 0.5665836640420527 0.01998979065963618 0.09546888763481387
