7 0.4631251121718451 0.4458276597477555 0.00470104498936641 0.02365855640619735
7 0.4315664300242059 0.44982990560549063 0.00893904146299801 0.04377793387625023
7 0.4432586162807527 0.43749748390481646 0.005610976870619844 0.02737985941682647
7 0.43734405535631393 0.43082740329564384 0.006271675215602346 0.030373800486797997
7 0.4317835882089443 0.5312222230775356 0.0012772558787078614 0.006056947128574963
5 0.6019267166994315 0.5856788388816125 0.03500672256510606 0.08823505953249511
0 0.5000637977977604 0.673280974662471 0.12077542358790266 0.20776654172989684
0 0.5000363235733492 0.5984330983771707 0.06638684718209864 0.107715465453873
6 0.9501390906867169 0.5776273483355956 0.023702175827293503 0.11172289167675598
6 0.9601431762826349 0.6051777569805901 0.0323241766422262 0.15179411877942373
6 0.7114643378204322 0.5482899774050052 0.011818766681903736 0.06941861551561745
