7 0.3480637523719797 0.4593284293334007 0.009744793100428528 0.03505747545260174
7 0.2960774090277241 0.4090597014525055 0.010247292001009045 0.04013024510576951
7 0.32277931311930835 0.4202095970800752 0.0086814681911771 0.035067567208673434
7 0.34926931670665734 0.48714026735440186 0.010656536380874937 0.012551633588418654
7 0.644026370484616 0.46111245662386197 0.008378184881964179 0.032911372131043115
7 0.5204606997789872 0.43610149243374785 0.005202429148548182 0.02762692978851361
7 0.5692694156265816 0.435933392541339 0.005690468317163133 0.02770161522839909
0 0.5311382047653821 0.5287474921994786 0.02995843587982361 0.032246430631284184
0 0.5173471935047591 0.538806326335229 0.029875312235585483 0.038982350210473804
0 0.5738782131225063 0.5188723096965417 0.027162178867950137 0.025300196291311416
0 0.5169072312023637 0.5225566620078737 0.0265598514393105 0.022245297294902433
0 0.564038355428053 0.5325689447738262 0.032418913674824634 0.037054279894654485
3 0.6268897629861596 0.5390027291456947 0.11804764829930203 0.08091758330311993
0 0.5624891642458185 0.519226159711511 0.03170380716686072 0.02139532399643662
0 0.6065746291093606 0.5216060311325805 0.032129622609378905 0.02126115592092026
0 0.6011508456331361 0.5193515783455596 0.016949849970310016 0.01626583656025893
