7 0.499001183256667 0.4888094410964459 0.0034062257411496266 0.008816579844829642
7 0.5001767859606647 0.4806864584050681 0.0013912071112985869 0.008003176745500495
7 0.5002421874988457 0.481202188637639 0.0013523035707461717 0.007778954082947764
7 0.5487799111618533 0.4868007816591404 0.00420885031028484 0.01052328325959656
7 0.5082748887982482 0.47855765460928623 0.001562497014252262 0.008929507960128702
7 0.5242336666358505 0.4785539892699404 0.0016169171734361498 0.00893095849576786
7 0.6436014133609231 0.46835008849358795 0.011255895150776296 0.026291634303015066
7 0.5432360348973331 0.4476691801247954 0.0041924355468122565 0.022530527004532896
7 0.5830597583391572 0.44764757640132846 0.004531123671356885 0.02253977647841271
7 0.6397636960791737 0.5187145456882422 0.0012238052315356462 0.0037519048569887303
7 0.3482913497504945 0.4752601458227411 0.008803799579701344 0.02037295598714811
7 0.32335340627964454 0.45210137219948054 0.004890759785895371 0.020562599905327106
7 0.335504893279497 0.45529894831429785 0.004472334052384674 0.019145077665021326
7 0.32073417920185604 0.4685883460580055 0.011477336184451237 0.026092821915697395
7 0.42118096099160207 0.44875577459891147 0.004434863904427433 0.022048129693365504
7 0.38227303799231444 0.44877646719013875 0.004752233244759929 0.022039284367029455
7 0.4433120626613406 0.4868318989812018 0.004238389287336108 0.01049871478454062
7 0.44627484415387053 0.48020225266883104 0.0015943775105163316 0.008214260829003006
7 0.44457264939967794 0.47962672286740216 0.001648049663002471 0.008464682748629604
7 0.4426241576835993 0.49538330649636053 0.003087578733857954 0.0037936716861369235
7 0.6503588488431074 0.4434551605891052 0.005514763566007552 0.024408198342958598
7 0.6642834083747164 0.4381977582582617 0.006173553942348309 0.026759638020545373
7 0.6946402047014237 0.526100704136118 0.0014640880524376954 0.00521425637350359
0 0.4996589734331731 0.6895460883185186 0.13293925185480487 0.21679481760720476
2 0.501272997758574 0.583243270826115 0.08703058293063748 0.14296503092630797
0 0.5021599372877183 0.5127920326279094 0.010278239759129837 0.012892766262386446
0 0.5018949507830108 0.5122192267848747 0.009664139858920229 0.017112500581976775
0 0.5013413724356011 0.5153628998656218 0.010542665011191832 0.015600904420034256
0 0.597804895779941 0.5802187689918084 0.08133233425624287 0.09043605009405797
3 0.41666672292369894 0.554448894557692 0.07728896385419359 0.11384241351554569
0 0.5186334441112783 0.5129915031469421 0.010595358628927465 0.012892744333939832
0 0.26283714980422135 0.5271883683506546 0.05696147470162902 0.0274305807539873
6 0.6309962679521933 0.5168433787608142 0.003669929414517048 0.02529134072953143
