7 0.3480637523719797 0.4593284293334007 0.009744793100428528 0.03505747545260174
7 0.2960774090277241 0.4090597014525055 0.010247292001009045 0.04013024510576951
7 0.32277931311930835 0.4202095970800752 0.0086814681911771 0.035067567208673434
7 0.34926931670665734 0.48714026735440186 0.010656536380874937 0.012551633588418654
7 0.644026370484616 0.46111245662386197 0.008378184881964179 0.032911372131043115
7 0.5204606997789872 0.43610149243374785 0.005202429148548182 0.02762692978851361
7 0.5692694156265816 0.435933392541339 0.005690468317163133 0.02770161522839909
7 0.6392586425026392 0.5230608525584055 0.0014902787769619508 0.004612266896500183
0 0.6375145292313096 0.5192928053416661 0.03481233160416852 0.021342182822738143
0 0.5993508039021547 0.5220961781283078 0.03348550339800749 0.021493456093828023
0 0.4689237007122219 0.5370091749930508 0.03303040808624341 0.05064657836747788
0 0.4072027551218532 0.5464718558964408 0.04192957760684107 0.04716393646955408
3 0.5418824053370781 0.5205068665099039 0.03778433713985807 0.04286805882167699
0 0.4412984177300029 0.5329513772356176 0.03578906236167517 0.03699891907911179
0 0.5027133630182642 0.5248688924453744 0.019129085456492945 0.020768930867165247
