7 0.505370456389638 0.48830748845249894 0.0037701841473002373 0.009761183204257506
7 0.5066677423014214 0.4791608101542971 0.001551958059829217 0.00893407090346221
7 0.5067420920333243 0.47979878515625596 0.0015037144803000668 0.008655603943377721
7 0.5616627503854738 0.4857861598754156 0.004793520411990437 0.011914968953830984
7 0.5158176306055817 0.47647799555445136 0.001770949744618222 0.01010649003180869
7 0.5338753147625579 0.4764627720198743 0.001842120077995335 0.010113164233753857
7 0.5670671837566973 0.42747476707223653 0.006105798543322605 0.031921481348788416
7 0.6232344792158768 0.42732767632991847 0.0067939539857032605 0.03198814867096578
7 0.31241784104484593 0.46925931347591976 0.011547712694166323 0.02610453388864331
7 0.26819620996100424 0.43639949010344126 0.007194908319489157 0.027891784442654555
7 0.2897053730110672 0.4420645907323773 0.006353078260827649 0.02534706345404325
7 0.3113320314751582 0.519396719380973 0.0010669049519899665 0.0037663176244053798
7 0.25777285750328144 0.4574528334957668 0.016603440991278307 0.0363185516590529
7 0.39692184196303937 0.42990334244118994 0.006486619504207536 0.030822364723770423
7 0.3431882571968622 0.4300401433120249 0.007075873702152791 0.030760470670449014
7 0.4425306212653005 0.4858661959645169 0.004798999145775695 0.011846377179646095
7 0.44645443150864256 0.4785899744395413 0.0017999831050069526 0.009183292363303397
7 0.4443308291525088 0.4778710821191071 0.0018685092297331396 0.009497361098326162
7 0.4417825719118484 0.4955122666712905 0.0034880447617644528 0.00427730941536808
7 0.8370329720124463 0.42773134710014005 0.030201614755744344 0.062314717767008976
7 0.8299616331800381 0.5447937817299966 0.003064277651672942 0.008763160452923469
0 0.08406046720698374 0.540518344685452 0.11871634784234782 0.06205385851310097
0 0.46389636406963386 0.5373263838231142 0.05844820739133122 0.02944704832084899
3 0.45351551465397805 0.5195077532927715 0.01727345611557185 0.02858736250396099
0 0.5325904404285127 0.5197293558874424 0.014917367268172277 0.02178232182425366
0 0.5359275477898549 0.521619975672039 0.018601280851838653 0.026740777775080216
0 0.4415545115672523 0.5118278071644263 0.019354215118655538 0.011164664412803837
6 0.4199726040232288 0.5131015270424464 0.002402483541466105 0.019007946813563437
6 0.10414533321246879 0.5218824268895962 0.0064211158982625804 0.031568709151651886
6 0.9589281314163773 0.5224061752110789 0.006995881566202122 0.032313580682981846
