7 0.5901373655804304 0.4746747131923801 0.005000010855674697 0.0220759035010909
7 0.5395615343336617 0.45753027725207657 0.003754662741411452 0.01865131287106825
7 0.5890363573418211 0.49243568502885304 0.006512972477483614 0.00788637238671075
7 0.467132592291308 0.47391622230954955 0.004039468407849911 0.022324335051673305
7 0.46473305829596134 0.44813300892714997 0.004483212950334325 0.022606698084835952
7 0.46724241798055166 0.4519630518917174 0.004133161056610879 0.020904982649760706
7 0.43603929065804764 0.4530632375751786 0.008218720309069227 0.040817639311708676
7 0.4460973589853903 0.4405662240810554 0.005304795121586547 0.025980998308977432
7 0.4407959339889722 0.43458007391594056 0.00589216737011955 0.028661992487403976
0 0.09992569339228381 0.5338100344962977 0.06383655585305067 0.02875177694535036
0 0.035687099761207014 0.5295027940383656 0.06843309775989498 0.029473915769971493
0 0.2767223791660879 0.5304045890069077 0.04817564516587719 0.028200842102911627
0 0.6633218733159647 0.6345111492481701 0.158445941216646 0.17873108063087328
0 0.5923618253409273 0.5393417251709587 0.051354888987787395 0.0373369186843604
3 0.4999895871509274 0.6553010614503112 0.13822370928107575 0.25770092097722574
6 0.27000784388545157 0.5250584124648774 0.0061836244025700315 0.016668265022078743
6 0.264929394032216 0.5260588256622984 0.0056471362696871585 0.03350947848155694
6 0.14746324020854334 0.5454801079475557 0.012677690646091588 0.0654493403599451
6 0.6337272110668797 0.5195208803904519 0.004518034742810428 0.028164435499920537
6 0.35197035382636027 0.5545434047835267 0.01127763680766758 0.0338653365700573
