7 0.4059403963458154 0.4852780519763231 0.0045130799050908665 0.011348091783056347
7 0.4058059124866459 0.47438669565341174 0.0019292078388209455 0.01051250417833055
7 0.4065838610502477 0.47525321283200045 0.0018568757058251006 0.010132834933029966
7 0.46860022208958263 0.48216279386582794 0.005554466498329191 0.01401659149254314
7 0.4139568378272104 0.4707477504435657 0.0021771428297320816 0.012109842824525985
7 0.4356882860293461 0.4709192167709367 0.002126006928489077 0.012034581726775073
7 0.6795513401715169 0.42320133585711667 0.028134726546831468 0.0655890715648727
7 0.4316896602938798 0.36135930933475174 0.010462593384765961 0.06227803947181909
7 0.5354735596138244 0.3654188227807051 0.012060473656912096 0.06034269130603109
7 0.6709311226616483 0.546626065960715 0.0031802940521887813 0.009317184260863365
7 0.023194687720914604 0.4466503910162123 0.02475106862037337 0.044829755127729964
7 0.08437861572079948 0.3554314193671968 0.019814524577944054 0.06511332238815115
7 0.3228569749154653 0.48150090339997803 0.006306983189159121 0.01458277909879957
7 0.33124725476956685 0.4730175191118474 0.0023888303691922963 0.011112590077066165
7 0.3273196068600367 0.4719734686444169 0.002505475281449898 0.011570880499863434
7 0.32205412176316284 0.49335182869355326 0.004544073709062124 0.005256948533388983
7 0.7266965379177713 0.3420425182229959 0.01837711390649921 0.0715690781098774
7 0.8207552576913475 0.29261636981859074 0.026871282581810818 0.09592243480485257
0 0.2597292846586827 0.5143607791794889 0.029103144530700453 0.013943014756423233
0 0.35575813186500893 0.5115166529035049 0.024034199419786517 0.015408321877245279
5 0.4161382165961347 0.5834746806286426 0.023894967288042412 0.09540131707978372
0 0.7613123548688345 0.5517993568907423 0.1048414988720755 0.053073322001775614
0 0.304775529495657 0.5281601168849173 0.034536440408443225 0.03945055967705857
6 0.4512787622501183 0.5343007478452316 0.005348218279969064 0.0461427388210629
6 0.46216659211467537 0.5360758245421139 0.005776599913045244 0.048242835330569944
6 0.7768190050420628 0.8180871127356496 0.09664127248564935 0.3638257745287008
6 0.9378726174337735 0.5262815655823496 0.008395333014359685 0.039595939409549974
