7 0.5313964287442721 0.4666136271954996 0.0029384256527374975 0.014757588597063054
7 0.47393828731436954 0.47964465656475863 0.0031119519006419516 0.01763138390804242
7 0.47316531082602326 0.4608490224477649 0.003361659477271295 0.017129169349297202
7 0.4746252618295408 0.46310540670435346 0.0031606748190868283 0.01613393398377705
7 0.45649778339611324 0.4684305737338953 0.005167354159881898 0.027459732175309726
7 0.4603711468591342 0.45661844867850754 0.0038068570383155143 0.018999098371772105
0 0.6184311112119363 0.523595378321613 0.03364910098644758 0.021410979952387943
2 0.5778712950612168 0.5288650874429227 0.08379970524054836 0.14885391541614051
3 0.4999454616289749 0.6085596373419135 0.09501822852630554 0.17663465106284337
3 0.6630953033358427 0.5192058365213718 0.06320999996401344 0.03913455300551316
0 0.42939139520591085 0.5217514854399524 0.03989022990795871 0.023297301319504138
0 0.625526697950944 0.6018481400945794 0.1162647901180055 0.1295463380302918
6 0.33112235955561165 0.5162827936806095 0.0030151205432844552 0.02301092556157336
6 0.4401628782159811 0.5266885434982447 0.004352971584921483 0.037896709931200534
6 0.6246513843440213 0.5232071660441792 0.005188580797459208 0.03292303780118799
6 0.2616203185553666 0.5203180625121883 0.004982392517484113 0.013274076375243027
