7 0.6279594612169884 0.49161275543441285 0.002852468435068367 0.007141614516832984
7 0.6287427483171247 0.48526919336818813 0.001153634573610729 0.0063767989498411115
7 0.6288773229864963 0.4855867608097667 0.001128542141096145 0.006238470978156885
7 0.6681948822240025 0.49020308566712417 0.003466173433853026 0.00834708351383806
7 0.6349339975175265 0.4839471654884279 0.0012467616863407471 0.006953082042118752
7 0.6478941403159456 0.4838425421197411 0.0012944193890580546 0.006998762797319202
7 0.712701858456914 0.48179987095033955 0.0067847225680660594 0.01556078620670387
7 0.6505423414017973 0.47054830467374675 0.0023740654145651963 0.012830585473685097
7 0.6746294190165898 0.4701940308154832 0.0025438886128736904 0.01298698990215974
7 0.5250676068058047 0.483493536659841 0.005764369135785041 0.01410156287210651
7 0.579732597177508 0.4719015834062068 0.002363316973478913 0.012233651534893086
7 0.5580739012243545 0.47221661987136465 0.002408256574742196 0.012094767798503991
7 0.583796575623885 0.490620934500557 0.0032272250017900683 0.007989096401389173
7 0.5855137581652214 0.4852946363914707 0.0012271017803057171 0.006365555465124517
7 0.5832418954290471 0.4971225560937916 0.002357812699162798 0.0028880609719765804
7 0.7168178416478728 0.46676043737905304 0.003112669115560851 0.014504572182693354
0 0.41978036145899084 0.5756228703200559 0.09443888856108573 0.08885823827881811
0 0.44704416043018236 0.6148562852398404 0.1365511779042769 0.14922220892492577
3 0.5964500465701488 0.5107913324369522 0.009098551341910066 0.015687273552834613
0 0.6060063589129638 0.5155177155384909 0.02782684241194644 0.018711342678778498
4 0.5902764535500382 0.5178935717961599 0.010981417872398591 0.01852185187398958
0 0.5191304816282738 0.5186594258649497 0.027699355813725846 0.01575878518630469
0 0.6683701192609068 0.5089224040628031 0.014546863063997217 0.008276097001661431
3 0.6631371861062556 0.5319745438478125 0.030250985253847285 0.04901762313757563
5 0.8645469599828086 0.5398557188688045 0.042481097995173744 0.042118327280910584
2 0.6120887539599631 0.5052444391038547 0.013984207617705025 0.027335355570985598
6 0.5636381068330465 0.5074397473625013 0.0014755234680986495 0.010761402014205723
6 0.5740287328878362 0.5077817570078675 0.0013011598383031453 0.009984286584326596
6 0.5885368555819989 0.5075941864640497 0.0013398901092191995 0.010824418737992003
