7 0.3671792160422497 0.4882400721104633 0.00420925290780666 0.010502657002191385
7 0.3680681514653442 0.47836866862467486 0.0017529692529876795 0.009635855205407162
7 0.36837892607068645 0.4790845108340153 0.001695048320479564 0.009321627118781595
7 0.4268994692228046 0.48586044748527996 0.00503689022668663 0.012550124042578381
7 0.3772978628225254 0.4754671442540413 0.0019396711479178763 0.010911479533012525
7 0.39712493955321315 0.475696634177874 0.0019771842503228942 0.010810532558398644
7 0.5741050918175082 0.45403255627695377 0.016665578190108166 0.04030193198045462
7 0.42094046969128013 0.4162304689597981 0.00695148776660337 0.03763278678075749
7 0.48483176688199836 0.4187721649301873 0.007384334649795488 0.03645993310990636
7 0.5687608987485171 0.5304743805361515 0.00185584666382832 0.00573940354255198
7 0.09403916433756215 0.46092981543572076 0.01808012353407175 0.03422725950439692
7 0.00668716252367211 0.4128240547300337 0.013098890444987568 0.03920740190817168
7 0.049942639938881206 0.4230645155993722 0.010919681498737926 0.03448303117143475
7 0.0919413095758394 0.5261824533019495 0.0017539000841121782 0.004926245113118788
7 0.2003842061193178 0.4104240960125317 0.010059889428872593 0.04032077790664351
7 0.1199968664242815 0.40732698415116375 0.01186309951602095 0.04175971270330142
7 0.292705308940309 0.4849523365438755 0.00582271468311818 0.013331624133852193
7 0.2984437625360412 0.47694577229980784 0.0021854440271585895 0.010260817494854135
7 0.295525229632877 0.47607708293000184 0.0022798389683946763 0.010642844025425091
7 0.29185007822700637 0.4957800948446674 0.00422299768195572 0.004808920532660799
7 0.7110872965283629 0.42049507897365335 0.029786032446085686 0.07028031189332984
7 0.592479868133216 0.41235280792763007 0.00913411987634638 0.03942747591678014
7 0.6253389751996729 0.3988359681649173 0.010943683277882199 0.04572486139040516
7 0.7036071434804246 0.5507549372067493 0.0031492704391811177 0.009787083574053335
0 0.34032984114503734 0.520741164741862 0.017177832536592663 0.022068672816042967
0 0.6756408293009678 0.5359507832110444 0.06907401024990523 0.046541860729430895
5 0.5712924940064796 0.5707762855020149 0.046687649732785275 0.07029827854608084
5 0.4978030168227071 0.6704259377486403 0.07150614571620584 0.19384094145305186
3 0.25952572330769996 0.5593551709473374 0.08160281920317619 0.08985217592233141
0 0.39057664230454286 0.5166080035947185 0.014603594152496124 0.02432289858794967
0 0.3897365334325542 0.518054443278936 0.012344564101605393 0.016730686305743925
0 0.7703918895496074 0.536600566996575 0.06194102178182215 0.028831807976015922
6 0.7427380370298435 0.5213269647574214 0.005233327027239554 0.029597073055602108
6 0.41755188107438435 0.5125027158674265 0.002759083716635413 0.01703046961814525
6 0.6567736573818239 0.5233779670077412 0.005248411657688412 0.03252313603087387
6 0.4333959459929818 0.5122104402943957 0.0018751081232535882 0.014922702186797365
