7 0.3726219941723192 0.4755566906209494 0.005569165993990488 0.02171446530917437
7 0.350622744111618 0.4507484116850351 0.005225795607588235 0.02187149808704647
7 0.36163743040685115 0.45433851619167104 0.00477420387839389 0.020274771257280833
7 0.3735903613300112 0.49296941660228744 0.006579298012611756 0.007815995401174225
7 0.5605583771620511 0.4762781921239687 0.0041528340538690145 0.020721457423472756
7 0.4818036154778953 0.4602462926583078 0.0034059165168632832 0.017472127318215902
7 0.5128452890261462 0.46022665330734086 0.0033303923708816185 0.017480702088363165
7 0.5575140592269445 0.5156636123524538 0.0008691846810028325 0.002926494462086704
0 0.18258326629266222 0.7924907227210878 0.36516653258532444 0.4150185545578243
0 0.5183829282356999 0.7070770204971213 0.17004488886055108 0.2709885344447226
0 0.37777531005815945 0.6198574632516405 0.11978765593593937 0.13334518884910318
0 0.4411568664823833 0.553077958275133 0.04813081132147784 0.07061962455317583
4 0.7245505212478476 0.5284329628883697 0.019268781294447535 0.02943638799566639
0 0.41649968787970193 0.5266522354296235 0.025066561524251352 0.02574999153544455
0 0.5552996715927179 0.5177465523637567 0.02656195397284833 0.017162537019185464
3 0.5124003307896883 0.5793190483491121 0.08722836924369759 0.16051283035378966
