7 0.55674253790417 0.48719948755053366 0.0046318986549034324 0.011262624351895067
7 0.7310903697893316 0.4810985755454015 0.007322195632708972 0.016684781267553517
0 0.6177329990754145 0.5122533731702021 0.010819860169503981 0.012433013644255753
0 0.647387969459904 0.6381784344384012 0.11551178595590605 0.18318074140102425
0 0.6633200868413691 0.5106048134672139 0.007931804231957718 0.009363391515414876
0 0.6322007374229498 0.51290766794892 0.009189226861914479 0.011135541436887109
0 0.6609236458451183 0.5244521743394617 0.01600762107723197 0.023173998145333274
0 0.6674709087137476 0.5271379043919157 0.034068680901274795 0.02564801736509681
0 0.2814366545573269 0.6571289075308302 0.1984183345280378 0.19240254232027032
6 0.6005070678951969 0.5099237973891235 0.0017207233832340352 0.00574277092455211
