7 0.2771133088947709 0.4876541345240992 0.004722671825631297 0.01113585275485579
7 0.27803119234962104 0.47722451352076606 0.001972202487286301 0.010207024803603582
7 0.2784136372977103 0.47798397062278275 0.0019064564613553436 0.009872574003709556
7 0.3424423017962436 0.48555219953317785 0.005425684138141984 0.013049349374883557
7 0.28817863415356915 0.474256308450849 0.0021674780786669068 0.011524982332877076
7 0.31008489821296026 0.47470609075553644 0.0021732704842378214 0.011342412128596324
7 0.34040833351093336 0.5105643138330789 0.0005728464240536413 0.001861246757856705
7 0.4913198853978066 0.4549866187790184 0.016354143464642756 0.04011802177269996
7 0.3332208600629656 0.41310102933467796 0.007508045695447718 0.03933516300116957
7 0.40106058611936457 0.41760740403065694 0.007653175712334315 0.03728949380874025
7 0.4860304888173179 0.5308027821154078 0.0018259177731091425 0.005705077173378981
7 0.07561787461116215 0.3993093172521288 0.012776282556354476 0.045606158101026695
7 0.19138328853836187 0.483615853665861 0.006871524667506901 0.014507439518503251
7 0.1982539754671368 0.4749948066594645 0.0025753778772632796 0.011131986242893188
7 0.19478507543682105 0.4740227121487224 0.0026921930484322676 0.011559039112946257
7 0.19037375380006916 0.4953642029152696 0.004981303732056214 0.005234096904084329
7 0.6180841419735184 0.42516106123959835 0.026898702844886713 0.06723217088639555
7 0.5088284640896052 0.4142444228680522 0.008840864232909085 0.03893580892621257
7 0.5398472942449287 0.4019787951162547 0.010376281041309943 0.04470330815555923
7 0.6113985821972022 0.5492372222970103 0.0028402867246348773 0.00932937447831883
0 0.19661510137110033 0.5280464012033446 0.032255936790058476 0.031101218498430838
0 0.39242345701118303 0.5396706361430492 0.0656121783512903 0.035870389876112685
0 0.3042480159494969 0.5171409906180513 0.01997492750163682 0.015377751452590904
0 0.23433587524833743 0.5290524695295884 0.024432052169844787 0.026986696270137944
5 0.28000642578442614 0.5161897381769317 0.006183562972806478 0.01563259328702893
0 0.5789683291226847 0.5380472224493648 0.06640413063957085 0.041447449853599716
3 0.4437036502455285 0.5390035030154368 0.0701083611539966 0.05512436593183523
6 0.10340654521483877 0.52384741694377 0.006122299103837478 0.0333808774006783
6 0.6947943158678873 0.5205616309877834 0.004681603286080138 0.027286447605639474
