7 0.49722421189950505 0.4888460223472132 0.0031914263482040184 0.008257116977215151
7 0.49832995446613815 0.48132409003161425 0.0012981830450249365 0.007458004135266538
7 0.4983896066186321 0.4817709751130065 0.0012642793182830458 0.00726293255937166
7 0.54328987003219 0.4871523438309863 0.0038826877680215865 0.009732000541606278
7 0.5058267002557708 0.4795030639076886 0.0014452114893367396 0.008255561781846221
7 0.5205864258295301 0.4795112135645829 0.0014915515420450554 0.008255838923988346
7 0.617757677272303 0.4731206733692641 0.009197023125077641 0.021843186636610168
7 0.5342245358644964 0.4558806417071699 0.003440291767307202 0.018677772808912196
7 0.5673256774768467 0.45589694935108316 0.003673220944419242 0.01867920429478448
7 0.6145430508960538 0.5150197758929552 0.0009925339083289852 0.0031188516462909988
7 0.3668371855453443 0.4778582737082884 0.0075166529854058806 0.017628391047884717
7 0.3485892398667787 0.47306660415833324 0.009387120202567989 0.021751693157175955
7 0.4324219285674776 0.45653594528925334 0.0036159562655617705 0.018359814516484996
7 0.399889846269219 0.4565198522908158 0.0038377526809014184 0.018358435270248163
7 0.4456883243446655 0.4871099225519049 0.003912569333133664 0.009718409443724652
7 0.44814905745056527 0.4808683099686689 0.001474253816090454 0.007643989151673247
7 0.44667379104097843 0.48037209193990926 0.0015200513560106321 0.00786037063977607
7 0.4450371504152525 0.49502478360689095 0.002853952625693046 0.0035139819537906014
7 0.652369917967068 0.46527705847734246 0.012349126134640898 0.02864787218333198
7 0.6215599014907597 0.4531035002223192 0.004322776115834648 0.0199365621392239
7 0.6307440226757719 0.4496521561245109 0.004725082502036515 0.021478248852176862
5 0.44695779486333387 0.5088555512352184 0.009021420872900587 0.010944623082417837
5 0.5902792285288263 0.5218980090839376 0.01602806457682293 0.02331638891746468
4 0.48324366829575827 0.5119385338520188 0.004394874801261661 0.013740846479428304
5 0.6774604090721776 0.6514378199087292 0.07604053752480044 0.165145421066777
0 0.48481321737362826 0.5074292442783517 0.01596857912254196 0.01137093678140455
5 0.49046456187257415 0.50960797771316 0.0050504176483842644 0.010500315066831245
0 0.4179379681924179 0.5091946103931342 0.018823667781243725 0.009777308329543044
0 0.5721095525905189 0.5587306764208191 0.05659688547998287 0.06808749393494595
0 0.5001341065097772 0.5113307234322078 0.007969606687555864 0.011741368417694464
0 0.4594953714314923 0.5145912433348978 0.013579728576340155 0.017435565707552003
6 0.4272603955662704 0.5144788049422515 0.0029246211492077734 0.022125811654386096
6 0.41030488584137104 0.5123372380708348 0.0023893316807762077 0.019693054113395725
