7 0.4941062446393705 0.4894913528592193 0.0037733710604106463 0.009766822777820261
7 0.49539789210137763 0.48034387271649087 0.0015534267482938957 0.008939118345635544
7 0.4954750776101247 0.48098050494643885 0.0015050821790177915 0.008660301242916446
7 0.5502884276403636 0.48701865847719245 0.004773798150633057 0.011893206625810615
7 0.5045392759920102 0.47767654618169353 0.0017705141706577665 0.010108832009741164
7 0.5225813061613196 0.47768084128833266 0.0018387638398927875 0.01010727398484046
7 0.6955545801070107 0.45816679755087136 0.016352834248583248 0.036888069349964914
7 0.5555626313249826 0.42887151562478776 0.006087540958248594 0.03190119489979626
7 0.6114300324221034 0.42890785001455706 0.00674314484959293 0.03188572532759493
7 0.6902834588435109 0.5286151777377566 0.0018094840938235324 0.005262986009249793
7 0.2989568407323916 0.4702372828000225 0.011782173795833406 0.026374049811495937
7 0.25362312347660465 0.43691564926176674 0.007382592106574548 0.028252905449156984
7 0.27569840364094667 0.44270391956470045 0.006503547296549561 0.025644581965685476
7 0.24283603678439084 0.458239393645153 0.01704265389815457 0.03680849268870945
7 0.3846202624318747 0.4307562110737808 0.006577306455174847 0.031042769828189987
7 0.33008893526443045 0.43072164206666513 0.007211628942885628 0.031057443088212455
7 0.43101542197440423 0.48701953700383227 0.004831843212247611 0.011888209635399327
7 0.4349781210321128 0.4797147754464499 0.0018121015328618206 0.009213666763054629
7 0.4328365630120866 0.4789932949450548 0.0018815328802720965 0.009529901067598656
7 0.43026211184182583 0.49670042556123084 0.003511723625068186 0.004292892702539908
7 0.821916547840253 0.43005133880248814 0.029487740661178652 0.06159965041746246
7 0.7126736258134874 0.4205444642467794 0.008857429647626813 0.035696131632381556
7 0.7432945113443074 0.40907082917009774 0.010580150765240992 0.040956910462722596
7 0.8150608701735587 0.545905630165197 0.0029970734026777412 0.008675091625289233
5 0.444640545569451 0.5219115246527681 0.007430633406205145 0.022198409381668394
3 0.03568668506782908 0.5404339229043891 0.07137337013565816 0.0895292307695662
5 0.46859551160372825 0.5241091679152191 0.007242973796663221 0.02287725290713105
0 0.8288441226061817 0.7965712039177727 0.34231175478763665 0.4068575921644546
0 0.496400685002506 0.5146715559187942 0.012024351097893682 0.01264369085689565
5 0.10620308759548455 0.5386430981345738 0.03883649336358663 0.039424340513139366
0 0.40828153375592097 0.5373614987902906 0.03599268591131255 0.04112955890196568
2 0.023340184581378567 0.5194195470233134 0.046680369162757133 0.029367405160007132
0 0.026244188557006776 0.5217642136488051 0.043407127739030826 0.01997057056089857
6 0.6785673766749805 0.5239793602253092 0.004965023877849251 0.03270005453197422
6 0.5564926340440621 0.5119954867052547 0.0016577224072241714 0.01409792941371435
6 0.5501620171926616 0.5261783221838499 0.00406041692767134 0.0322782144137862
6 0.5607921103203197 0.5126450388089673 0.001887076968495105 0.014993891016850558
