7 0.4941062446393705 0.4894913528592193 0.0037733710604106463 0.009766822777820261
7 0.49539789210137763 0.48034387271649087 0.0015534267482938957 0.008939118345635544
7 0.4954750776101247 0.48098050494643885 0.0015050821790177915 0.008660301242916446
7 0.5502884276403636 0.48701865847719245 0.004773798150633057 0.011893206625810615
7 0.5045392759920102 0.47767654618169353 0.0017705141706577665 0.010108832009741164
7 0.5225813061613196 0.47768084128833266 0.0018387638398927875 0.01010727398484046
7 0.6955545801070107 0.45816679755087136 0.016352834248583248 0.036888069349964914
7 0.5555626313249826 0.42887151562478776 0.006087540958248594 0.03190119489979626
7 0.6114300324221034 0.42890785001455706 0.00674314484959293 0.03188572532759493
7 0.6902834588435109 0.5286151777377566 0.0018094840938235324 0.005262986009249793
7 0.2989568407323916 0.4702372828000225 0.011782173795833406 0.026374049811495937
7 0.25362312347660465 0.43691564926176674 0.007382592106574548 0.028252905449156984
7 0.27569840364094667 0.44270391956470045 0.006503547296549561 0.025644581965685476
7 0.24283603678439084 0.458239393645153 0.01704265389815457 0.03680849268870945
7 0.3846202624318747 0.4307562110737808 0.006577306455174847 0.031042769828189987
7 0.33008893526443045 0.43072164206666513 0.007211628942885628 0.031057443088212455
7 0.43101542197440423 0.48701953700383227 0.004831843212247611 0.011888209635399327
7 0.4349781210321128 0.4797147754464499 0.0018121015328618206 0.009213666763054629
7 0.4328365630120866 0.4789932949450548 0.0018815328802720965 0.009529901067598656
7 0.43026211184182583 0.49670042556123084 0.003511723625068186 0.004292892702539908
7 0.821916547840253 0.43005133880248814 0.029487740661178652 0.06159965041746246
7 0.7126736258134874 0.4205444642467794 0.008857429647626813 0.035696131632381556
7 0.7432945113443074 0.40907082917009774 0.010580150765240992 0.040956910462722596
7 0.8150608701735587 0.545905630165197 0.0029970734026777412 0.008675091625289233
5 0.45130090746311635 0.5193204560714322 0.006524514562549377 0.019641770277039727
5 0.47128181005713754 0.5219079838803327 0.006535335228723238 0.020044370081569785
0 0.5405663714246751 0.5138637305276577 0.02180874429720081 0.01180955413888285
0 0.8288441226061817 0.7965712039177727 0.34231175478763665 0.4068575921644546
0 0.497865666435811 0.5160125323903508 0.009381640297224658 0.013889812761361031
5 0.10655137282548316 0.5386434583042083 0.03883500603235618 0.039428268370192976
0 0.434710059674659 0.5262681403313018 0.02303799659592165 0.02795985776142218
0 0.04623602156462059 0.5208790467510604 0.040405497491339704 0.019083051651522243
6 0.6198536793464974 0.5239193081698835 0.004508837019050249 0.032618170647338074
6 0.5569512657772322 0.511613905644982 0.001679557767849893 0.013617121207651794
6 0.5040972936260679 0.5262269597636776 0.004196983319371905 0.032322084272951246
6 0.5607784806829768 0.5123095542759466 0.001889104853673662 0.014496440950525713
