7 0.4941067886787099 0.48773263461121785 0.0037737297947543214 0.009768037558022358
7 0.49539867973314655 0.4785820698056832 0.0015537071893638177 0.008940464543826021
7 0.4954758516525042 0.4792197285722761 0.001505351746577288 0.008661569133312563
7 0.550292862674539 0.48525866115237193 0.004774731399024068 0.011894899368815881
7 0.5045409582299034 0.47591124934391227 0.001771059043295553 0.010110528845543365
7 0.5225845807290026 0.47591715611554725 0.0018394647050895552 0.010108964240808316
7 0.6955983911967327 0.4563417996553847 0.01635810986229802 0.03690159139327448
7 0.5555815339345356 0.4270220958382583 0.006090975653338937 0.03191678071885429
7 0.6114643174195238 0.42706347129913136 0.006746781819482961 0.03190123803657846
7 0.29892860186635417 0.4684106853445329 0.011782283552698614 0.02638148790151018
7 0.2535660612799973 0.4350552817922746 0.007382876775776648 0.02826548190836592
7 0.27565142856875857 0.4408566415509337 0.006503564328270428 0.025654997314356165
7 0.2427849503546745 0.4563743646907682 0.01704399137955248 0.03682242751564807
7 0.3845928109731923 0.4288953637918371 0.006577422464581206 0.03105772120413297
7 0.3300468403065 0.42885587655238955 0.007211933833864481 0.031072463703120334
7 0.4310117257311137 0.4852489387251566 0.004831467276668833 0.011889941371519663
7 0.4349740282620589 0.47794658794787054 0.0018117104366239811 0.009215110909299384
7 0.4328321457053785 0.47722375401858474 0.0018811336155076797 0.00953144072282569
7 0.8220329361935843 0.42815326726641245 0.029501739494727786 0.06163576683909672
7 0.7127430123842564 0.41869201863373867 0.008862281165135766 0.03571535998416253
7 0.7433845347678775 0.40719679209960324 0.010586499133672378 0.04098205119051057
7 0.8150907301223124 0.5440408992000263 0.0029977052353116207 0.008674278732473395
5 0.41077371949268426 0.5368866731846693 0.02588024498289898 0.03799188522152008
0 0.4272558134112274 0.5097825530432217 0.019849760339121503 0.013547224622817877
5 0.4793615490053813 0.5145104880424142 0.004672918363736511 0.014580264006981647
0 0.45180095404092446 0.5120810564726004 0.022014780329428774 0.011797234855439931
0 0.8288514350680657 0.7955112751622873 0.3422971298638686 0.4089774496754256
0 0.49760857947541726 0.5152559269524999 0.010017724712735598 0.014854261583305939
5 0.5935028876927433 0.5367809399382941 0.032758387839459946 0.03934690358612458
0 0.44226991541965566 0.521319296982647 0.01957466706395411 0.0241830379129383
6 0.4645274372341435 0.5243603144568938 0.004302639117676255 0.03256833730326758
6 0.3782018482131809 0.5208924762037606 0.003860112676380145 0.030914688804214108
6 0.5556737090761833 0.5082956319290866 0.0019001672783509616 0.012943067442729661
