7 0.5306873062692143 0.4823771765404235 0.005116419724419119 0.012407733518333242
7 0.5238065910571885 0.48009449322797004 0.005904329518613971 0.014306217408048771
7 0.729445916107087 0.4769362156378162 0.008499890414857991 0.01890978556615036
5 0.705701786878913 0.518017777480678 0.0180699882918659 0.020632368625635222
5 0.7047369451475665 0.5802825496546589 0.03150603364821036 0.08448830902663318
0 0.6556734598177352 0.50605516992015 0.014659195412021764 0.010174704060865736
0 0.8852093497217395 0.5430928239165391 0.10329781949465089 0.04526515128008546
0 0.6291367013629365 0.5085605641165276 0.006982324826432573 0.00978129323947663
0 0.5734345093493602 0.5060688243501178 0.011688431420443512 0.007777022866809702
0 0.5959758425337665 0.5099344647253172 0.010435625649164781 0.0133916330750109
