7 0.46489173175035214 0.49071384024777065 0.002273936209736982 0.012313475542768293
7 0.46341122519611255 0.4787509722064855 0.0022968697542539718 0.01143574361204669
7 0.4648004155621359 0.4797791840978557 0.0022014089461911968 0.010983393442584422
7 0.4513200691142213 0.48602085422529806 0.0031923918227487746 0.016417946844546505
7 0.4544287941742674 0.4769243320669411 0.0024955551436473544 0.012240010108140131
7 0.533676251842468 0.4910699143003033 0.002268201819507376 0.01223823183024575
7 0.5052669229258868 0.4815406973386578 0.0019703457973775373 0.01032803551876621
7 0.5330946971126307 0.50097826213593 0.0035386734162595745 0.004405427689981478
7 0.5318648504006036 0.5144997245011769 0.0005045453680248002 0.0017389364761427606
0 0.5002263934855904 0.530982530959766 0.018990816030009516 0.028312971094609174
0 0.4718825365012701 0.5298020866099686 0.018660715750481394 0.022152557274689122
0 0.500201309880194 0.528902815096858 0.017644610696973928 0.023269568951038377
0 0.2317646523095243 0.5201213769075154 0.02804519462578428 0.019464659769717896
2 0.4381812560964545 0.5198818040366227 0.031273879592696896 0.02346643464813536
0 0.40992525184798007 0.5198484901829086 0.020650226327609267 0.014373931955888652
6 0.3636220999415413 0.5180137183741187 0.0023840066895680634 0.016611113350280426
6 0.7942119141148904 0.5216040111498796 0.0037994915972761056 0.021066611400603175
6 0.3205435755010515 0.516201541192661 0.0025095387455380536 0.01584382922778882
6 0.7529373399212946 0.5804143344792312 0.018530521827804347 0.10710401698848926
6 0.32131316792319387 0.5163275608986362 0.00252516334854358 0.016021339337665363
6 0.517123792963764 0.5221607950070841 0.0027507403014866982 0.0219108453954191
6 0.210998191306885 0.5164126283309589 0.0026244529489374835 0.016149572758915265
6 0.40928888550726805 0.5227423569700722 0.0027251914769672037 0.022593497374144955
6 0.42935858737369825 0.5224947557630941 0.0030939520359364314 0.022265724586589264
6 0.34170607128776787 0.5163175076734998 0.002339126996929508 0.016006367167452518
