7 0.44524740669300855 0.4734207708754171 0.007115793889331035 0.028340790294935414
7 0.4148008833882601 0.43743389429663915 0.0070816478930897375 0.030349467820754483
7 0.43036772027858355 0.44394429129225266 0.006286112804877675 0.027393076907119118
7 0.44644303751145886 0.4960091242414194 0.008344019799596925 0.01019350184709139
7 0.6968924662097957 0.4724456050284651 0.007268358111426898 0.028709714696465716
7 0.5872225882198823 0.4520687436251429 0.004518580556549634 0.023475339644496218
7 0.6297848076572745 0.4513697107848688 0.004983936340250961 0.023786761247777677
7 0.6926206101307952 0.5266275851010733 0.0013356812184247557 0.004036013927789406
0 0.6397612556392714 0.5279419961683016 0.02945628178976012 0.020072642801117646
0 0.65850700095081 0.8089520043189846 0.5137788943665189 0.38209599136203065
0 0.6961058929756856 0.5259650676262737 0.030922132760884846 0.0170145213015499
0 0.6830903148570702 0.5271574968251695 0.034518435909722034 0.022637418829414502
0 0.6144907910176824 0.5422653512890141 0.04544572764267241 0.03617076068043301
0 0.8795512541276129 0.7971042265983942 0.24089749174477426 0.4057915468032116
0 0.691416178608296 0.5248343980787717 0.03372719189712359 0.01653917513230807
6 0.5621900587100277 0.5205759117476485 0.0033052284220712602 0.020837931218505967
6 0.5646249789894535 0.5241750788629127 0.004312226523155327 0.01201778996709979
