7 0.42874908051748684 0.4938534812566236 0.0025588354813210756 0.01195303956495386
7 0.4235154060561046 0.482316300479455 0.0023874822468001877 0.011067445047273972
7 0.4264421073553673 0.4832796410818925 0.0022856657067036323 0.010643230260224013
7 0.42948887176698836 0.5035147956716622 0.0035414395613868055 0.004321092040143748
7 0.5336665757523167 0.4939936764914905 0.0021425983409237848 0.011629238136267539
7 0.48913005575264706 0.48494291277639123 0.001889440059562042 0.009808822544211837
7 0.506662963891376 0.4849427229443559 0.0018714776540390554 0.009809163259305753
5 0.5043881118984457 0.533487230167196 0.007811876518245442 0.02575878799464104
3 0.5042346698865222 0.5167221084448919 0.015537657619782097 0.01334509647692883
0 0.4040974271220745 0.5925456544995833 0.08255870626134348 0.09380459237441707
0 0.4698434651483232 0.5382597417883637 0.02221102412733006 0.026563041159226475
0 0.47739421811174465 0.5297441418232439 0.017361465154700217 0.02385281315829313
0 0.014391068037879835 0.818287034144126 0.02878213607575967 0.363425931711748
0 0.5043497667465117 0.5303676644789799 0.014869874075363665 0.02381902724931184
0 0.628485877265381 0.5226110028050094 0.02631448862136232 0.015364246895736455
0 0.5023206798623827 0.6379662433975235 0.10087983095217268 0.16747404052661208
4 0.5246299354137103 0.5182456136077802 0.005461894736447204 0.010825754387890796
