7 0.4226258111050879 0.49287406485541807 0.0027445613278883063 0.012634749937974477
7 0.416624356609376 0.48053510053377335 0.002558109083001414 0.011764750257753476
7 0.419924217901573 0.48161976660769745 0.0024417791171996717 0.011286554331071008
7 0.4233926379391034 0.5030809709380074 0.0037522437224096206 0.004566125962443879
7 0.5333818832593973 0.4930483000044872 0.0022736078606412358 0.012262926605600355
7 0.4864375045749628 0.4835010698707747 0.0019950928801723555 0.01034771167168208
7 0.5049249057916629 0.48350293276432765 0.001973986879776013 0.01034656762028019
5 0.5025950080075102 0.5341409669968988 0.008074334656733073 0.026636614015035476
0 0.6531203769222186 0.524313495723994 0.029179978224951553 0.014640406076334767
3 0.49498118786721074 0.5170910572815224 0.016078467570666777 0.014200750056031719
0 0.403642191968145 0.5914055144385031 0.08140778119341102 0.0930062433650981
0 0.4685607018653536 0.5375713717217956 0.02170515092275621 0.02604103881387665
0 0.4753306833559598 0.5297077924062046 0.017498248022777663 0.024052638771016488
0 0.5024955420487531 0.5303538229698004 0.014996686839138684 0.024011921241498313
0 0.6339527916639975 0.5232831788989231 0.02801738158987721 0.01629534032174118
0 0.5008917688785677 0.6301069088092212 0.09452864981901443 0.1568836760829868
