7 0.5456821477690462 0.49382122880626333 0.0036233413662589697 0.009097524861868378
7 0.5106396855003255 0.48668358048581534 0.0013481814156249827 0.007707428743576328
7 0.5244351466701804 0.48668667768273943 0.0013886747865986537 0.007709994328987557
7 0.606944641125044 0.48251787926591816 0.007883981070631485 0.01889314249139845
7 0.534510956877656 0.4676746101239104 0.002939224945824992 0.016095723899813952
7 0.5631453296192803 0.46766783312956783 0.003118128454510316 0.016106924873370898
7 0.6041739231291391 0.5188054193751188 0.0008462793772792132 0.0027003414303163886
7 0.38716467899381996 0.4861971386011429 0.006575921970375709 0.015586160241480296
7 0.3736635911311229 0.4699694842687512 0.003336698959521378 0.01503183261362856
7 0.37438483606626405 0.4825561699236811 0.00796823381279771 0.018729277608362016
7 0.44654142506017747 0.46822008116119496 0.0030772063456616094 0.01582846258595655
7 0.4184754745114727 0.46822635965030995 0.0032421570739709082 0.015817648116629113
7 0.4544997084255999 0.4937965858515896 0.0036419442465852603 0.009067619846440778
7 0.4538805148079781 0.5011828456072608 0.002658185049520978 0.0032802474715680208
7 0.6315627555992422 0.4769009105306502 0.010099654220214416 0.023778717502446145
7 0.6091650759043223 0.4655758362566486 0.003599488262007622 0.0170494637135159
7 0.6158075488434311 0.4630737130726762 0.0038776816564847216 0.018164725821572636
0 0.4685137313658924 0.5167232183274677 0.012933487702485702 0.01924429927698368
0 0.5053504643479786 0.5163279107964576 0.00855096115352616 0.011040637307889178
0 0.6502920471884492 0.5305460076219588 0.050641400651091795 0.022181475161140107
4 0.48605136917470004 0.5192612610106664 0.0033707379921822933 0.015317744841117142
1 0.5187823689846218 0.5064001647281078 0.015775808355128595 0.030064551667659034
0 0.5039131459899854 0.5456358301825446 0.028599538299053373 0.03859735828058797
6 0.457724280553361 0.5133731052808483 0.0017034748420564627 0.012706776029151157
