7 0.3113144950414669 0.46673169396060404 0.009019683706209813 0.030429689760356204
7 0.2620377172346494 0.42664142560420215 0.008839715285232419 0.03325687589209242
7 0.2865940050180924 0.4344228451476641 0.007664722412056124 0.029701123596826084
7 0.3122002908892264 0.49099173559177134 0.009473618495467073 0.010915596004645922
7 0.5711857920341763 0.4685152995284574 0.006009145555042061 0.028312822056096087
7 0.4640515101764631 0.44651414411541474 0.004739620456702176 0.023956241793057553
7 0.5064036974522623 0.44654261385149085 0.00454326477582212 0.023943428663750543
7 0.5670660896750876 0.5220519399038286 0.0012022778073550455 0.003984426173478384
3 0.5000776202566081 0.6082043208437445 0.11590245984701203 0.21414778407082635
5 0.42873323787434126 0.5620408021500802 0.022037251939563463 0.05937197377927261
