7 0.5675696353125584 0.48414509907751285 0.003459864388220879 0.01643203585507924
7 0.5296919448971846 0.4713694399637858 0.0027571741731554633 0.013871900541953808
7 0.47564599511747674 0.4836368110392737 0.002908375342848213 0.016568245294459605
7 0.47515046961854823 0.4662757780891247 0.0031237409947854067 0.01594673583381856
7 0.476418072809394 0.46825145453894407 0.0029494115046796443 0.015080666929757958
7 0.460528177025582 0.47396438700398175 0.004637440824935279 0.02496520413545622
1 0.6070085052996568 0.5058823913057782 0.08711615564431652 0.06188993285777783
3 0.29786080637110735 0.5194865786617915 0.05515278742932933 0.03866181138636693
0 0.500189402804064 0.5458465190775584 0.030182006349152246 0.04079306877021227
0 0.02919437320423387 0.5252532794854957 0.04608105670993071 0.019110827939291752
6 0.23770506475811118 0.5327838352975813 0.007080194621796709 0.04284249670685536
6 0.5996187960279507 0.5278222270262161 0.005164231464727553 0.03569985476061721
6 0.5945504475212859 0.5212588894294861 0.0031193338352267785 0.02356923317530124
6 0.27787266317494386 0.5267769822353512 0.005817300000898751 0.03415686391145567
6 0.6339288425493659 0.5323218786723316 0.006599526128007738 0.019514697729788644
