7 0.5985594218256878 0.4710270215318465 0.00575892122603705 0.024650864687309704
7 0.5422726887035014 0.45187705036475007 0.004219048922373347 0.02084007432897339
7 0.5973199002247558 0.49082349690813537 0.0072876423582607375 0.008788747760145932
7 0.4614546669106806 0.47011050030005563 0.004584285090038442 0.024986539298336552
7 0.4578115828604509 0.4398644065165996 0.005173675061696303 0.025921926954627472
7 0.4610796666554522 0.4448509498930977 0.004713445235757507 0.023709160771065663
7 0.41934499951413673 0.44110182567877815 0.010682806958809021 0.050683054107143355
7 0.4351635831399083 0.42968568033851207 0.006294968873487572 0.03046057522847684
7 0.42776864527351577 0.42132291697564195 0.007136519605180414 0.03421168692139187
3 0.6059508529283271 0.5278717957856343 0.08907079470811874 0.0661993990585385
0 0.4979892924016085 0.6596629293453475 0.12295628735268599 0.19309838236674415
4 0.783498622361215 0.5321796499281328 0.023481150902701198 0.034303780367549
3 0.7817018544343739 0.5260066716715519 0.061241333225471206 0.04048461487105881
6 0.06952620083713387 0.5429152157607158 0.013277133133424615 0.06323131352558387
6 0.45836764768542293 0.5508237838481553 0.00966495027549108 0.07376550125190573
6 0.6951616494565508 0.5347505201703036 0.007825113794849292 0.049666571273275006
6 0.35664174307974206 0.5541504510688027 0.010789947856938709 0.07164149397383224
6 0.44162082813759806 0.5631886872193105 0.012928936789522283 0.04353080402685916
