7 0.4780026846291892 0.4828425219600191 0.0025915147765264157 0.014903287873616777
7 0.47787171938143436 0.46768286581840823 0.0027599174954783257 0.01414486472971116
7 0.4788707361646151 0.4692437910718915 0.0026229038181818654 0.013459233772586288
7 0.4660543890961291 0.4754206707203947 0.0038887037706896166 0.021368803763168964
7 0.5608564142217937 0.48329237304147404 0.0030402787832453093 0.014792547851907645
7 0.5266974245287156 0.47178269868307654 0.0024703625669497686 0.01248783482461785
7 0.5601355349692363 0.4952478526974658 0.004327109166043841 0.0053136140918644825
7 0.5586786076701122 0.5115514254292957 0.000627860478998099 0.0020979694971490215
0 0.5830046379174234 0.5201978177379254 0.03644221731060482 0.019225965040087556
5 0.5278545032529227 0.5193976080973999 0.016378258279303504 0.020298102364948667
0 0.5456308435175697 0.522294763315744 0.016823407021296033 0.01808339588682384
0 0.23898699092367365 0.5216889847202906 0.03992271240139966 0.02009019563871106
0 0.5000796894732566 0.5324527964900365 0.02042769859897453 0.032869729907099465
0 0.6254635605628635 0.5190905719372212 0.027162083508178947 0.018467424385481213
0 0.6032496952521965 0.5212669792881333 0.03144221774518896 0.02127207336778436
6 0.4535981276082974 0.5252524175563105 0.003512566262067751 0.0205000487406074
6 0.7255110258610027 0.5481650028131815 0.010341538631548963 0.06868690784302278
6 0.5038586248679735 0.5212417716246505 0.0032832627656013136 0.02880185713533856
6 0.3528019457967302 0.5167468304774 0.0030166400578590657 0.021174661130735073
6 0.5749980595293115 0.5164756798891408 0.0024752405460846116 0.02082860773190187
6 0.3424314823756561 0.5207277795046514 0.004395694896295765 0.029275391031060916
