7 0.69221674575988 0.45779877395252244 0.016121463259660573 0.03646377953195723
7 0.5538743596733955 0.42875421268147806 0.006009808747809431 0.031537617112343264
7 0.6090899066154838 0.428828167193099 0.0066460961821126485 0.031516804782382
7 0.2548720334601025 0.43645387210793574 0.007295087518046528 0.027994334438954993
7 0.24442745281288147 0.4575985802702831 0.01684750428750717 0.03643824767333498
7 0.8144972807562466 0.43045059848068895 0.028761325649154346 0.06041864299395794
7 0.7087973629964115 0.42070850218372763 0.00869344203792155 0.03522403197660262
7 0.7385220715691635 0.40953124602332114 0.010351945394851958 0.04033617568801723
7 0.8078428771812887 0.5440975131681554 0.002907047170687016 0.008505272532981167
3 0.04037593573251429 0.5467435223345044 0.08075187146502857 0.07085040963322053
0 0.6181437683635389 0.5941230821134904 0.06693752618017246 0.09502816365953437
0 0.4924306526812757 0.5911981493338205 0.0668338758578162 0.10280314398899681
0 0.43925459829475055 0.5237353193186027 0.019553938924133762 0.02357971972257722
0 0.42997549867209844 0.5280880546329917 0.02594017375656399 0.026925435363243322
