7 0.404579819483343 0.48220388625056043 0.0035096440349468017 0.01534636442813786
7 0.394938172518539 0.466467492941429 0.003263598418094815 0.014619767421376273
7 0.39998936026391513 0.46813446849719254 0.0030778196315395245 0.01388853054755218
7 0.40544453592584306 0.49457020927990203 0.004586827709947616 0.0055381667745613705
7 0.5384751950707707 0.48255356528822707 0.0028037358578917315 0.014789746063681553
7 0.4819799660374633 0.4710342384680373 0.0024147826098064873 0.01248834398850951
7 0.5042469210445202 0.4710421361448777 0.0023798032471816777 0.012485023021084674
0 0.5543543992501333 0.5106083391142201 0.023528774915743123 0.015781298836206048
0 0.5026817490955486 0.5652634937928013 0.05507718360844904 0.07897362276447284
0 0.46640044695603244 0.5153102673152565 0.01610601344118079 0.01653300362606147
3 0.5022855975508516 0.5362729307608003 0.040555666709917504 0.07456100252752917
0 0.4618601312062777 0.5323638585086976 0.02677319250934984 0.03627136318334845
0 0.5018188918028694 0.5384899048373439 0.02737171337746236 0.039279039083152
0 0.5015437368125332 0.5336849653180681 0.021232534853713236 0.03233718616744241
0 0.4461618788754172 0.5157610409476132 0.013600461309843381 0.015071876006494511
0 0.5011455489421492 0.7058260747502036 0.14457908832453537 0.23898781372320432
0 0.2020767074183569 0.6337213204191581 0.11796114960275711 0.1267254974534321
6 0.5447050877686356 0.508624865198215 0.001937864291539526 0.012138442439621588
6 0.7112300631306041 0.5519117573137229 0.01226719446366209 0.07448137524977183
