7 0.5484136258130395 0.4861921734927786 0.0023691610949136965 0.012001144610203518
7 0.5206124572496207 0.4768439931128152 0.0019906183889842888 0.010131358895525022
7 0.547833444958417 0.49591090295242646 0.0034988776131732457 0.004320467252793725
7 0.4810374427310725 0.4858442427591282 0.002067439568444518 0.012077763062477487
7 0.48135941293692497 0.47417538118678365 0.0021724056958485893 0.011197608343331944
7 0.4819815117292622 0.47515403035684234 0.0020865742822800404 0.010763530224802254
7 0.4733899600038406 0.4814165311000044 0.0028233610934777498 0.01600194810675576
3 0.5333297128436221 0.5252400268910381 0.02012150850673089 0.036402394000471405
3 0.5261344800863839 0.5198077248227966 0.015475342140962911 0.028495542494214487
0 0.4989767750683425 0.522483413223912 0.01734233793138157 0.02463927638650154
0 0.5739560977261204 0.5389268238762639 0.051951523681084466 0.0399463591068715
5 0.20823426366743517 0.5162515854061303 0.015257855533162001 0.015475254432640528
0 0.5291833559679948 0.5243160046403424 0.02156813033357108 0.026952456643289935
6 0.3308556199388827 0.515158070417056 0.003364708820170481 0.021515954314486052
6 0.3294895536502068 0.5200598913413291 0.004515430679778554 0.02832786323292602
6 0.5664119784727888 0.5132616270723029 0.002096035640303695 0.01702920158716803
6 0.5713756893478281 0.516093022641954 0.0035406594670096547 0.02283134723965896
6 0.3438933437915376 0.5183585969128542 0.003610303441268614 0.02596318969274769
6 0.6427090300611561 0.5288112869631812 0.006034184748632043 0.04052789050581462
