7 0.6410436207663213 0.43920961843957407 0.023093103145703342 0.05457348625598668
7 0.43441625987422144 0.3880260364930311 0.008923036958477515 0.05119373445648223
7 0.5205515902538671 0.3913618744741573 0.009971428826009654 0.04969352678945349
7 0.6337578116442422 0.5422921675150743 0.002591360205103199 0.007765401564039376
7 0.32644276825780993 0.47548511953964134 0.0023061474259719605 0.010771376458125481
7 0.9324008637834862 0.3571755756675812 0.06061098343068794 0.13161104351964037
7 0.6731529621024961 0.37703299706627635 0.013918068331886246 0.05669656551987623
7 0.7337291720598071 0.347830071123689 0.01848894793950473 0.07094040581101752
0 0.45872530679404255 0.5127072570159841 0.022120532896289846 0.015633457504438453
0 0.27462599536312227 0.6345516752889431 0.12699503239075977 0.15115201959376334
3 0.3907350417254305 0.5162369186371855 0.018378027504366734 0.03674848292074723
0 0.7575200217289824 0.5537353444849751 0.0787803451037219 0.05085795547999905
2 0.7949982187399715 0.5398659712173501 0.1116970339202934 0.06054457237994648
0 0.3475919738255764 0.5313581009482189 0.025884896270662483 0.027052280403644935
0 0.771468383248912 0.5145030914215409 0.022613652607440637 0.012046348674249918
6 0.9899844306910319 0.5263042579984718 0.007641393081535552 0.034551228655023136
