7 0.424597959741717 0.4692010743309519 0.00564614237206712 0.02658312496083326
7 0.4109836742324504 0.43622415203442655 0.006043195606985019 0.027996056227500954
7 0.4188444312053844 0.44194130936845477 0.00543208708387416 0.02543257983051872
7 0.33382624350022383 0.4346952028996197 0.015804655142865442 0.057704110857623836
7 0.3771614883768223 0.42432608393290994 0.007556371172554421 0.033360902714988094
7 0.3610669147859935 0.4142993197661082 0.008765447893293199 0.03791331258413433
7 0.33577087634685004 0.5407755008791171 0.0020736363950543124 0.007906257844170983
7 0.5707935402631127 0.47016062409175885 0.005539025509322393 0.02623033496754379
7 0.5106709965858724 0.44980980719295327 0.0042335271450689715 0.022172743159042385
7 0.5695082409541483 0.4912118511430315 0.007633077140647204 0.009341923066982116
7 0.5669630735958331 0.5198503382710121 0.001113877763966653 0.003696849051722406
0 0.49987031541682564 0.6715676738489269 0.11804416545815333 0.18933538210945544
0 0.3024749560343878 0.53724820632663 0.07251150402780854 0.03610857649653754
5 0.5490552149313142 0.5331351860970084 0.028203318521102805 0.03478944792474448
6 0.614355450304744 0.5351627163849557 0.0068378979873156 0.0452008662534642
6 0.07329534284341768 0.5409565971926577 0.011281004727466001 0.0544043447850906
6 0.0035478518993766217 0.5478007230614785 0.007095703798753243 0.06852691185809823
6 0.6970974889168176 0.5434448736792494 0.007582986180611706 0.06222795212172494
