7 0.49132840042853676 0.48493588518814346 0.0011354503582159392 0.006379378196049168
7 0.49161347170320946 0.4852657661434502 0.001109421376875197 0.006236096948543102
7 0.5283679011380401 0.4900373833743372 0.0032284759362790627 0.008209641388810918
7 0.49671125754478834 0.4836121957591144 0.0012231852910368213 0.0069547335229109275
7 0.5091624830788285 0.4836092858312482 0.0012176942377744027 0.006956156759652998
7 0.5650302401918122 0.48158004361479617 0.006235206667853488 0.015430124554493885
7 0.5057286267832262 0.4694863180239578 0.0022687266368947023 0.013128356947437858
7 0.5291115652759113 0.4694754376529815 0.002385963952429626 0.013133434233099928
7 0.3851734372255593 0.48422031127320075 0.005554265273626846 0.013168312027388829
7 0.3794957908271915 0.4722994086883697 0.0026034002507036025 0.011892342124923572
7 0.3746963999134151 0.48167618929873357 0.006516473449620086 0.01534311624813578
7 0.4339283859214792 0.4698739679568932 0.0025705797662207153 0.012957189365055688
7 0.41089152839336984 0.46988454929145923 0.0026810111092590017 0.012952249208754374
7 0.4460419267008797 0.49005750198100834 0.0033049604111369257 0.008190462017048095
7 0.44832491252406537 0.48463158360975067 0.0012637977570106873 0.006511037501607975
7 0.446993665915176 0.48427174896084724 0.0012973003309093012 0.006667389187825834
7 0.44550103192359103 0.4967313332397779 0.0024099425450314627 0.0029630848446194347
7 0.564811692844874 0.4680741154191649 0.002682507851959892 0.01374973090904763
7 0.5679357172343085 0.4664460659470502 0.0028376194641159813 0.014466024919797482
0 0.4676046315053074 0.5289500057516465 0.024203077623838942 0.02911678542633611
0 0.49090545511336514 0.5090406885292871 0.007257800725302299 0.012163285156971404
3 0.5039522020341878 0.5229785261744955 0.03185427144907649 0.04797188153703408
3 0.46487006982300305 0.5114672615839362 0.014068225245216115 0.024311234736700604
0 0.4487093292022008 0.5231896665284321 0.018681249811221767 0.020328000802331547
6 0.43649126758832835 0.508632011113364 0.001755133155108335 0.012757371572615805
6 0.4352478515451211 0.507685667654207 0.0013885989923972941 0.011404209734016124
6 0.7963073358087072 0.5525176722875484 0.013696466984668865 0.0757876322747636
6 0.44243363683944215 0.5061076838526504 0.001163990951751126 0.009148919109975728
