7 0.5359417331853138 0.48055788803496036 0.0030658259800898646 0.015972187190558818
7 0.49900524503543486 0.468099342996676 0.0025748349888106703 0.013502281698451413
7 0.44626387326537426 0.48000698942195175 0.003106245439876365 0.016146102252329597
7 0.44273878181176346 0.46322832113433277 0.003170678552546158 0.015487485589059713
7 0.4452639701977955 0.4650887936421192 0.002992122024726207 0.014669430561249808
7 0.42133360752505256 0.4709752638770275 0.005046255407740341 0.024019934880452343
7 0.42904980073510196 0.4597833638537967 0.003558881571200323 0.017004767371932683
7 0.4250603260629837 0.45727046219396644 0.003813028952809272 0.018113808053486058
1 0.1521477940346091 0.5026219806325388 0.1039831304734694 0.06223223111643783
0 0.2178665269834073 0.519021299924379 0.03572049996559665 0.018422326796230237
3 0.4898299256558074 0.74524633759663 0.3427576704605777 0.5095073248067401
0 0.286799098552156 0.5470774085861712 0.06775942948717512 0.06715997894581827
6 0.07945859788754046 0.5205358954160657 0.0058985863769665525 0.031077527483056255
6 0.0884849271466045 0.5351562046590788 0.010693774613007398 0.05206586499047994
6 0.18208763220436747 0.520991904564656 0.005848010521561198 0.031706858494239376
