7 0.44967638331516413 0.47883060808562206 0.003298536302482613 0.016911330565754057
7 0.45302041094721035 0.46965328494552383 0.0025618300148993467 0.012562741958248358
7 0.534156847167798 0.4843311272650682 0.002321457759844936 0.012509349923404689
7 0.5051410843386086 0.47459354425147354 0.002013004185542955 0.010556327749378314
7 0.533560119389547 0.4944526093129218 0.003614515504414606 0.00450046897448414
0 0.8622351115868743 0.5155858155145978 0.029621066917069894 0.016616055999993162
0 0.36581747771022444 0.5132391527757392 0.027807166361895286 0.017388488907795097
1 0.46816954954269036 0.5002984446628225 0.038334471466911046 0.06881053890569894
0 0.5007854935378988 0.6172638228308089 0.0964681872942767 0.1772178718949916
0 0.3839406463835353 0.5214997236962102 0.021527616942467243 0.021890769288632095
5 0.3132521235763115 0.5137859983667517 0.012249564892918618 0.014286399898063351
0 0.08449600368021733 0.6140442511987063 0.16899200736043465 0.13780037691079094
6 0.5573198135501867 0.5130339144955318 0.002434659699431241 0.019562367825107008
6 0.2221741457407066 0.5260769359903763 0.007038765021683546 0.040061952147159574
6 0.5720724185220589 0.5100589128678791 0.0023243257953211582 0.016248955445308466
6 0.2409193022714315 0.5250069343698014 0.006460181260125458 0.03847429077972431
6 0.5533024921320808 0.5129709449142094 0.0022243099506061847 0.018387013165329646
6 0.23847645008679563 0.5270755604484822 0.007199690794815472 0.04155228014463841
6 0.3248709155546106 0.521567608633795 0.005769819516497798 0.015305300629132712
6 0.5691532811096898 0.5101417309199714 0.0023212638899360316 0.016371764967415214
6 0.5618868704163873 0.5134840499912919 0.002761157913811152 0.021334500889922836
6 0.7416179301134739 0.571162837659617 0.01773940083624148 0.10754447547511603
6 0.3407167424726749 0.5130210424242003 0.0027363756570443765 0.019772327069601192
6 0.5471715206628991 0.5164024717326887 0.0033646584399913415 0.025674459925515092
