7 0.44099861197577617 0.48242109947723855 0.0025030048048270692 0.012367694648815708
7 0.4370900179083721 0.4703388510673977 0.002409807688658505 0.011490163325743041
7 0.43949217653606787 0.4714011097611109 0.0023056325745174355 0.011033610110671166
7 0.44182815317656776 0.4924056166925655 0.00363242353644716 0.00446912049741266
7 0.5488864892195083 0.48256434948202714 0.0023680344037639856 0.012009439509930275
7 0.503000760511465 0.4732303373341008 0.001928094549938364 0.010133838767758696
7 0.5210938703954793 0.4732262829984504 0.001990262149799249 0.010132450355485323
0 0.6550615657078926 0.5136434018711693 0.025107620102789108 0.016567365700503545
0 0.31662956709265067 0.5751690882716103 0.08640196216993146 0.08392758429508451
0 0.6514437460245444 0.5109545497791057 0.024193853355401473 0.01844824719697058
2 0.5020775390726211 0.5159303603614108 0.019661281486239468 0.03069271414352648
1 0.5275404300537054 0.49876418480146234 0.03473380523434255 0.02930673832386982
5 0.47069816009575155 0.5096351168324871 0.004989236894258453 0.013590827872646316
0 0.5225239344301651 0.5088257303287926 0.015290363144054853 0.011224363488122058
6 0.44443427255675017 0.5070689539201334 0.0018733600938137251 0.01448707326669002
