7 0.3725283856881228 0.47007698191073943 0.006576707874081711 0.02624494896881091
7 0.34674287563255474 0.43750684487421176 0.006542683737951749 0.027536494831246316
7 0.3600048370636781 0.44315100721428746 0.005849281037999421 0.025052785283247225
7 0.37376003351718673 0.4910281893182282 0.007923759280186626 0.009425743010152254
7 0.5955902258464516 0.47144738062145675 0.005701223978134773 0.024650418023228815
7 0.502469396832448 0.4522875135639687 0.003934725684600071 0.020835332153154473
7 0.5393415942953402 0.45231028865861167 0.004195078832638588 0.02082497285623308
7 0.5920226562088178 0.5181321749307429 0.0010793894926978131 0.0034704861918950503
4 0.5756680450582845 0.5185773832709537 0.010213446182540498 0.02142733381174111
0 0.5068456611865271 0.5264130846415285 0.028756730406939213 0.03506121501209514
2 0.4999780994620647 0.6533628741180998 0.16446404082344734 0.2713321481745741
1 0.47021910985613097 0.5051884001270911 0.048096309816567984 0.07512199655052515
4 0.5612333888310741 0.5291239405017459 0.016270512005106985 0.02994838403425959
5 0.37099438734104995 0.5530936790121004 0.02515099601012183 0.05846933173334279
6 0.3268654721229599 0.5301736773340291 0.006489138731767263 0.042832940883474335
