7 0.5367628059991507 0.48434864336175787 0.002522461338358317 0.01345817230555263
7 0.5055628153089524 0.47387323590927144 0.002166779890269477 0.01135994282142555
7 0.5361196760699927 0.49523460072025116 0.003891790158502273 0.004839108510277745
7 0.46119029166696934 0.48394849720376243 0.0025323588688462295 0.013550133532886754
7 0.45914121947912756 0.47048140686322903 0.0025657680820240225 0.012715165142209162
7 0.46085323431223596 0.471752583074775 0.002447290244278033 0.012158392095320214
7 0.4444700552331119 0.4780205511595451 0.0037155433785431846 0.01869261341686368
7 0.4487719951290071 0.46819576010457753 0.0028149788471763526 0.013717442615122422
7 0.44621098191076225 0.4665721241923696 0.002972383001175638 0.01443032547112022
0 0.25588915086342956 0.51628140166879 0.034202164970207005 0.019697651529898108
0 0.5000045387782598 0.5277800058712939 0.017984600689861407 0.02731587147399006
0 0.24242018706334753 0.5178466075327192 0.039918360938217934 0.019118440410747617
0 0.4442670351686618 0.5462325009351876 0.034482353903773966 0.048913657647834397
0 0.8866340002447226 0.5782619073218395 0.13136952677368885 0.07899904894779275
3 0.431216041058938 0.5155206661295411 0.02986552976140089 0.02369229638287551
6 0.8965006474410802 0.5122693529779978 0.0035140017193727724 0.01784279508908848
6 0.3498678234144786 0.5189132395790274 0.0036968883062649116 0.025457969557852067
6 0.9046291034927844 0.5180682211365104 0.005335104929964585 0.02613990114467679
6 0.5602894954171902 0.515602228465933 0.002907939347179922 0.020884660423035384
6 0.24228268869424857 0.5172982890918248 0.004501017739313967 0.025047517587081236
