7 0.4852383423868176 0.48975775013221756 0.0034806430447409387 0.008917784464421485
7 0.4855090216580241 0.48152844889546886 0.0014491115481344852 0.008102046006894625
7 0.48595157128547156 0.4820557907875258 0.0014069917688210865 0.007872325679703585
7 0.5332566990259069 0.48770885686578724 0.004215516980724421 0.010664964009607869
7 0.4921601717544648 0.47934895976666264 0.0015950472814420524 0.009052375673455626
7 0.5083373753571292 0.4793472667096543 0.0015887114980579486 0.009053096373069724
7 0.6094837893997795 0.4684372200185421 0.011343603998728358 0.0271910710254728
7 0.505447272136011 0.4470114674901558 0.004018855018959044 0.023326430755102212
7 0.5466317920411576 0.4470006083731216 0.00437874538339289 0.023331231998004243
7 0.3136930472506071 0.4757065156906939 0.009271946979503232 0.020938607886306138
7 0.2815690408165106 0.4516736635220304 0.005373010029239567 0.021248699589619557
7 0.29692211914784616 0.4550715170172322 0.00488443146503309 0.01973847711643595
7 0.2755851396664974 0.46862981132473047 0.012265519152048099 0.027025834955681505
7 0.37995215934992455 0.44813551405995417 0.004928240296939224 0.022824953479925858
7 0.3396769533742588 0.4481459049203069 0.005269339330072786 0.02282036389603992
7 0.42636419991325614 0.4877317426035748 0.004351376282309971 0.010645682229568965
7 0.652298779084671 0.4552331721737548 0.016565152916148462 0.03860904158258932
7 0.6134581716031284 0.44252912571057235 0.005377562749237952 0.025330490303706488
7 0.6244614283067917 0.4368645056049143 0.006018875972939708 0.02787220422238318
5 0.4819935023834173 0.5155150937752295 0.0050984409716614 0.014708321854378537
0 0.4575247607283023 0.5177127806210571 0.012785642404512243 0.017383332303976262
0 0.45399368289981246 0.5191435270698306 0.014134402227894582 0.018292415106840654
1 0.4336570267131388 0.50166192188757 0.033101745311322595 0.050701163711576736
3 0.48412206260697144 0.512123706744836 0.01075257609311997 0.017779207206531478
0 0.4688103202606008 0.5222928967433179 0.021081692774324146 0.029515063288256815
4 0.5005223584992368 0.5150071953782428 0.00458738365940059 0.01518603509630334
5 0.40599836465334893 0.5790840884465536 0.03135170576004914 0.08052394303843224
6 0.397725443691783 0.5123181041649134 0.0021786937946822182 0.017232875241232404
6 0.1816850590481549 0.5185077084111392 0.004853777735744164 0.026086059172754972
