7 0.48374572375802727 0.4885748553402258 0.003885011248629222 0.009944113069778271
7 0.483911011477438 0.4792265273057686 0.001635167362106671 0.00911606418688049
7 0.4844630398048785 0.4798895708352092 0.001581749589843362 0.00882627568370159
7 0.5381245642849625 0.48597733307981095 0.004825059503314133 0.012167226448914659
7 0.49126094919621466 0.47643609874392784 0.0018236356652270858 0.010337136493935084
7 0.5097145216182866 0.47643362175483617 0.0018169052933817431 0.010338218547731981
7 0.6593146865476105 0.45411448403512195 0.017107151702870804 0.039682080006559595
7 0.5081925155525641 0.42273191158490625 0.005890671892829102 0.034310249216740196
7 0.5682362299272832 0.42270560880662256 0.006656096175926773 0.034322200345270615
7 0.6535681447856051 0.5298267681456963 0.001867565909714708 0.005658967030260698
7 0.2549697706274966 0.4680058211066418 0.012716985164467398 0.027631034589323977
7 0.19415993646016072 0.43226300950678714 0.008499447196968463 0.029990264461711602
7 0.22343220564896152 0.43874579778130834 0.007396058108085468 0.027068000328819286
7 0.25340551740254846 0.52107759627279 0.0012444557366695919 0.0039900937261904135
7 0.17521069137590323 0.4545341131585765 0.019002262670106962 0.03931693651100726
7 0.32694244244270376 0.4251049784901527 0.007765617923106816 0.0332320264987539
7 0.26883282339875103 0.4251296530419808 0.008475157694106839 0.03322083382686131
7 0.41627034397617235 0.4860079696540085 0.004999166519463472 0.012141038414412886
7 0.421871695975677 0.4785919477656726 0.0019038431519386445 0.00939355057507324
7 0.4191099810184801 0.47784007601811773 0.001980050705402192 0.009722477346734204
7 0.4155692103597901 0.49589468688886884 0.0036162543964867733 0.004383462467898724
7 0.7726550678700286 0.41981496443988386 0.03225778003384394 0.0698021328254394
7 0.6722918597165496 0.4128233968101586 0.008994478723450605 0.03883119033265825
7 0.6990503732739128 0.39911297339150087 0.010846091644815092 0.04513700152281869
7 0.7659317740484766 0.5506357727736197 0.0031019269461495247 0.00980564403577111
3 0.8557714612475906 0.5308217874463456 0.11285840018521054 0.06291814955797492
0 0.5970851734626905 0.5400780909912686 0.07839358464405854 0.043193836807203234
0 0.7329203114632078 0.5518531648874804 0.11069775997623177 0.05656882907800176
0 0.552110896984704 0.512281526931609 0.023130247581214958 0.012635865806844282
0 0.7413593209127219 0.5377554751564413 0.05770880484150798 0.035976150526636275
5 0.4139585050415112 0.5241048745877236 0.00940126166670413 0.02296112246093962
0 0.4212957520545171 0.5226224443760549 0.021928508990015083 0.021321085051320576
0 0.5494236208044856 0.5121122366527988 0.021360206270344517 0.011567260991348749
5 0.49778019842027976 0.8123721994525764 0.11882749339806015 0.3752556010948471
6 0.3603330945429687 0.517281202091606 0.00357396062424975 0.02426185480424703
6 0.21977593586121597 0.5240712271183058 0.0060636956030857 0.033955353640783725
6 0.4063369129411165 0.5173307959905533 0.0036122667706918743 0.011227068656864403
6 0.4279797379207907 0.5094259706438825 0.001906143034601071 0.013072566659825924
