7 0.31595844590053473 0.4686455028986902 0.008713514900463126 0.02969415131967784
7 0.2695212897391165 0.4298310119849508 0.008500432783856315 0.03220555901664812
7 0.2926456734441857 0.43725374278267215 0.007405443611439522 0.028859719067378664
7 0.31685078441408443 0.4923140504385146 0.009227036522984344 0.010653930040914916
7 0.569709172197101 0.47038427547214146 0.005845922062030051 0.027678231462000324
7 0.4649758958722269 0.44887886408001587 0.004627971378758089 0.023407347111138288
7 0.5063704197084821 0.44890653043094786 0.004439551892614357 0.023395599546483792
7 0.5656877227526684 0.5227247000891306 0.0011741097739509376 0.003894534959582363
0 0.5712548385925014 0.5211846168672298 0.030580925582163077 0.023962971547454748
0 0.5264364289695127 0.5206778811811905 0.03027512896731721 0.01797590895643164
0 0.9650951774045311 0.5431132185864778 0.06980964519093769 0.03963217799244545
3 0.3833626961791776 0.5898847731551556 0.09782420705473732 0.13952998044157772
2 0.5402758167863393 0.511461486535194 0.04787573073674478 0.04479264866858973
2 0.5798951287088157 0.5097951817411899 0.0452965142699987 0.03618570031244772
0 0.5251945471740047 0.5273776211584036 0.027306337507725487 0.023362914227479936
0 0.2229532094391088 0.5812258721552661 0.12379821531185362 0.09536149032329366
0 0.503675847650185 0.6158714061838795 0.07751825764588971 0.14040087775110843
6 0.7055300049979135 0.5479228121820249 0.009212497569134115 0.05786868380280108
