7 0.5506239135418511 0.44187182705649514 0.020748121998400704 0.05086627337874372
7 0.3517730591130379 0.38949559171798553 0.008721096557827879 0.050017425708190455
7 0.43686335189767894 0.3947879040016661 0.009313145301816483 0.04752165569383643
7 0.543998304526786 0.5377532406207989 0.0023185086563608515 0.007232410782812115
7 0.03767484783045413 0.3751895787274081 0.017520477735676034 0.056816628988096474
7 0.7607762682084289 0.3791761857532333 0.044486501623902774 0.10821765977843051
7 0.5752585591279602 0.38574477411401753 0.01189117719576993 0.05179263207751633
7 0.6217679381656145 0.36231766760802164 0.0150377904171205 0.06299992242169422
7 0.7476004304078776 0.5749968423159232 0.005059519064931073 0.014817186013373895
0 0.20115398799666906 0.5567689563406839 0.0653990284286691 0.06374391760817166
0 0.13403113365874672 0.5568808996785222 0.08109776432125754 0.06202354073715577
0 0.4633641377066232 0.570124313131212 0.12426375623683916 0.07957120205312185
6 0.04788275148547466 0.5357120896052487 0.008623490400532167 0.05066865741818949
6 0.08332598713954503 0.5346459918514408 0.008829196927546079 0.04914709474012613
6 0.35286762647985037 0.6730427960138723 0.026740158594037666 0.22653730609045442
