7 0.4206474987305979 0.46785532125559237 0.006038344358250569 0.02805871807865984
7 0.4050050209650318 0.4321584508366081 0.006520681888970592 0.029963330005323918
7 0.41393696831263727 0.4386544777913941 0.005816157543585276 0.02704583821894746
7 0.31367121707477164 0.42692673739073805 0.018699446367378414 0.06512632679128322
7 0.36715502906673675 0.4183794579726617 0.008304795767321793 0.036191554789691716
7 0.3480667075689394 0.4064852086270542 0.00977895759464159 0.04161125698711948
7 0.31624241914534557 0.5459449638265305 0.0024172065542420462 0.008876633231153841
7 0.5747203575161526 0.4688864626234692 0.005915023920333939 0.027668277249752515
7 0.5113825567551826 0.44743006604374097 0.004466597453950727 0.02339026062352756
7 0.57336144623141 0.4910718852529291 0.008057271016287393 0.009843635311866217
7 0.5706877732750706 0.5212448810369411 0.0011785439872248338 0.0038964425332477237
4 0.5039273714477532 0.5351611860264803 0.018803245598893292 0.03607189622135443
5 0.8506716450593657 0.543621658600578 0.03904079331469246 0.04182527088117527
0 0.17159513765333603 0.5355583076883752 0.06883617714884838 0.046925331538012593
0 0.17209200060992863 0.7916815271849261 0.34418400121985726 0.41663694563014775
0 0.24105132660089496 0.536347016093254 0.056417819100304745 0.034479462364104596
6 0.09052225451115825 0.5740542157898347 0.019394930870820046 0.09572485610206483
6 0.1018817850162231 0.5479039585696239 0.012287026701934406 0.029705809483918322
