7 0.49106483912163257 0.4619607581520278 0.0019215513089310132 0.0108787532689536
7 0.510465098295553 0.4619514396892114 0.0019129052735072927 0.010880193023179718
7 0.6891141296292546 0.43196204523952314 0.020858918175464147 0.04722439694367464
7 0.5099935780319913 0.39458703928882843 0.007025645976291073 0.04106400232438068
7 0.5813549378283658 0.394520684024519 0.00815305965913049 0.04108453431533288
7 0.6820643618510138 0.5217109975256216 0.0022965942223986957 0.006707841554567606
7 0.22523597770317283 0.45074500925592187 0.014701044915601869 0.0310784783806633
7 0.14515973019332085 0.4079424471717826 0.01069633091655009 0.03501389037903979
7 0.18399491157217507 0.41657358852612936 0.0090670957608118 0.03109636470641436
7 0.11612229684734138 0.4327661283996711 0.023618663848538737 0.046678140361393505
7 0.2958239245990194 0.39801992765463917 0.009754386243674473 0.03952013367098117
7 0.22721705932765224 0.39808220178843784 0.010784332577343791 0.03950114957605155
7 0.8749125073270283 0.3755477408033102 0.04795249778930455 0.09701438415509406
7 0.7100784437952898 0.380101883601898 0.011759367493798134 0.04771761935594021
7 0.7512246708811743 0.35893767286945066 0.014976332080306687 0.05759527806882736
0 0.84595053147694 0.5276805279552254 0.11552183993452547 0.06214165373363517
0 0.03523429850564734 0.5316618606810258 0.07046859701129468 0.03822931786575556
3 0.5633963020593272 0.591396710946944 0.15691611078831108 0.21666391134378737
5 0.9473942294976797 0.5340437847059453 0.045313437207616936 0.04529789255915517
0 0.7744039600366649 0.5304469645413807 0.07150940122794736 0.04076666665147821
0 0.4394674329902577 0.5135401038370205 0.02298823787033555 0.02400809723278363
0 0.46190169195440045 0.5191946218155215 0.026956992019434745 0.03227047828431773
6 0.37186313429786727 0.5022619936564074 0.002933283293891309 0.021725765359746352
6 0.4113268063188752 0.5004182069537291 0.0026290718066500074 0.019091712055172405
