7 0.32949336676140906 0.47313445665517373 0.0021270968783803634 0.011532791582643864
7 0.35089753243440014 0.47346793840787127 0.0021013594081930598 0.011386107489072983
7 0.5347903626671544 0.448441199979836 0.018127712842948562 0.0444256326053632
7 0.36195381801772264 0.40359778178169137 0.00781579413614586 0.04307910346224919
7 0.435496058916213 0.4078356302302327 0.008204465237198144 0.04110422208662651
7 0.5289671751543463 0.5323881056117257 0.002021382734259114 0.006318975655171477
7 0.09274174801724713 0.3920084802910554 0.013760420488449387 0.04851425376699131
7 0.6913134428409462 0.4064290865110276 0.03366264685182374 0.08232824435801595
7 0.5548667721351052 0.40152873903115305 0.010040448634396126 0.04404733428845192
7 0.5915992121849046 0.384956247513989 0.012190600023879838 0.051851105291667476
7 0.6824103491679403 0.5574503962682084 0.0036411375331905083 0.011374590523865358
0 0.2644079858237468 0.5281838729208657 0.028008911275529458 0.038479310893090646
0 0.26823957793654346 0.5421562664352124 0.036558238678724764 0.041788740213520637
6 0.5308377111321813 0.606141431754824 0.019922243648802462 0.13892986422288933
6 0.3614993396469937 0.5172871002069486 0.0028895109680210362 0.010736946857417107
6 0.6172419443142675 0.5222496600750204 0.00456364827861333 0.03228064053826529
