3 0.48556418214061964 0.5097072464652307 0.014130622073773691 0.024357136582783434
0 0.5046579509918565 0.5313438242917912 0.02513394069670294 0.04496238546100462
0 0.4736605857707038 0.5241845293028841 0.019410632218999357 0.024792830845720593
6 0.33852947512496845 0.516217467748349 0.004000319403162644 0.02619057403478564
6 0.15209749811712633 0.5297095324877403 0.00876195091810733 0.04558125933127666
6 0.6012049911010116 0.5277126890066458 0.005649971822825339 0.042618109838522544
6 0.9140768812456622 0.5961218517898965 0.02879274925391151 0.14150430125842883
6 0.32676060035344545 0.5157865649341673 0.004022746027719848 0.025577423324086968
6 0.5173636539862865 0.5112879674842741 0.0022199053703170213 0.017277363531121526
6 0.303098937694808 0.5226119319517095 0.0059201212837530215 0.016343197677924692
