7 0.6152828490195104 0.45333823334641066 0.009138783687089869 0.021619372701020656
7 0.5327005123301249 0.4362887967350146 0.003414036883445326 0.018508545627153206
7 0.5654477240757432 0.4362965165795183 0.0036555483964110236 0.018506961411722866
7 0.6490118163745346 0.44550475262887823 0.012239857381468267 0.028260992132034646
7 0.6190012012905977 0.4335122520058755 0.004314969275082903 0.019735007146340133
7 0.6279715845005913 0.4300925615057094 0.004714336273646036 0.02124366855335097
0 0.4980677806211736 0.5015807477825296 0.014420087361447176 0.023222865067570597
0 0.48020476245131904 0.4944008008472964 0.010964807128500786 0.013998270918836764
5 0.6788561356984155 0.501935299057283 0.01880787121430816 0.022039568986945368
0 0.6814464974972623 0.501444490961588 0.03995836860625546 0.021298794105869934
1 0.30358438485187883 0.5061938363386952 0.3126973948205283 0.48842689844687204
6 0.7266953091883616 0.5196314257804873 0.010367189181887282 0.0593275329231181
6 0.49016983569199774 0.49904244985404245 0.002724697930900799 0.015367024287969377
6 0.4805946808115861 0.49571660646178556 0.0026066916216009317 0.021771491785386288
6 0.5061261492958493 0.4958874453367622 0.00261811914119614 0.02215795687926886
