7 0.3260931839027852 0.46752306077036143 0.008021104258095157 0.02807247895732551
7 0.2854237720917749 0.43182078221799836 0.007741180165761974 0.029983959509232605
7 0.305641269366814 0.4383153466245566 0.006814755518529614 0.027062678195221845
7 0.32703130058050467 0.48992592839755994 0.008677902995807896 0.010076936463996877
7 0.5665382287882823 0.46904364558490386 0.00548152596708773 0.026270722445272787
7 0.4670380666395535 0.4486325855852839 0.004378770948461286 0.022214086528609234
7 0.5063515239738827 0.4486544805135405 0.0042143274715379375 0.02220445661640036
0 0.3050919230086186 0.6712468793123636 0.1852742243232266 0.21341351919352058
1 0.6107948345543537 0.5028071648648046 0.0622125199246053 0.046388980998166573
0 0.5478380109223824 0.521346644137426 0.028856665149115224 0.020739527442685812
0 0.5476038927945379 0.5162713932591686 0.029206901900707072 0.01768098109475824
0 0.5004508345980319 0.6766953101876936 0.16510033690628723 0.2999901896219591
0 0.551639315320243 0.5196946996283496 0.025853661804138395 0.017998381363717564
6 0.9766036710672734 0.6328195876563572 0.04121158715494033 0.19139286860882698
