7 0.5779089994954434 0.478332564101386 0.007487012975172291 0.0183653179449087
7 0.5074012049655716 0.46393094414863634 0.0027029668411329144 0.015648711978888175
7 0.5352204416570576 0.46391493729752864 0.0028694999234628593 0.01565774966278788
7 0.36790993001454586 0.48193428158033813 0.0065049051198226016 0.015235474367776725
7 0.35190493712439386 0.47845920353455695 0.00786292275676731 0.018225054721876577
7 0.42222336919994785 0.4644781587789114 0.0031214164450794613 0.015400642411263654
7 0.3949183101815827 0.4644935836039825 0.0032756599262862007 0.015391901537325337
7 0.5947139697434857 0.4730234706050117 0.009465248411400173 0.022949316311178525
7 0.5829340593862842 0.45955649899845263 0.003536201856977672 0.017592635006292545
7 0.593705279475577 0.5169064330408822 0.0007337882337311585 0.0032631310482507114
0 0.42931081036069973 0.5189819915874887 0.03574716264340794 0.02506867115702338
5 0.503468405160435 0.5445829939933962 0.01223345767001055 0.04818131522578395
0 0.5034844538811402 0.5394678907020973 0.025069965687934792 0.038548155705887654
0 0.5448776039552561 0.5517579766421328 0.0732409914047184 0.05804285189398273
0 0.45290195512010284 0.5228038435154145 0.03965417671882332 0.025129669664697762
0 0.9389163868900614 0.5631801856386032 0.12216722621987708 0.07178766714919649
