7 0.6265181541416727 0.46356972578388167 0.013211529947791512 0.03131623079829765
7 0.5068809486253887 0.4388793099870425 0.004634087533693321 0.0269283324784933
7 0.5542918695962439 0.4388582907332769 0.005111700968009503 0.026937837399880538
7 0.621942476787291 0.5234751758533778 0.0014274521017508812 0.004468681646119244
7 0.2935919088181772 0.4728386566415508 0.010448946048541963 0.023285576260663354
7 0.2526218230117952 0.4449897130632658 0.006361473884040375 0.024182322299609482
7 0.2722113270834502 0.4493156348166507 0.0056994961773318975 0.022245458501167215
7 0.2925403302387989 0.5176048365762873 0.0009768316461015725 0.0033575860194281493
7 0.2429995738022293 0.4638541347013485 0.014394908583244659 0.031068638446317853
7 0.36291909660703425 0.44037920201341096 0.005821712779356558 0.026253131329135704
7 0.3167510226389384 0.4403991693576743 0.006268608839869627 0.02624411062354981
7 0.6329222795694553 0.4328622667330691 0.0064794357913732226 0.029643651750497435
7 0.6481595466592207 0.4250529945879291 0.007419863673946203 0.03318443729531467
0 0.45086858569642974 0.5204398177713625 0.017695878360762862 0.02070035868428044
1 0.14896296351113258 0.5054033777563747 0.13584619344676926 0.08280206472591711
5 0.5007318520470565 0.5894782824592635 0.024816509745275328 0.10055710581198674
0 0.5938021253835791 0.5497272576845659 0.06805914131463209 0.04885621680729124
3 0.3616741888283508 0.5521847636268864 0.058660703015258275 0.07781141866792629
0 0.5804815551014137 0.794869341251212 0.27877374245610376 0.410261317497576
6 0.6257184000591463 0.520299544344494 0.004066596996287086 0.028857458307147366
6 0.7034153748296962 0.5207935378755371 0.004592765081100625 0.029563160069949412
6 0.10312513037380151 0.545725945890636 0.013106767527568147 0.0652050514138961
6 0.34413800525550253 0.5882993476133602 0.03155999075400184 0.026152218971246866
