7 0.40108989878784995 0.4790264217133976 0.00444316623864871 0.01950021362303772
7 0.3885524067702084 0.45760674620320896 0.004308567684805142 0.01925723294510817
7 0.39522732110903924 0.46041141125061547 0.003990980459512572 0.01800852355314353
7 0.4021923076177937 0.49469360186553313 0.005822604432963896 0.0070257454512726025
7 0.568823666324846 0.47972543236247034 0.003990820950338203 0.018559736254474768
7 0.4982851090300287 0.4652388059585323 0.002974992133854659 0.0156994016328435
7 0.5261795792040357 0.46526738774769927 0.0031214932256398153 0.015686894032527265
7 0.5661142915378565 0.5150668299266554 0.000796356357071315 0.0026255783145413547
0 0.496970324287082 0.5648482655869078 0.044698441316015025 0.06274503825642797
0 0.5491260957412214 0.5181334539876606 0.019496383925753924 0.016962737358211744
0 0.5659784030598747 0.562715338668779 0.05276162817514363 0.060301143712777394
0 0.49701817181705854 0.5845055832032013 0.06773002239479253 0.10984569818860146
0 0.5016684397601169 0.5204074986525826 0.01953236814412951 0.01904018961625009
0 0.5241961742567844 0.5180907013749798 0.019701784038788084 0.024964106683981857
0 0.5932828622875128 0.5768131853718254 0.07429923414473139 0.10500675521724823
0 0.49776787305229575 0.6539053794746217 0.10291717332618999 0.16233781375586953
0 0.5518421982382052 0.516330804396433 0.023659749080268133 0.01597289619682918
