7 0.6316544582853754 0.49032939385644897 0.0016626430014811122 0.00904085622374362
0 0.505145155878189 0.5114745320821598 0.016194383521532574 0.010947895445878597
0 0.5063029442926447 0.5115852583202936 0.02070193606066123 0.00939790814493413
0 0.6587573160012627 0.5145125318371699 0.009853027380907986 0.014570530372980506
0 0.741526708107751 0.52110961886276 0.038887737597323 0.02595420123075387
0 0.13355227314669235 0.6322719971269326 0.2671045462933847 0.22061483973157558
0 0.6539958805001482 0.6259516268508132 0.08540769615693133 0.1293368873956805
0 0.6766197369023543 0.5127087488615985 0.020188889757347672 0.012525507186309959
0 0.07169143013957817 0.6332394426624299 0.14338286027915634 0.17507287729004928
0 0.6430212153638646 0.5132250753491453 0.009105683731471026 0.01212297743967139
0 0.43026185588267807 0.5434449583598078 0.04661668899166105 0.04458057659783643
0 0.6417326110758511 0.5145272684719453 0.009519941427446277 0.013862868432953257
6 0.5233620494325895 0.5155416835461994 0.002905667274432422 0.009760348110942951
