7 0.48835292842209743 0.4800674986957998 0.0014918897060798852 0.008581924875452007
7 0.48842801558415866 0.48065760612102626 0.001447254769702977 0.008324661307591574
7 0.5407264601235025 0.4865510089980795 0.004539213202795489 0.011345765008043962
7 0.49708124553072086 0.4776162801225031 0.0016891642847751132 0.00965177244542298
7 0.5143030314598309 0.47763047002880943 0.0017497022474572965 0.009645651634624053
7 0.5407360511872956 0.43685144769091355 0.005218574638799489 0.02772154847808067
7 0.5893067646127812 0.4369639925116502 0.005699800174577718 0.027671162582784736
7 0.30932279526486084 0.47176604984388776 0.01064220813934652 0.024014241020635763
7 0.27288007705841955 0.4426618872743629 0.006350045367470081 0.025112752652365566
7 0.29060169752817 0.447318415432188 0.005679291454767921 0.0230307822621168
7 0.30843711282926844 0.5179090407015002 0.0009606275399169362 0.0034621446471956308
7 0.2660250793274357 0.4621019236097933 0.01475347339450489 0.032350325233227784
7 0.39099063940584533 0.43803998723625626 0.005650314540738999 0.027186613754813516
7 0.3429056969536839 0.43793123880972906 0.00615455682885202 0.027235257898952814
7 0.42671712671931306 0.48651245210818617 0.004622014659370288 0.01137767780564869
7 0.43030020716903883 0.4794543354118147 0.001734954043680903 0.008849095161640397
7 0.428322443039176 0.47878682174897236 0.0017985314641424388 0.009140358354179035
7 0.42598576394147786 0.495777296673205 0.003362622795702652 0.004109412964643788
0 0.479724443126014 0.5121125177677205 0.01499292312048317 0.01245271378033097
0 0.5107073302264754 0.5166023630492731 0.01287870553211734 0.018217385993368196
0 0.4389064208006809 0.5223521501655916 0.01690705176375623 0.018073275783511367
5 0.41422797593722904 0.511149507366871 0.009126850518807295 0.010710034958396508
0 0.48792146905987754 0.6756784924177726 0.12247999864383047 0.211726654816757
5 0.46356198312836405 0.521188226241178 0.0066273358530653526 0.020498843236189557
3 0.5088798288992677 0.511128025497821 0.013145145334594321 0.023212688936261716
0 0.15067253155015078 0.5337137171441718 0.07802282355802452 0.034292827418743066
0 0.46537128255921145 0.5195612927509095 0.013652610840316937 0.01908605736181579
0 0.13705986784676688 0.5311682970588436 0.0727400985775337 0.03165112212391774
6 0.43705614053737474 0.5221791550160833 0.0038256481480433147 0.02964256520214381
6 0.3990257770205558 0.5226495545997438 0.004006922216676645 0.02922251082894689
