7 0.49788428677083973 0.4896077591831883 0.0034016132325718207 0.00880419200804794
7 0.49905722267930136 0.4815001102379406 0.0013891768182378028 0.007990969214449917
7 0.49912298672082567 0.48201342918562534 0.0013503838939503687 0.007767417664476528
7 0.5071399097727329 0.4793825981733485 0.0015597218619701758 0.008913995689752874
7 0.5230703377722691 0.4793806630151968 0.0016135875024791968 0.008914808729707902
7 0.6417856409164072 0.4693413979041234 0.011187850111239905 0.026165028106758914
7 0.5419039147749958 0.4487352413294123 0.0041711427158549474 0.022429889512746493
7 0.5815434309935699 0.44872348508555004 0.00450453956749719 0.022435051918612336
7 0.34752665796264776 0.47614132276430565 0.008782176943192499 0.020320545963586623
7 0.3227297989638489 0.4530751909558178 0.004871934365870245 0.020498573412346288
7 0.33481553973329237 0.4562490579459251 0.004456438936574936 0.019089539795075827
7 0.32016158859289334 0.4695283569104185 0.011439534121263917 0.026005269841381073
7 0.420320788098413 0.44978199995574475 0.004416319463505736 0.021963669010128972
7 0.38153419973811387 0.4497932676421695 0.004732208094843149 0.021958726389192718
7 0.44226846426556793 0.4876380519236664 0.004232787703719709 0.010483740329820912
7 0.445223157840611 0.48101281862742684 0.0015920770843592669 0.008203366962099168
7 0.44352472863018777 0.48043976979819925 0.0016455954351325408 0.008453118377695357
7 0.44158057828930364 0.49617748527542677 0.003083840495233914 0.0037883534683537112
7 0.6484467508345109 0.44459305855424186 0.005473520606568805 0.024278859303297207
7 0.6622185999237596 0.43940081479875515 0.006122672201306356 0.026604315184614702
0 0.6374466456939197 0.5251630069014948 0.04962851410867142 0.032681547745864514
0 0.5009896807445741 0.5138080214260421 0.008917392265207547 0.01411467044150061
0 0.6213104905226389 0.5254135914443733 0.04649032059290392 0.027861592944739222
0 0.45552115587498554 0.5197816613124442 0.014549471494373412 0.015800651331047133
0 0.5000225624697494 0.5831526678268122 0.055637473790770775 0.08896017421572144
5 0.47731856337858247 0.5187551610051263 0.005753037888007295 0.0180065593154477
0 0.5169728740222004 0.5129768200746394 0.010454147678771508 0.013716393548069195
3 0.5238166598537489 0.5145933848774024 0.017873978489704845 0.03020680029240047
0 0.47872890571906346 0.5174454181869822 0.012010191918274848 0.016876191977212684
0 0.7301542231039921 0.5258606016714732 0.05589558081786172 0.026388768211665248
0 0.8606595837542393 0.7333981933652562 0.2786808324915213 0.3234525153946638
6 0.32147217624492397 0.5178101525925752 0.003952445611363153 0.025495977835627848
6 0.4075377440785888 0.5142813518991571 0.002924407829727693 0.020448159636835994
