7 0.41947882797407815 0.443812391622255 0.012382743810720798 0.050214625515373146
7 0.29836966616619054 0.39562345544510424 0.009583250043214475 0.04743130195225431
7 0.41694360292873345 0.48337195472720257 0.014466833608099194 0.017727844732265297
7 0.4124848237804841 0.5372722617511083 0.002205320378035003 0.007054246083881721
7 0.07211971298223724 0.4242504167913046 0.02190135744167771 0.06731095350621447
7 0.013816349080688383 0.3306201520786654 0.02407778584681833 0.07824931179139516
7 0.07017541856169267 0.5482694096366787 0.0030274203043353654 0.009498771402411288
3 0.6949479043771376 0.5499757656609314 0.09022294059193503 0.07416485307643661
6 0.9599494462712984 0.5250109220314602 0.007511094747940872 0.036022340562146704
6 0.9887374979955861 0.522290272763819 0.00654100746893338 0.03212110457033601
6 0.6150728712140079 0.5826683804434643 0.01757690018678737 0.10944830745517264
6 0.48760704130851856 0.560151439886645 0.011523242194538708 0.07802211755427746
