7 0.392004378002174 0.48985449393333375 0.004025969647127259 0.016949540379137096
7 0.37977006659690926 0.47203684604141244 0.003748332420230982 0.01636631689755963
7 0.3860766147757293 0.47408859542256415 0.0035071007867488735 0.01545555071755611
7 0.3928937964227738 0.5035013564371795 0.005103816494394453 0.006115773426682347
7 0.5395204323644043 0.49035379168553733 0.0031277034777364987 0.01624815035460203
7 0.47749113974006685 0.4776715334638393 0.0026669086371804984 0.013729723587081466
7 0.5019548751168443 0.47769341075822724 0.002615750330591138 0.013722154553057864
5 0.49906166199708646 0.5422638390212271 0.009963328491058465 0.033003733299762916
3 0.45698632079887214 0.5228004099996766 0.01973736480714683 0.019892549059696285
0 0.392505454259823 0.6026960749275371 0.09195579745908739 0.10499048273887124
0 0.45763959321736003 0.5458550891578988 0.026997786544893265 0.0321024086120556
0 0.470400420321835 0.5323703469826347 0.018152935992722163 0.024829355914705697
0 0.5470542414573301 0.5343803589657528 0.03490412583088087 0.026251164896603285
0 0.5013964585457108 0.6340729736558186 0.0961780336069194 0.15896535546050572
