7 0.451127391310577 0.4839701453700932 0.003329709993336649 0.017138440038288127
7 0.44694680237436035 0.465876388579503 0.0034100392643491295 0.016578546411551376
7 0.4498273031133924 0.4679857980618511 0.0032044690676098497 0.01564452207580702
7 0.42246981926500526 0.47360739623343384 0.005639528697587715 0.026282555328436763
7 0.43186745372126883 0.4619421577516234 0.0038604197237237514 0.018324010433941884
7 0.4272168159402934 0.4590305779150058 0.004160877150772513 0.01961854133286639
7 0.5463620704917289 0.48450455219253963 0.003302597601667401 0.016992204822261325
7 0.5070855191145023 0.4712914833369816 0.002738469597982629 0.014347363436129967
7 0.5455473944470048 0.4982210362363936 0.004925247693636781 0.006094606464479124
7 0.5438616489314322 0.5169208947479046 0.0007081037302989479 0.002408116531875004
0 0.5000957272496249 0.5466146546954851 0.031820653956692424 0.0466022632438835
0 0.45780571863343866 0.5408807571198981 0.029267705969982794 0.034214783726155606
0 0.5018920912250451 0.536371998281518 0.025630639903707897 0.032555362341648686
0 0.16286301419734556 0.5263763161725851 0.043932872719206845 0.029206682461984546
2 0.3364830030234383 0.5401586486284066 0.061942883419749184 0.058552031389790926
5 0.037380068928392615 0.5266677091778542 0.02596887320252039 0.02413356811482492
0 0.27957426398833396 0.5248141388080139 0.03253488211855288 0.020473621136262943
6 0.31448848860012735 0.5196416468618625 0.0035605008618093126 0.02242577769833709
6 0.4535990779729515 0.5294327932393648 0.004688372828406007 0.03534172884665321
6 0.4527726175343896 0.5297565164988884 0.005262902712192041 0.035867120590834634
6 0.3298159074412016 0.5191747109712257 0.0029012104907729097 0.02177139527693195
