7 0.45029699252159416 0.4804637837410658 0.003384610692023504 0.017394593862471552
7 0.44593418450662115 0.46201102825085094 0.0034695065802989866 0.016865201082992498
7 0.4489112400965823 0.4641940446707382 0.003256941518228529 0.015899534382684988
7 0.42061667120223034 0.4696817792279233 0.005793321664854301 0.026889845439027116
7 0.4304781042424164 0.4579281292879902 0.0039359539427735735 0.018674935774338597
7 0.42564406645209063 0.45489749106361743 0.004248695639185618 0.020021346153667796
7 0.5469148751569669 0.4810113933544642 0.0033557745693792995 0.01724311014415647
7 0.50707238298824 0.4676024744183409 0.0027784383480861097 0.014561121322308357
7 0.5460853154304193 0.4949271585251587 0.004996501148859855 0.0061827329657686
2 0.5590374814083876 0.5196041425793554 0.05094103125253646 0.029800181323644592
0 0.6149504356608941 0.5263199878517318 0.04749057086338182 0.025355254510748715
0 0.4999653770143964 0.5467997821350108 0.02989670147129686 0.04676134329112469
0 0.5483086285276826 0.5219753195888907 0.02802107234933071 0.020236828879015567
0 0.16097141642399482 0.5700433654090015 0.10375934396178188 0.0713660155813225
0 0.15529515121005597 0.5261520887847053 0.04568011166628699 0.025791885956277127
6 0.3753526212837297 0.5293007587910599 0.005440940657338189 0.03676709029995828
6 0.5669088851818582 0.5215895001488569 0.004282233776026434 0.02675047748121917
