7 0.7012549458468171 0.4569861520289714 0.01655160348255691 0.03720953529158927
7 0.5599382580305763 0.4275993633912337 0.006135769934285551 0.03211418158775253
7 0.616266421205801 0.4275695960058945 0.006810127129124766 0.03212768140263217
7 0.6959102225273315 0.5280362298697417 0.001831444266033433 0.005307618303879158
7 0.30278918875153327 0.4694241555168006 0.011754683799424737 0.026394197635835837
7 0.25736240414498135 0.4360565433345991 0.0073667133719547695 0.02828453474218401
7 0.2794757113188128 0.4418572357297628 0.006489967608393599 0.025670618008832857
7 0.24648634321317936 0.45738645421903007 0.017003415946312966 0.03686067704551321
7 0.38821573763608097 0.42970481728364285 0.006591409512507307 0.031158717484416842
7 0.33363305552706485 0.42973283668447027 0.007216242522820826 0.031146029540706
7 0.8305872230430025 0.4282057526087062 0.030102573711080716 0.062498633475109144
7 0.7187482774082661 0.4189554162146508 0.008984762821150127 0.03605145422672912
7 0.7500153120315063 0.40723916232058444 0.01075675613813376 0.04142528752500835
7 0.8235053422043972 0.5456973403839751 0.0030652824139879575 0.008797548194776073
0 0.8204013244989173 0.5392220201165758 0.08320224137634002 0.03844644543460818
0 0.04492498916664035 0.5352093852393185 0.06384317945775286 0.03454201349187125
5 0.5005375644198331 0.8133601689453216 0.10186727817614727 0.3732796621093567
0 0.4731347611500515 0.5222752438989204 0.016920242835536392 0.02417584405910589
0 0.2673703783895002 0.5505334515162496 0.08034124615396437 0.04449171903923954
0 0.025236806341164004 0.5492771854948587 0.05047361268232801 0.04741777019905746
0 0.520744374263644 0.5160796074598062 0.01288218058504198 0.016827787584788978
0 0.01714815063591897 0.5226768580253293 0.03429630127183794 0.023120379684442582
6 0.7766396792239765 0.5640192749320544 0.0157875302281254 0.09119732759017274
6 0.2887258009576732 0.5230849544400644 0.005390211817768553 0.032576874548240875
6 0.3915989411950436 0.518140578428683 0.003287598972968042 0.02554899499715213
