7 0.6744809917547482 0.4802124972682308 0.006819111383099985 0.015963725992193256
7 0.6363095525207657 0.468131945693136 0.0026029521164046 0.013406405417134615
7 0.48942960459826484 0.4839209751956717 0.00522814144170225 0.012808588624962924
7 0.4820996182439118 0.48154132253998694 0.006079369511965804 0.014862980126838232
7 0.6903699444617064 0.4764164870767933 0.00834441571640998 0.019244650602595004
0 0.5096345309164547 0.5313779513627105 0.02740955514457466 0.02880475068954147
0 0.127408043400902 0.8258823350155974 0.254816086801804 0.34823532996880524
0 0.475102055131248 0.514551101975349 0.021764646194978532 0.015303385575430428
3 0.7909486713724492 0.5315350513144794 0.11160232185129082 0.0668711405362642
5 0.5632179332935912 0.6233007298815525 0.040197521363209865 0.1304876205898159
0 0.5848132827278048 0.5230744724299091 0.01843328563170632 0.03214635518629749
