7 0.42339121828881293 0.4706397563895783 0.005781190071699971 0.027074619254852772
7 0.40911543655553395 0.4368253913186706 0.006206232356749608 0.02864592852531045
7 0.41732697069730945 0.4427685523835069 0.005563962457466709 0.02596777845798698
7 0.32742648681518904 0.4343731586117686 0.016736823766838882 0.06006863305581572
7 0.37397796916899906 0.4243788083851591 0.00780934835258168 0.03428728880979304
7 0.3569243186202109 0.4138055776038122 0.009104423018006014 0.03911417888718971
7 0.3295270132220872 0.5446460209208457 0.0021859218824559767 0.008225703913214977
7 0.5722555927830568 0.47161836789535316 0.005669380991026429 0.026711559969790355
7 0.5110403432568884 0.45089769663569357 0.004312739569882651 0.022579822531095195
7 0.5709483605843857 0.4930537196080078 0.007778777708228435 0.009511502936345784
7 0.5683633207038794 0.5222162519931361 0.0011364009872816272 0.00376548346599459
3 0.3759127297857855 0.5320001997517608 0.05785863140791153 0.04315594427298519
2 0.5000943635174384 0.6992661856551193 0.20665283617722907 0.3492006276312114
0 0.7403221963431814 0.5354467522116795 0.06758695366516909 0.037096695219900555
0 0.09477122974661223 0.5366982299535639 0.07248519930299123 0.03369734292309334
6 0.14644867874756867 0.5253417431632448 0.006488400160451074 0.03343919593272282
6 0.17563855924933908 0.5685788939835885 0.015652587209899066 0.08589132964730362
6 0.8011158356240795 0.555591644626985 0.014018048783392856 0.07634321069635175
6 0.18712713797570862 0.5334635819423084 0.007575992288358063 0.040395993859307144
