7 0.4841138786502898 0.48166416942535356 0.0017123612116490827 0.00865313868146489
7 0.4849224938024568 0.48225997961498657 0.0016586928816952895 0.008391681436905052
7 0.47663458463251596 0.48786434251249766 0.00218150518694199 0.011814180519578332
7 0.5381211871877793 0.49070567320748115 0.0017114460570107903 0.009509548910946353
7 0.5159821433125793 0.4833211993094544 0.0015286664363612923 0.008015501949073078
7 0.5376708243521319 0.4984173276531746 0.0027486007774968346 0.0034304145608581305
0 0.043215202293569836 0.6080894016073161 0.08643040458713967 0.14475876618993766
3 0.3436763308213574 0.5123270729517055 0.02125339892651279 0.01516770929303135
2 0.5116381505695484 0.5212191818187719 0.019598771938256765 0.031099165277903462
3 0.34613569678696277 0.5253351121765295 0.04300369322474956 0.053140785434462545
6 0.5443166671758575 0.5136496906803212 0.002241447817531772 0.017086440067873077
6 0.5522189325820697 0.5121432534207125 0.0017330493826991367 0.014966359897601533
6 0.3295232707225174 0.5125504777568511 0.002514857514761437 0.01547527229510326
6 0.23035212707730915 0.5273261441261747 0.006358851425525558 0.03628602003443504
6 0.3906631664868693 0.5148471171682223 0.0027987444792363925 0.0187289868971513
6 0.55031301871028 0.5116080040777472 0.0014951582214464132 0.012836914959754475
6 0.5693720774991231 0.5179574187350264 0.00266289584331314 0.023167381062823567
6 0.3691010351001194 0.5154436573894245 0.0030380508010383056 0.019564208094121738
