7 0.5834443414190875 0.46763597431649656 0.006720741175997635 0.03062711695929987
7 0.5134943101106507 0.44391751162496207 0.004947959251763612 0.02589193184925026
7 0.5819351636016763 0.49215461744893885 0.008938641117250845 0.010874280295617378
7 0.5790031274687584 0.5254855713587541 0.0013142728729785835 0.0043081726707169254
7 0.4131996163503918 0.4664730166437995 0.006874195717833764 0.031086449153715
7 0.39286891257346507 0.42489481343613 0.007574180491750737 0.0341789516065491
7 0.4042923467152473 0.4331663500997638 0.00664395492558717 0.030434444182138087
7 0.4129422490354556 0.5253308698755078 0.0009862926496181923 0.0044252478565969255
7 0.2636135524033816 0.40897189595520356 0.026933235793361154 0.08409164408428044
7 0.34551484148890266 0.40661750571061406 0.010049944215852202 0.04252181451728371
7 0.3186951769905033 0.3899720262713824 0.012254610156253565 0.0502017689511326
7 0.2680876488257198 0.560498625837227 0.0033685960611196664 0.011327678595070223
0 0.9021299832244452 0.5608393446016529 0.12469869258369581 0.056395640376464384
0 0.5031428128076978 0.6306598845263471 0.09052918764810858 0.15605494545177534
0 0.5753976893267441 0.5716517219271242 0.08039895865894142 0.07154207293746762
6 0.6654999521879144 0.5502534428453951 0.010149564690508095 0.06188818899777615
