7 0.3151604877594692 0.4859237014547044 0.004604180123699786 0.011108133778038431
7 0.31555142943954134 0.47543276626765285 0.0019397293509567648 0.010215396843700375
7 0.3161272167153144 0.4762191999836436 0.0018723656947537415 0.009870989767485905
7 0.3783519090097195 0.4834650343094643 0.005376701297705289 0.01321389142686552
7 0.32464605944401204 0.47227699026452913 0.002150156253039104 0.011599979077017819
7 0.34622781783553785 0.472623013410021 0.002116613138203549 0.01144830943973224
7 0.37634597314478074 0.5088189489079338 0.0005660411055102843 0.0018864628120834892
7 0.5307599581127539 0.44708892181947824 0.01829141504067011 0.04487729745393476
7 0.35563757265820783 0.40140714743108413 0.00791710586152522 0.04369868232032792
7 0.43031090577597253 0.40586375566421484 0.008297174114931416 0.04162469376998729
7 0.5248803888120138 0.5318396537402235 0.0020396545701830693 0.00638016955854992
7 0.08046950870903252 0.389033434193757 0.014257074411457155 0.049495727755709706
7 0.23076067134776074 0.48206614882623433 0.006622690382457858 0.01440873118081687
7 0.23824965852676572 0.47355407756861156 0.0024922188998520167 0.01103798305375342
7 0.23459025792961946 0.4725689535693951 0.0026082411518798254 0.01147040889252593
7 0.22984668310028614 0.4937537502208311 0.004791612282467439 0.00519442756293137
7 0.6893220434124341 0.4039248592965846 0.03410890144736156 0.0837180584602964
7 0.5509899429707323 0.3995690659112188 0.010141082739338003 0.044559729794878766
7 0.5881128617736743 0.38260791750262696 0.012330836787489252 0.05253902958863532
7 0.6802426372767674 0.5572817352306183 0.0036968553371031776 0.011548859639504694
0 0.37141066820307256 0.5131552944240853 0.027959888992920623 0.015302308040331392
4 0.3112559344840779 0.5137746332272157 0.006506901200058035 0.015414102158284648
0 0.3961154714788706 0.5124614994303782 0.018756804849573816 0.01327005514192614
3 0.7540467779545282 0.5246222084369329 0.08025724020538072 0.05297719607447743
3 0.18465347787346556 0.5564122486482983 0.06993235453953678 0.08771245014658346
6 0.09642476879102177 0.5294958948452706 0.007751261687135427 0.04387718913907823
6 0.3694916285532415 0.5115372816530022 0.002234680708938064 0.017987954827956676
6 0.3838647916697209 0.5107394947517322 0.0018898148897051326 0.015102592815895655
6 0.7026352144846937 0.5201319627430496 0.005215416857135335 0.030335676416334834
6 0.09924775874017708 0.5307818240376889 0.008141187119176996 0.04573589086835983
6 0.12104514111440477 0.5288469766456141 0.006782106991477632 0.04294468310302557
