7 0.47723171598670233 0.4819942759883514 0.0026609723857655143 0.015261551923366867
7 0.47702721319528907 0.46646336944521394 0.0028391994802229314 0.014534727134567216
7 0.4780819923899441 0.4680665570889915 0.0026944196191254766 0.013811748906757848
7 0.46463209441503805 0.4744620527743546 0.0040453947494722975 0.022113244160204826
7 0.562081523518098 0.4824540353302269 0.003131005158677702 0.015144165536670806
7 0.5271064301946763 0.4706674630397586 0.002533247414728601 0.01279012335800378
7 0.5613411737072553 0.49469737135836966 0.00443433378601954 0.005439605794196167
0 0.3040190431522938 0.5193209241774367 0.02932873222243787 0.01730593687933557
3 0.49111852102708564 0.5143659705485455 0.04221142684015278 0.033342785000938235
5 0.5338370595533393 0.526820235732208 0.00817980156862086 0.02665282752335385
5 0.3683250787279841 0.5181144824103399 0.013113536713251217 0.01832198850641853
6 0.5548201795387163 0.5290811536273163 0.005210923023926339 0.01767377036939921
6 0.8575449941709117 0.5868139644783394 0.020394752706692998 0.1082699170733753
6 0.2072970914605048 0.5175869419714046 0.004705277612245151 0.01171582521651815
6 0.3541512914305118 0.5164848535322425 0.003243859271109706 0.02133826560322949
6 0.4833493087328542 0.5274565326982186 0.005513785124373893 0.017878068418617388
6 0.5866037682520439 0.5172373193337183 0.002913068679915254 0.022243124604282682
6 0.3281210301951252 0.5181544640476723 0.0034372342311914106 0.024588144895912767
