7 0.49820928731663583 0.48971274384056157 0.0034810452261473945 0.009008888310106378
7 0.49940846053208443 0.4814193099732154 0.001424035797023937 0.008191164432856168
7 0.49947629936292315 0.48194377142402334 0.0013832999665615575 0.00795643628960957
7 0.5492772826395473 0.4877093016394084 0.004322124244286241 0.010796793098927504
7 0.5077158117075491 0.47924785334703335 0.0016041809716603739 0.009163948389981857
7 0.524093408920499 0.47924542804614445 0.001661224611876344 0.009165030002412144
7 0.6524401385961975 0.4684630174153795 0.012093106542040544 0.028066496153766662
7 0.5453434790048968 0.44635603944186586 0.0045028928161026105 0.024083459236588667
7 0.5878756475203968 0.44633968898953064 0.004887398725250569 0.024090946451718498
7 0.33951940815805004 0.47582555428840667 0.009320697533228617 0.02144029368556377
7 0.3114389915339083 0.45120264833805707 0.005287313859060394 0.021863459866560908
7 0.3251004421259157 0.4546960618577165 0.0048047278473918875 0.020267873397454172
7 0.3388465895546555 0.5170793801346891 0.0008208235218496451 0.0030921900411339243
7 0.3077104555013427 0.46868284447604835 0.01236646697540944 0.027868530453937057
7 0.4150505209385382 0.44753615044232853 0.0047790127197366306 0.02354223915063064
7 0.37351965373730256 0.4475517655309279 0.005140844822306756 0.0235350949467385
7 0.4410396935014754 0.4877345019756843 0.004355596967014763 0.010774378817984598
7 0.4441926609291078 0.48092209423618826 0.0016373030558505253 0.008413799099809605
7 0.44240592377013976 0.48033505497171586 0.0016939269999203255 0.008676732984253421
7 0.44033812767937447 0.49650997770692357 0.0031716967434126664 0.003892501455961095
7 0.7155978920971726 0.4548338675638096 0.01814408710574844 0.04039804037079403
7 0.6606126898241527 0.44168006433163154 0.006024816796867061 0.0262324340956836
7 0.6767900756267389 0.4357493756380548 0.0068129639457226165 0.028968111933571017
7 0.7123453402038412 0.5315204305387643 0.0016606648321022544 0.005727488245272694
0 0.4125698790724978 0.5113404343286918 0.015157775228813453 0.01070465435746637
0 0.23522847543782738 0.5394337157856062 0.08341949926168746 0.04120429794453029
0 0.5208453153934066 0.5155969402059121 0.011525501049304943 0.019707452169960504
0 0.7480635068609873 0.5312764085397108 0.06152588517338742 0.029534896529344934
3 0.6334113432531334 0.5928637574727671 0.13041514015809808 0.19839247031460655
0 0.5004423461386165 0.5975139527071638 0.07303924091063241 0.13517528747448793
5 0.4529412685382965 0.5200551758253875 0.007028915965508142 0.019633546682468195
5 0.500411479252141 0.6578350953276209 0.04804494294167394 0.17142109580489107
2 0.49018354271585385 0.524413613891515 0.04417838685663633 0.03789951026243854
0 0.32862994166625786 0.5768286233641446 0.051824904620675905 0.06566410231742603
0 0.5185043657302963 0.5148143175833413 0.009302098554082594 0.013268636214257779
6 0.42093912294066205 0.5126502263855118 0.0021564789213825986 0.0173113527366604
6 0.4295034322965694 0.5128612673224924 0.0017220778740634768 0.009432820889072047
