7 0.4783873166728623 0.4833814814604349 0.0024393289672929863 0.014081299629263633
7 0.4784068457307601 0.46933577202378446 0.002587347447376931 0.013277342605469422
7 0.47928767623237595 0.47068162992040913 0.002466547951464393 0.012671423660864822
7 0.4678060892981749 0.47717004877596214 0.0035587783152067343 0.019718891440998587
7 0.5567745526205647 0.4837981218880756 0.0028416816554838187 0.013978838432444629
7 0.5244525298849942 0.4729143757727784 0.0023311077201305652 0.011805061456624022
7 0.5560939699962211 0.49510723583223726 0.00408661531000909 0.005025391486714159
7 0.5547115698649427 0.5105326405734965 0.0005917772938807131 0.0019849124774072857
0 0.33811529148996433 0.5177650521196442 0.026177072419074188 0.01587321929621821
3 0.5091447604030884 0.5126819454708177 0.03901476717620311 0.029503657674003814
5 0.5294796787399683 0.5247964277564581 0.00819465742038994 0.025066453833547775
5 0.39210683436319305 0.5166554712215026 0.011811306684376632 0.016827383549130492
3 0.7918818372460299 0.6109670928233695 0.14139034179723597 0.24214721918393134
6 0.5344817955871348 0.5259834780421627 0.004853686927210554 0.015786136364392078
6 0.2185277599525346 0.5162899130355372 0.004226162817673185 0.010838170035766481
6 0.4919544271752094 0.5245212588094113 0.0043913118111778005 0.015798396882051313
6 0.5771298101049029 0.5153799193098789 0.0025642547677721117 0.019897282330987975
6 0.3454481726035809 0.5163524548067391 0.002981079547690113 0.02181681178192918
