7 0.43135925716846496 0.4711818954767788 0.002619763789594387 0.012404788766505803
7 0.4341568208199727 0.472361701877113 0.002497190302165553 0.011874300491948653
7 0.43692201041706635 0.49491281719154273 0.0039008311004208873 0.004786295527837714
7 0.5515119612551072 0.48441450143935005 0.002563619863320432 0.012833294564811693
7 0.5024725831573543 0.4744140081052296 0.0020609617901838906 0.01083651596050983
7 0.5218162116355376 0.4744193056276094 0.002132765394192826 0.010834300383734452
0 0.5464982859656091 0.5369193617663635 0.0299986077926776 0.04170530771074077
0 0.5501809926459468 0.5189622545642627 0.025322288701998152 0.017922201955647865
1 0.48183525571286223 0.5025319785118171 0.023819830196905145 0.04411912181476252
0 0.5019429491302886 0.5382757403537786 0.025167460091114424 0.0411657017053223
0 0.4565609285825379 0.5166156965096808 0.014826957216698466 0.021960389578030926
0 0.50144896400353 0.5203470599497831 0.018016274075640715 0.03168080390018546
0 0.5013121046517366 0.5536473879709778 0.03945604327231467 0.0722454629585555
0 0.501233039265828 0.5189690332655177 0.013134495278073532 0.018378280430249028
3 0.5017327958858362 0.5211120556392649 0.020638133174497864 0.04724813360265645
5 0.5880866638818907 0.5745427916876179 0.029117954660139556 0.07675420112035503
