7 0.5832082834948142 0.4657257518839955 0.006788639719938039 0.03090895673696248
7 0.5816826966345888 0.49045604620845945 0.009013689924994628 0.010969850308418239
7 0.5787243265518358 0.5240682877156861 0.0013255278230356327 0.0043440911308533225
7 0.411445812185955 0.46451652742608307 0.0069559088075180076 0.031397231839913775
7 0.3906059733682653 0.42216769721387737 0.007679913413392192 0.03461924302035568
7 0.40229970288310696 0.4307055928532367 0.006725546097788415 0.030783162715529944
7 0.2568070085966632 0.4041726064530872 0.02794441804499803 0.08639329301442233
7 0.34219993899343515 0.4032143319973266 0.010233269709453041 0.04320859308465874
7 0.31447517803544345 0.3858618583408726 0.012524466779250343 0.051161152399833265
1 0.5063029713526542 0.5161281771890907 0.16914099888695877 0.28320531416926087
0 0.3847829131655575 0.5886188043836524 0.08847580446197456 0.1283421253389957
6 0.7830097049295711 0.5590429411496731 0.014915262964673603 0.08405853616001058
6 0.2353650154696935 0.5923905411814963 0.023037225788832327 0.13254070414548091
