7 0.6715925412182687 0.4454254868397562 0.018631674267648668 0.04281594160444724
7 0.5088061491041093 0.4115226597658964 0.006362772474681977 0.037108847572534354
7 0.5735572859965978 0.41149289933931416 0.007264545224579311 0.037122536211690815
7 0.17328998832517775 0.4225854824347868 0.00937695452905507 0.03210872741028714
7 0.2064622291703156 0.4299942252445639 0.008071045063219123 0.028782293237189005
7 0.15031741450563285 0.4459121392000999 0.020860865503590786 0.04239378606186939
7 0.31378890340546955 0.4142951293749122 0.008560108784794851 0.03585183737961256
7 0.2512776845316239 0.414322898990141 0.00939221806111018 0.03583908281340653
7 0.8115160692502374 0.4026112557747479 0.03795168049185482 0.08010947737218549
7 0.6876412865850243 0.399790741305652 0.010075827588409525 0.0424526152892013
7 0.7198619800358939 0.3831557397354871 0.01241600976442181 0.05010259030006986
0 0.8038568930653176 0.5345873177557778 0.07525801310898117 0.05215970577415552
0 0.09585385772944237 0.7517091634885376 0.19170771545888474 0.3165911771024914
