7 0.39587937825139574 0.477224798200741 0.005372584978330486 0.021295728426555582
7 0.37510091226334547 0.45308706368069607 0.005030790442467681 0.021378722995317623
7 0.3855214305968162 0.45651074608752645 0.004609622975300431 0.019852151859843015
7 0.3968362312372309 0.4943037837593306 0.006389079960323285 0.007669703307283393
7 0.5812126359941312 0.4775624803010165 0.004172978755456858 0.020633267308822867
7 0.5028509400455317 0.4618502369710472 0.003359246501333235 0.017295091652859418
7 0.5336250189438569 0.4617341575239914 0.0033184169790962947 0.017345570926084186
0 0.5881198983564717 0.5196345658199453 0.02815062583662964 0.017724222140338308
0 0.4502646230311372 0.5737478414001027 0.05600189749370876 0.0744290364552167
3 0.5423814454684028 0.6044671666928663 0.10076508552898972 0.2312045487799662
0 0.7192427634488316 0.5294059969309708 0.057214978301489805 0.03607638469191565
