7 0.42469820008202475 0.48467597338571194 0.005232076897416671 0.01306656216364055
7 0.37294245820397953 0.47383359691261107 0.0020483403395652466 0.011370584828713892
7 0.39363150588459556 0.47408084165788816 0.002038824310818921 0.011262805059506942
7 0.5825266802754225 0.44678850555248206 0.019129309243967718 0.046285551476718756
7 0.40563389111290193 0.40234782297904403 0.007837213542071009 0.04385109129577963
7 0.4798942571819389 0.4056960102279832 0.008438176444073409 0.0422926787549161
7 0.045319533553760255 0.45574584433552745 0.021063050792171654 0.038283298298095014
7 0.14660550553770124 0.39465553748806514 0.012876727462303145 0.04744132903705106
7 0.050139497471626576 0.3904624287176384 0.015435354218779979 0.04941033086919133
7 0.7635893612880467 0.3976533772508878 0.03870803292263514 0.09078781454787654
7 0.6050762481227872 0.39696350470194136 0.010819839565937683 0.046386165605500906
7 0.6464756076986563 0.3779952160731817 0.01343444943257932 0.05535933827141104
3 0.39254961262809673 0.5346632852938444 0.034697788217426195 0.07831562806839903
0 0.6973624796750062 0.5398124381578536 0.07794172652396913 0.05248021900476063
2 0.31864098759823595 0.5232885934578879 0.029867988672300116 0.03728960821217131
0 0.3612187948238982 0.5202503928561433 0.0107580743400435 0.01678272047807483
5 0.3557522943510051 0.5236294842880305 0.007557129053217704 0.024942942361413922
0 0.36267442831107777 0.518769789133174 0.013729995224135205 0.01614955901177917
0 0.6743553700948054 0.540014171226924 0.06955635508399927 0.03967556436546338
6 0.25407848673152195 0.5153304873944784 0.0031458137683281207 0.021907777499287406
