7 0.49918570517842287 0.48512246483471755 0.0013186506688044886 0.007581241402356054
7 0.49924672214233246 0.48558328026088937 0.0012836525913785257 0.007379738233355193
7 0.5449792390402348 0.49100613937168697 0.003956341289386156 0.00991059444736564
7 0.5068189882993164 0.4832360626836214 0.001470689117177293 0.008407164739607342
7 0.5218519058863617 0.48323593637002954 0.0015188870186653158 0.008407919426796084
7 0.6236691744218065 0.4761094148391436 0.009627235848033378 0.022772185408448886
7 0.536578076733035 0.45818573653315275 0.0035940477284414074 0.01947654080743888
7 0.5710905564541848 0.45818025564817244 0.003848963992138632 0.019480602930223967
7 0.3633109803331993 0.48135356292152476 0.0077959879757346084 0.01821196693310423
7 0.35349598481561895 0.46394389792759705 0.0038456093902037858 0.01690660807235711
7 0.3432406619888482 0.4762213568899841 0.009824697455665221 0.022649453432812494
7 0.4305363854170613 0.4589668506078457 0.0037877015282564153 0.019123505466793533
7 0.3966749798611003 0.4589720639691297 0.004030435812751643 0.01911959482901071
7 0.44558714025013224 0.49101613324192794 0.003987219730159419 0.009892904772595357
7 0.44815933667300345 0.4846808108106605 0.001502214330159124 0.00777205750409099
7 0.44492626104079036 0.4990751198843853 0.002907191779629781 0.0035763165298136057
7 0.6618724843629625 0.4674770095168726 0.013134760169748683 0.030269430979680267
7 0.6280127935238697 0.4551030132742765 0.004564377032965861 0.02085632071424609
7 0.638094186564123 0.45131782078524707 0.005013781115889904 0.02254974662079684
0 0.6890191096710216 0.5260506423922657 0.045774315847083025 0.02301760491414717
0 0.51458185805544 0.5297603004540498 0.04624098981996316 0.02981792562237673
0 0.499900412895222 0.5586565602457466 0.03860195911130032 0.05562709126049925
0 0.6619257006287866 0.5278873064052418 0.046412532923127525 0.023406669282939996
0 0.4897544101025513 0.5138542643683293 0.017323280245368 0.010453638725746672
0 0.4937228406326676 0.5265281734513307 0.02362597034011843 0.020684895471668185
3 0.47951993067487664 0.5172510688212952 0.013051832775727912 0.02186029015195401
0 0.5683767305002233 0.5589013048685595 0.04972350502626455 0.0658140624613035
3 0.45939364819551054 0.5152301264036026 0.016446074413801748 0.025870139303165396
5 0.3889579486080994 0.5488153844333903 0.020399218618526505 0.04994167453525622
0 0.48126118539516033 0.5179475756166676 0.011556193528230452 0.01649097307168368
5 0.5960513644479889 0.574981960183069 0.039039239398816594 0.0801306710157762
6 0.4333552847793304 0.512291130061474 0.0016381606875164323 0.01240063807039471
6 0.43244555389876516 0.5123459281401286 0.0017741402824939523 0.013831255408868981
6 0.451631497270901 0.5121667317414498 0.0018512016338563253 0.013576648102117672
