7 0.5471840294802743 0.4859106699069949 0.004199084976234335 0.010499942277871654
7 0.6413114631811742 0.4676066899856116 0.011183333292808184 0.026142187746573398
7 0.5415297139020254 0.4469977889537069 0.004170654530640028 0.022416001658398466
7 0.5811357123199667 0.4469934190238407 0.004504863042269047 0.022419730367683854
7 0.34721937874954606 0.4743782796948739 0.008786647734967623 0.02031522839012989
7 0.3224404350866148 0.4513018037106041 0.004877434399063241 0.020494043172765375
7 0.3345160612242426 0.4544817228024258 0.004461226573465649 0.019085593709644244
7 0.3198905058703627 0.467744272752333 0.011445545288829628 0.025995928087263087
7 0.42001731474040505 0.44802286037989136 0.0044167274237166265 0.021954603549405816
7 0.3812438162533778 0.4480269631851219 0.004734615267383002 0.021951033133824016
7 0.44191089894569857 0.48592083867420477 0.004233180019676819 0.01048210874108918
7 0.44316490440796086 0.4787254868685863 0.0016460994619699187 0.008452113528904015
7 0.44122376617685877 0.4944587624379351 0.003083770733378899 0.003787873908758954
7 0.6479669019965629 0.44287326669002647 0.005474820393632118 0.024258582854404465
0 0.49811460354794856 0.6829811158618257 0.12876629127304223 0.20868562621019981
2 0.49973444097128294 0.581432820428869 0.08629863445495095 0.14051228297604867
0 0.5005588649348784 0.5111669980875504 0.010390158128602 0.012997939212969878
0 0.5003456992721815 0.5113838701052111 0.009754078430512014 0.017271319849300748
0 0.49980788511645763 0.5145194050507579 0.010597396260458303 0.015682730286209035
0 0.599430423827735 0.5816738781167131 0.08503906575610409 0.09290505450928976
3 0.4732280519788058 0.5145420897531395 0.019921537847685133 0.03377043373894645
0 0.5172606015984196 0.5122169716142084 0.010712511049937645 0.013036058989673194
0 0.3506757749042756 0.5262035815549977 0.05345336622988206 0.027423175882531847
6 0.42869305573839156 0.5102798771938565 0.00238474821103013 0.01720038446610883
6 0.4294232970286387 0.508406684929052 0.0017333818619061914 0.013057970531930474
