7 0.6330066473776235 0.48540768762968134 0.0011584005904885508 0.006386616114965882
7 0.6331464817537662 0.48572495427626816 0.001133218678866954 0.00624817877294831
7 0.6726057858342245 0.49034610705154524 0.0034824407153184467 0.008365071010679681
7 0.6392010548868245 0.48408525700819643 0.0012515313467948985 0.006964101404483114
7 0.6522127513081208 0.4839773034149556 0.001299288282022082 0.007011360081768947
7 0.7171043789384028 0.48194706704187773 0.006820212971392348 0.015596564105164912
7 0.654659943198747 0.4706988903286994 0.002380500951040254 0.012846531981426657
7 0.678841380728212 0.4703333918698637 0.00255278115074975 0.013008257253344091
7 0.5289988657508475 0.4836881900415526 0.005762672435619343 0.014090876330930036
7 0.5836854222211604 0.47208260522906076 0.002367985452315313 0.01223486665350676
7 0.5620070821924907 0.4724066501882164 0.0024111088910078182 0.012091692935069287
7 0.5879165883852748 0.49077602007540855 0.003234430904022978 0.007995152193659927
7 0.5896488475902187 0.48544345995609384 0.001230254308447254 0.006370702524223282
7 0.5873613050014906 0.4972823371190701 0.0023628974689797744 0.0028901449613036867
7 0.7211867279665398 0.46688216634642854 0.0031270697653714707 0.014536522897756143
3 0.6278236944976874 0.513912917201518 0.019584115464908458 0.020587312832420213
0 0.6827521791963325 0.5088371690452389 0.012249476142029536 0.008442234760128842
0 0.6250846751026198 0.5276962949727555 0.017916758442910186 0.02564036551266846
0 0.6320485423863209 0.5089095469622698 0.01383639292449701 0.008115197937992646
0 0.5789108809458878 0.5364004999291884 0.03078285261566993 0.033873778747932626
6 0.5755479732505446 0.5086111400986008 0.0014505543342292482 0.012040418271267006
