7 0.3726219941723192 0.4755566906209494 0.005569165993990488 0.02171446530917437
7 0.350622744111618 0.4507484116850351 0.005225795607588235 0.02187149808704647
7 0.36163743040685115 0.45433851619167104 0.00477420387839389 0.020274771257280833
7 0.3735903613300112 0.49296941660228744 0.006579298012611756 0.007815995401174225
7 0.5605583771620511 0.4762781921239687 0.0041528340538690145 0.020721457423472756
7 0.4818036154778953 0.4602462926583078 0.0034059165168632832 0.017472127318215902
7 0.5128452890261462 0.46022665330734086 0.0033303923708816185 0.017480702088363165
7 0.5575140592269445 0.5156636123524538 0.0008691846810028325 0.002926494462086704
0 0.18258444873008842 0.7924911530934391 0.36516889746017683 0.4150176938131219
0 0.5183829282356999 0.7070770204971213 0.17004488886055108 0.2709885344447226
0 0.3608679884003499 0.6357348535299805 0.14068865378914974 0.15516435873900425
0 0.42721318569500966 0.5649238673925234 0.06080739454139933 0.09113850293730308
4 0.7656311438684025 0.5284688208787485 0.019230662794874953 0.028477131069511663
0 0.42410176985465825 0.5246054598860463 0.0230857015447411 0.02363018620566215
3 0.5126350283973856 0.5830493241859257 0.09154663157138287 0.16847537011428532
