7 0.4000733576960891 0.45980262975342145 0.008166805228592644 0.0355967708256415
7 0.3713480974491354 0.4083789749158918 0.009309221880471452 0.04094707093068228
7 0.38728453597459356 0.41992325216178683 0.007951708942625924 0.03568794431188255
7 0.3996682915086842 0.5269930868383745 0.0011606525046469751 0.005061754821200304
7 0.15079761963186128 0.3622526324672357 0.04955452609228711 0.12764584370298604
7 0.30608474531068364 0.3810935581150148 0.01323200460857582 0.05352758912762556
7 0.26229707806216285 0.3538834923278533 0.017203793329992667 0.06628313323115614
7 0.16161988488373338 0.5850131134532495 0.005835823835156795 0.016696534584610845
7 0.5940217059362252 0.46123502073316314 0.007936517999806658 0.0349747563681479
7 0.5144596797399971 0.43416516074725775 0.005654149921582974 0.029589436267638214
7 0.5922798413713752 0.4891578685454072 0.01022135757042486 0.012377308958004318
7 0.5889656660315241 0.5270776474493661 0.0015126289936907567 0.004906594296980038
0 0.8939438605021506 0.5547698426507679 0.11962480281773114 0.052983177298761897
0 0.8798299209910576 0.5562214306336853 0.12626352570799837 0.07341375534491923
0 0.8416531797625988 0.5474676212848449 0.1064138731759583 0.047857354822234965
6 0.3940483735094482 0.5311688378103645 0.0060115076164594106 0.04353448899403589
6 0.7394041035452303 0.5317947224610172 0.0077532601693866 0.04445087223295774
6 0.5648059959219683 0.6588845628098179 0.028089147175881513 0.21079347900485568
6 0.5752589462158317 0.638556165912767 0.02307164605339551 0.18005388138850698
6 0.019186449738617696 0.6446459896229484 0.03837289947723539 0.20609174500770355
