7 0.6637184738308488 0.4660007526519606 0.013750718325046929 0.03163726478191292
7 0.5433800441208042 0.44084953828499307 0.005145845683653727 0.02730869744351533
7 0.5913454497411348 0.44091222659721524 0.00562307989307731 0.027277502423452504
7 0.6591816476669659 0.5265448147220072 0.0015094900086678464 0.004520289549497791
7 0.27967736348895966 0.4465711622456212 0.0062121200861163794 0.024686442279247267
7 0.27321928296774234 0.4659013431233922 0.014434098654958039 0.03176384905456353
7 0.3958622616243266 0.4421058523540329 0.005544863633514141 0.026736270139913476
7 0.3486137583949372 0.44204567902683506 0.006028046945932286 0.026766247146975286
7 0.7486690188479426 0.4477283719508376 0.022102398321300787 0.048236007709836104
7 0.6751184729058866 0.43504625166192845 0.007093054248760389 0.02998545030290861
7 0.6964237982987794 0.42723393098563556 0.008191120361860538 0.033613224658781304
7 0.7442699169892601 0.5389820164506949 0.002114647699749783 0.006828434868929922
5 0.590560052388521 0.588574199663162 0.033461641538277465 0.08443941430558533
0 0.4920047399922421 0.6194487566849889 0.07487120227062849 0.1281965886116807
