7 0.5471117768082885 0.48618146714206134 0.0023848927349328086 0.012073192701792801
7 0.5191570309211523 0.4767735979805442 0.0020026865116011816 0.010192825238087122
7 0.546528430739182 0.49595565087359395 0.0035182493467752485 0.004345846600087355
7 0.5453279451848114 0.5092923582530717 0.0005069489656773785 0.001714939313283037
7 0.4793437319813868 0.48582093140555827 0.002080795474940611 0.012156221127748001
7 0.4796624153566492 0.47403071748529835 0.0021874707032199514 0.01127583116084624
7 0.4802909337037333 0.4750365731618431 0.0021004698411378198 0.010835798913514938
7 0.471614785354168 0.4812218245439038 0.0028482950385231853 0.016140036676757008
0 0.46557846950162113 0.5146509336447898 0.025519158886299187 0.01741180216261129
5 0.5279257019164767 0.5252742470862888 0.008008800058303733 0.024361211236515468
5 0.5151262770060835 0.5161320414944104 0.010421028482390016 0.016129811258704274
0 0.49748664418825084 0.5252265484631979 0.016288313512454466 0.024399413712519524
0 0.4974678393953498 0.5227538193804975 0.014667725948886157 0.021900754297977776
0 0.602979396274444 0.5847197875263216 0.06233914570223398 0.09017329742616997
6 0.5686352527450229 0.5109663052301088 0.0018291165472709148 0.015608783238430401
6 0.6078209102495937 0.5248006264053249 0.0049523290470819825 0.03538759094643551
6 0.4350368674435383 0.5109472412911363 0.001955620242000744 0.015580752556883626
6 0.6547649614399538 0.543447264159529 0.006731318893348215 0.03292666129193522
6 0.5582933658793983 0.5155028719728498 0.0029917945290053316 0.022089352333100498
