7 0.4976197110789603 0.48843755092988406 0.0037560774702645183 0.009723237389324735
7 0.4989070199845225 0.47933194564353143 0.0015457027366380105 0.008896374937287621
7 0.4989831607646452 0.47996487399117704 0.0014978255687295161 0.008620173120848229
7 0.5535444395607771 0.4859611427425811 0.004753732650511711 0.011838103304827818
7 0.5080027479100554 0.47667873691253426 0.0017611868104709938 0.010055553155102426
7 0.5259558256209356 0.4766764488423031 0.0018296210399099122 0.010056553763762521
7 0.6963934417559445 0.4574503974411818 0.01613209136738558 0.03638337148009785
7 0.5581833538334717 0.42870394534081413 0.0059853363514550395 0.03139400238915463
7 0.6132639222791403 0.4286823205811495 0.006629164024996692 0.03140378208685396
7 0.6911599098442023 0.5269359846489483 0.001782787286908838 0.0051891726966194485
7 0.3053397207735161 0.4694702846898995 0.011555538448672964 0.025991248543145995
7 0.26151580720651824 0.4368089282270923 0.007182257196367392 0.027738785004764732
7 0.2828394334780767 0.44241998833649177 0.006344239456822387 0.02522023646471311
7 0.30426531015942004 0.5194071096823237 0.0010652533717671608 0.0037507926984088336
7 0.25137212789647173 0.4578022639896967 0.016592284963741433 0.03607824247835062
7 0.3901266335155068 0.4307055023864044 0.006427445318797853 0.03048942879995231
7 0.3366749336400203 0.43072589321290805 0.0070276662225929876 0.030480219947773723
7 0.43493371171674045 0.48598995750456114 0.004794726947557837 0.011813491259674902
7 0.43883823532483535 0.4787268997762575 0.0017982863456970644 0.009160526071801511
7 0.43672204681465215 0.47801135673699824 0.0018666784844095785 0.009473065532244418
7 0.43418544474764664 0.4956104480501403 0.0034853632601605233 0.004265902888632878
7 0.8182316131438261 0.4301730446550296 0.02877894728508945 0.060203431635424076
7 0.7128970003189624 0.4204506481179075 0.008690052192568354 0.03513705716950544
7 0.7425241766893208 0.4093106425050529 0.010346161095103446 0.040222788558502864
7 0.8116036002925502 0.5434542113725096 0.002902819696864789 0.008476405300936185
0 0.11081763838098746 0.536181594249459 0.0816930430473774 0.04037506025054949
0 0.44000524689990994 0.5230943974118208 0.022473139876606485 0.02845863536374771
0 0.8105106171513292 0.7721498040218856 0.3279068054960783 0.36080338652828225
5 0.520058823182556 0.5154507638967288 0.005013236499915696 0.015010470823844324
0 0.7653547308924923 0.5338296997398112 0.07333987441889844 0.0366323347602997
5 0.8371933430973237 0.5343535985525134 0.03075047986675472 0.03290606223017112
0 0.49950083705380177 0.7950590576650932 0.24616640284953945 0.40988188466981357
0 0.5190859764568108 0.5146826925636265 0.01030262812757643 0.015139796140635986
0 0.030390552928973934 0.5347095019187356 0.06078110585794787 0.04227520738482615
5 0.5216200398774905 0.5171483394974563 0.005140321152355076 0.016521913344702543
6 0.47002651015130914 0.5141699049418273 0.0019124379374329536 0.011258488810168
6 0.41579128319971087 0.5155077829600088 0.002882046632799562 0.010284810078842743
6 0.15224347387675735 0.5222612327788195 0.006148567329466642 0.031981733309421
