7 0.6863458145297088 0.4891033401666627 0.0018603798966064788 0.009615039249242952
7 0.6858607296855993 0.4968956488225351 0.0029567992146561917 0.0034694216148750123
7 0.6305303388365078 0.48919360460486105 0.0016892090753443112 0.009357509585780133
7 0.6304294612636576 0.4806048426808114 0.0017120571536145546 0.00847220002996546
7 0.631067546583699 0.4811541997061578 0.0016627714414423345 0.00823202651679139
0 0.5557738349564767 0.5106002849041491 0.0190199492329729 0.012465614800836966
5 0.7089340415122343 0.522710163203587 0.01842271775380544 0.021690840326826555
0 0.6402863066049168 0.5162059743954225 0.011166986332126427 0.015502226567581268
0 0.7095570825355026 0.5130438472202145 0.020618148365559308 0.010759856057054096
0 0.5517019161383458 0.5251745136889516 0.02629665935506731 0.03318312730588413
0 0.64118413271402 0.5151971106481685 0.010445840803566142 0.014496902536813683
0 0.6816372882191803 0.5709451794282996 0.04906983053357483 0.07399514433011889
5 0.03705591130850554 0.6341395912525758 0.07411182261701107 0.1448235327127958
6 0.40368633771798845 0.5217359392229308 0.004788908756674093 0.03082897106543825
6 0.5006018977187324 0.5097614572890006 0.0015677018875242532 0.007906250112554414
6 0.6991392557329665 0.5130613727770178 0.0027440698884829695 0.018432838709158572
6 0.18720741006690372 0.5416604673735201 0.011097761429931435 0.05943189300719853
