7 0.5935000159334789 0.4737920493249646 0.005244417346649821 0.022914607163914913
7 0.5410496988498048 0.4560001765574737 0.0039053205089180087 0.01936160921211899
7 0.592354303790267 0.4922183020106363 0.006766936160288117 0.008180890859173173
7 0.5901634569852172 0.5173028743959107 0.0010018691362786436 0.003235078369990152
7 0.46589748437596423 0.47299455742643903 0.004213332150073967 0.023182326958110566
7 0.4631251121718451 0.4458276597477555 0.00470104498936641 0.02365855640619735
7 0.4658646850533223 0.4500017303989101 0.00431770290504252 0.021801346548853295
7 0.4315664300242059 0.44982990560549063 0.00893904146299801 0.04377793387625023
7 0.4432586162807527 0.43749748390481646 0.005610976870619844 0.02737985941682647
7 0.43734405535631393 0.43082740329564384 0.006271675215602346 0.030373800486797997
7 0.4317835882089443 0.5312222230775356 0.0012772558787078614 0.006056947128574963
5 0.6019267166994315 0.5856788388816125 0.03500672256510606 0.08823505953249511
0 0.5000637977977604 0.673280974662471 0.12077542358790266 0.20776654172989684
0 0.5000363235733492 0.5984330983771707 0.06638684718209864 0.107715465453873
6 0.1457094485311001 0.5204823862482492 0.005646218705514905 0.029435073594940242
6 0.49747289618130175 0.5200728985553107 0.003496256566330791 0.028851295118172082
6 0.8954180757484969 0.5908284322862132 0.026206776001031273 0.1309444443431843
6 0.7226054617599689 0.5501350473343878 0.012168580421712871 0.07204794686062332
6 0.20693124434335913 0.5207337676262822 0.005442129582076932 0.02979833613621663
