7 0.44666958267985113 0.4626730083070236 0.006607699964805647 0.033914859714051004
7 0.4532860111727357 0.4500242401533177 0.004558906523366157 0.022523986961202613
7 0.4493448277473533 0.44562394992861953 0.004987014481957985 0.024511955874732594
3 0.6573117828465973 0.6249166923878566 0.13154111296429116 0.19216701482846965
3 0.5761080252426387 0.5587336756103362 0.051490418520544146 0.08508744113034772
0 0.5000539350900537 0.567166851615721 0.05189154065370677 0.07748337363756308
0 0.8316915446695554 0.789579171964328 0.33661691066088917 0.387619846973269
0 0.6062174572922263 0.5892513211771477 0.09245037992389349 0.10800452889873069
6 0.3808005129438907 0.5389254952998698 0.0059707663517486464 0.047831459769148266
6 0.6284570699627372 0.5292257321176973 0.005422957496497571 0.035736236395571996
6 0.539033059635535 0.5369469682315091 0.006130269394169385 0.04710950550705628
6 0.16578623432382628 0.5370895921110698 0.008786404232937445 0.050424414488084546
