7 0.6548884768768506 0.46635738788514997 0.012359947509604896 0.028646305139452655
7 0.5456650116758357 0.4437732091700247 0.004603215018807449 0.02459865277386758
7 0.5890590300801424 0.4437616369658251 0.00500275408258366 0.024603860034703495
7 0.6507265842372882 0.5212015426487462 0.0013492238645954613 0.004088372622072511
7 0.3031132214812937 0.466567337703145 0.012664804715875444 0.028464189009640095
7 0.412716727210545 0.4450148732635486 0.004892824177661292 0.02404204794494491
7 0.37032924639383025 0.4450259180586247 0.005270721641747078 0.02403708192399423
7 0.7212354440298453 0.45144628306153856 0.01874541229191573 0.04161024253005474
7 0.6635417343562293 0.43878966671392816 0.0061916324722187666 0.026837282087369407
7 0.6804804934238928 0.43242539137443886 0.007024633023062998 0.029707327942194994
7 0.7178096019115581 0.5303709227657618 0.0017274878534224714 0.00588790944252271
1 0.45691517352597255 0.5065552983004304 0.05642256126674061 0.10052799553479325
0 0.499892207667603 0.6496700188692958 0.11812419197979579 0.19942930416833815
0 0.384543835692399 0.5437274908851262 0.04548238535413851 0.05953103903978241
0 0.6220573748925171 0.60082346762156 0.1058789289447416 0.12772999138451657
