7 0.6560415782056206 0.46909122561978933 0.01245751937698003 0.028816899869224588
7 0.5461553987078294 0.4463833676933242 0.004636511108818131 0.02474105343505001
7 0.5898080794711591 0.44636786425969327 0.005044203293784744 0.024747285259824503
7 0.6518853153597235 0.5242694754542483 0.0013609644597716297 0.004114393373009229
7 0.4124463488350588 0.4476489308240508 0.004930161505583175 0.024175203256880884
7 0.7233877294429358 0.4539988226979257 0.01896467860852813 0.04197063465805145
7 0.6648282377852768 0.4413360528944212 0.006256240553526804 0.027009609664310874
7 0.682001305629213 0.43489428639309424 0.007106144119795488 0.02991859092573318
7 0.7199706247441577 0.5336147189919745 0.001753174966785287 0.00594217409168607
0 0.5001188153907756 0.6122808148614407 0.08455968985489337 0.13883854426314512
0 0.3798007385662665 0.5486700612290508 0.04804531947498325 0.06263958669211389
0 0.5795617316254432 0.5641142818377141 0.047504646482383395 0.07318092340978033
