7 0.33447823865429566 0.4601556863069188 0.009723353319065264 0.03478238090787267
7 0.28303524858910567 0.4105924833854341 0.010222235032006532 0.03968146077548368
7 0.3094516389815669 0.4214937714532254 0.0086668097478238 0.03472252473462384
7 0.3356964919704013 0.4877733793355494 0.010662224563805667 0.012451490606123494
7 0.3334099926105628 0.5258415312413168 0.0013178018554330095 0.004946178644603227
7 0.6264130586744416 0.46247854527511256 0.00806055422824814 0.032158260056723786
7 0.5056147999467309 0.43760170609004617 0.0051068360853904204 0.027173610522921443
7 0.5535116909973078 0.43760259102033516 0.005550517997482851 0.027173592231444
7 0.621783836038601 0.523078491322738 0.0014429359929237773 0.004511192784674267
0 0.9683475275948159 0.5567660001827957 0.06330494481036819 0.053326337336857654
0 0.38880260752746915 0.5860078452445676 0.08444762925804883 0.12222291966691134
