7 0.33373393876092183 0.4601909713659944 0.009603453928447248 0.03451691667599005
7 0.28362365841304693 0.41123963111533024 0.010091026948088111 0.039273895090805644
7 0.3093670310886851 0.4219328093176028 0.00857101670326088 0.03441010927162075
7 0.33497274371017216 0.48760188179435304 0.010588516615522459 0.01235751798015755
7 0.3327016362072249 0.5253809386376762 0.0013034405871029109 0.004908284860069112
7 0.6230553382304169 0.46259590449363786 0.007963430611421907 0.03182148322816836
7 0.5035135294451655 0.4378904377543388 0.005069403047160526 0.026930665573417667
7 0.5509536014770966 0.4379260087980504 0.005499317330442732 0.026914868357254207
7 0.6184787339599294 0.5225729509273864 0.0014260721045301628 0.004464904464165587
0 0.2601619654994472 0.594199604966037 0.12466920275562196 0.13510199365581066
0 0.5780633892277011 0.5390696527006958 0.04979699921825809 0.041080829748350256
6 0.26708456547494575 0.5388689317197211 0.009334516925939285 0.05572371614257843
