7 0.6382156682236395 0.44042484443642216 0.01469884214186512 0.05367770464702831
7 0.5189760233451934 0.39769639314133076 0.009180791227146656 0.04622126554677869
7 0.6354184626284474 0.4827816166221984 0.015749019073513892 0.018761038237883
7 0.6307578699751233 0.5401250978827172 0.002434823351340931 0.00746569840084732
7 0.33957618145014323 0.43553591751422843 0.014359925083777203 0.057162840719651165
7 0.25953842449589276 0.31641425858853933 0.021180489866613916 0.08425323453049799
7 0.30619653921964773 0.35709036402837313 0.015438669860504795 0.06470956507268821
7 0.33849245694148167 0.5419302664596644 0.0020075811867230065 0.00810017105678329
7 0.014714699434498938 0.16062477222592186 0.029429398868997876 0.1636503748745989
0 0.9379425065655143 0.7294020902205391 0.12411498686897138 0.2894160496976931
6 0.9341959597235125 0.6091649432794819 0.029717286211672467 0.1434246897032675
6 0.7832165695352497 0.5469929183884785 0.012094761436446833 0.06697636598396361
