7 0.3726695681992377 0.4694431517340646 0.006576721692158116 0.02623679832412701
7 0.34684284960892015 0.4370940327977699 0.006541879384219351 0.027542500570042316
7 0.36012223736483007 0.4426357115809993 0.005848516228196654 0.025057734268821075
7 0.37390587755284704 0.4904101794366029 0.00792449737502865 0.009425068284625138
7 0.5958308698830955 0.47075797287060606 0.00570191611647175 0.024648046790549716
7 0.5026599441316376 0.45159466349141225 0.003936155161185617 0.020841052249047864
7 0.5395516600418022 0.45161667454377846 0.0041961565259339695 0.020831388845190646
7 0.5922519163003185 0.5174669975155868 0.0010795382307964285 0.0034729922215520626
5 0.666606834177679 0.6423312448280653 0.06901607238699325 0.15368923840751658
0 0.4998843989532338 0.6470227667318633 0.11919521252120685 0.1766735232096328
0 0.5016532470197259 0.5276154035492304 0.022186431678232976 0.02704174901096068
0 0.585050427461381 0.5341655118776998 0.06232034520683949 0.03951981564636664
3 0.5405533047822346 0.5146731080578199 0.03471963688681878 0.030771235837627753
0 0.5205255926241039 0.5214116957013558 0.025383144711546457 0.023553129617710056
0 0.562444646388853 0.5299589223357387 0.03842569288900921 0.03138234113071903
