7 0.49131315432081046 0.4538046221528056 0.016334720261844293 0.04010967621156092
7 0.3331639536270147 0.41215114198579506 0.007480237465037176 0.03933922252381988
7 0.4010177976751549 0.41655396586321813 0.007630074277810317 0.03729488153882171
7 0.4860648971919473 0.5296351307954297 0.0018228506971073033 0.0057062797511096
7 0.0755110692723196 0.3987619871124874 0.012734438097162792 0.04560308240675548
7 0.6180813127491868 0.4236277616380465 0.026879839912482106 0.06724053703583954
7 0.5088008953969874 0.412996447549544 0.008822402785267802 0.03894587869973315
7 0.5398183222677084 0.40064196552711884 0.010357248487078086 0.04471864169664047
7 0.6114428438773947 0.5477403051018223 0.0028369415421165556 0.009327211660991042
3 0.5657615268445727 0.5248541392018128 0.07257051675735426 0.05628534067258789
0 0.30177996323157197 0.5184419208104304 0.01228938365284149 0.016773461117804755
0 0.7422405904066688 0.5505466719238538 0.07433262786437234 0.04917051068643308
3 0.5831592457780275 0.5271154918619713 0.07869267662122936 0.0614635041520426
6 0.31489970518068766 0.5139830724881836 0.0022192145239964267 0.017982932607574442
6 0.4201084534738976 0.5245284984502752 0.004740074699956576 0.03500889968577425
6 0.694833937712953 0.519130445288756 0.0046739949210090614 0.027285893150230778
