7 0.4913082487392554 0.45378766491991673 0.016336712264340802 0.04010745334364163
7 0.33315488340287613 0.41216296964832677 0.007482488619019623 0.03933814570896216
7 0.40100990850396595 0.41655348650869173 0.007632045789045416 0.03729403926373459
7 0.48606359127156495 0.5296196175824013 0.0018231244539494984 0.00570656665590541
7 0.07549723783207746 0.39881884736113826 0.01273829525595864 0.04560101565010449
7 0.6180748093768906 0.42361708064651904 0.02688265889670538 0.06723711689439515
7 0.5087938750123653 0.4129816615683225 0.008824184108331412 0.03894528830672672
7 0.5398107026643939 0.40062866447506 0.01035919952592923 0.04471804915630995
7 0.6114411686386476 0.54773068198117 0.002837298633517338 0.009327570243883088
3 0.5657606562758601 0.5248219700246477 0.07257290156100593 0.05628532449656565
0 0.3017797207175729 0.5184293940763804 0.012290341931895155 0.016776118677959362
0 0.556513237883584 0.5600358957877398 0.08504116967611752 0.05917033089500412
3 0.5831583206041355 0.5270838361997295 0.07869520798016783 0.06146348742293967
6 0.3800334432326975 0.5252335199863889 0.004694686660939196 0.036036839506902396
6 0.5227844191032212 0.5225649957899197 0.004998199060771147 0.03225555924670187
6 0.6948336024226144 0.5190646189736753 0.0046748915886301035 0.02728605880064716
