7 0.4912816879273676 0.4534757642435599 0.01634556522809294 0.04010204531510608
7 0.33310677746634404 0.41195235826511356 0.007493041890044294 0.03933782819511117
7 0.4009685603939295 0.4162985041136873 0.007641080772451625 0.03729428339927293
7 0.4860526444065133 0.5293138585774971 0.0018243226735288331 0.005707353291737771
7 0.07542054129074482 0.3987759036157006 0.012757671273180823 0.04559797734727339
7 0.6180422211291989 0.42323435626034867 0.02689446721774036 0.06723367952822029
7 0.5087581469572089 0.41265788898274836 0.0088319837333235 0.03894690950263352
7 0.5397726625846666 0.40028677958853665 0.01036762560333282 0.04472092166266123
7 0.611427881192727 0.5473585845113782 0.0028387299291040557 0.00932769069377104
0 0.1966527189898516 0.5273276108840909 0.032239320625736256 0.031171635734544623
0 0.3036000907599259 0.5226541473998161 0.015284929415139092 0.02106372578560678
0 0.23437349952623115 0.5282411246669448 0.024418452630251553 0.02703940244539793
0 0.1684026375738532 0.5823454125125413 0.14241801143921695 0.10145849276050767
6 0.09054671250041552 0.5285250424450736 0.0059689610682591016 0.040785245029492656
6 0.19099843517450737 0.5311852386484498 0.006495044282647883 0.04157357560371433
6 0.6948278491159541 0.5186130429699861 0.004678159335014254 0.027286068247763806
