7 0.6746556151760921 0.4625498807466262 0.014026978682012525 0.03209466417922918
7 0.5524640454080728 0.4372789777882986 0.005209631510752599 0.027600422268349523
7 0.6010585016890079 0.43724250721771235 0.005712388287873127 0.02761432252048468
7 0.32356484707601396 0.47228406221693453 0.010407920045317376 0.023692715969675704
7 0.2882214750232675 0.4437475873134018 0.006175051173057611 0.02470441914770377
7 0.30539472382258165 0.44824841202771026 0.005535666194785738 0.022686587496383914
7 0.2816880417417138 0.4629365097684325 0.0143436316926972 0.031798784647071254
7 0.4039997879384454 0.43889496984408616 0.0055555900573886485 0.026880027731770506
7 0.3567617344035048 0.43892968551398676 0.00602239055145648 0.026866864117491063
7 0.7627520226138675 0.44283770128026323 0.022795004317102463 0.04930182300023195
7 0.6864826857210338 0.4309092175678914 0.007256571311370474 0.03047148585404902
7 0.7085128965155436 0.42264105976313515 0.008404976089522953 0.03422503198911281
0 0.45081138647401764 0.5210109297074885 0.019222447434773582 0.022551125943425787
0 0.7141814511207172 0.532154999621305 0.05841518080342867 0.02905905591946012
0 0.4757224749295401 0.5219795651646303 0.015477396074460525 0.020061868495692137
0 0.8568254147972894 0.5326951830798097 0.07220349806851445 0.03637959747195174
0 0.734210349767052 0.7054766869025476 0.23546091344996845 0.26650811274922637
0 0.8794476469633475 0.8278601452198662 0.24110470607330492 0.34427970956026754
3 0.7430323076326364 0.529397340502638 0.06160508957357125 0.04240815744538151
6 0.40080861525701794 0.5155797148087641 0.0032628922868557786 0.02228583627558134
6 0.31406776003514286 0.5206685848586151 0.004625935749865917 0.029504579982639223
