7 0.4913182136025505 0.45377887997739547 0.016336695795477918 0.040111903669876825
7 0.33317100964399576 0.41209814762802977 0.007482049937328372 0.039340630894034834
7 0.40102472876535894 0.41651257388649626 0.007631854013423478 0.03729600732281546
7 0.4860660439779113 0.5296086409409266 0.0018231307789604578 0.00570607754254604
7 0.07551813656573608 0.3986652720531034 0.012736063525795871 0.04560566547364925
7 0.6180901594644745 0.4236180348494326 0.026883331762483476 0.06724374464477562
7 0.5088084996129907 0.412972430324115 0.008824364512860394 0.03894674587870667
7 0.5398271288941507 0.40062180803842573 0.01035953706582271 0.044719586263214706
7 0.611444853587394 0.547730102792624 0.002837426931076581 0.009327172863620059
3 0.5657623465221486 0.5248380578213078 0.07256768863571994 0.05628534618810188
0 0.3017800429350991 0.5183894168834725 0.012290094269599428 0.01677139266008587
5 0.007321195696394332 0.5497437987362412 0.014642391392788664 0.054175622185632655
0 0.24226399125746279 0.5559732524432184 0.06680204716806826 0.05612693677330327
3 0.5831601804385204 0.5271015275500222 0.07869577427040708 0.0614635085336902
6 0.3155481974679443 0.5295462855542321 0.00493676207312288 0.038000069678092885
6 0.47146650800315615 0.5238105772298262 0.004844408696436819 0.03401861680812801
6 0.6948344260543906 0.5191416890949024 0.004675476739277706 0.02728584881679552
