7 0.6033232251139353 0.4691906128834691 0.006190936704127292 0.028491369685941403
7 0.5379691958403974 0.4474475447612851 0.004587788881474819 0.023942484518412688
7 0.6019091285367715 0.49203109482032337 0.008376858759064354 0.010132371392365946
7 0.42976437735979733 0.4324133738071806 0.006593821843041636 0.030503964536324757
7 0.43890796792030257 0.4390151677791976 0.0058748941900789164 0.027488741708722397
7 0.3354652421006168 0.42709488772773546 0.01921575684233634 0.0669865199920262
7 0.3912336094732226 0.41850184719527195 0.00839254718693877 0.03689888386833734
7 0.37154339587466806 0.4063349083880536 0.009901663941216388 0.04254111715399478
0 0.5289641949528987 0.627857495971426 0.08841441620830709 0.13210627447716328
0 0.22273340654709134 0.5359083532808218 0.07109295849014396 0.03819203599134113
3 0.028704857714847636 0.5273178517376739 0.05740971542969527 0.053209628919642205
0 0.42664684401214004 0.5902569003776595 0.08238215366539092 0.0967365106822391
6 0.7606265834885899 0.5274391544054413 0.006404989672737393 0.03701018629178365
6 0.6892388002658891 0.5681075471217598 0.015386145035929277 0.09377183208258955
6 0.13435804877222332 0.5308148223225145 0.006865436845209794 0.024394543054663487
6 0.6471730392342157 0.5389318756096151 0.0056328902922501145 0.028416239061305526
