7 0.5303060169630036 0.48803417114136083 0.001910752859861864 0.010506164373465021
7 0.5058768316015543 0.4798493563993847 0.0016909557613788984 0.008865290146146676
7 0.5298063026854672 0.4965502785126866 0.0030349711910346855 0.0037868708941761198
7 0.47119929964520496 0.48773804307649626 0.0019106260855349388 0.010558178946434071
7 0.47037758521011264 0.47780364478775555 0.001923197574570823 0.00966738468950945
7 0.4713738323414347 0.4785374282457342 0.0018557472894770721 0.009342114625067788
7 0.46139186187743675 0.4844868758432352 0.002526493319183476 0.013439048571254886
0 0.4822393541143367 0.5138543760585443 0.012891018442486857 0.02067288371897691
0 0.619346697153343 0.532089536109988 0.0475003827502698 0.026696593631529764
5 0.4678618401139859 0.5137114561570109 0.009295917167876533 0.013060832197285932
0 0.3162930092911739 0.5148042478254974 0.01321746336615276 0.01194814008493239
0 0.5023815761540872 0.5141983330174947 0.013563762573168103 0.01825819706623366
0 0.522429001467262 0.5142200112772793 0.022637464018952835 0.01418879711933907
0 0.5014353138552625 0.5261047141713939 0.019273137108728633 0.024760442295114093
3 0.3137355657428358 0.5093228377038554 0.03087349260492739 0.021324490876511448
0 0.5014966673522661 0.5178110907312419 0.012936664239148021 0.019185008457672903
0 0.29583523341387075 0.5136329752809916 0.023919516058533208 0.010309596727403725
6 0.5603444918830625 0.5165747617952786 0.0032344331662200743 0.023201726505416742
6 0.3691713642356368 0.5142641684392338 0.0029487379098976363 0.020033138156405172
6 0.5323920147800599 0.5126958581447677 0.002460200700939996 0.017841914078043475
