7 0.3432859884057614 0.47076073963091203 0.00727304813740709 0.026233360748300183
7 0.30862532978815327 0.43841999197340664 0.006942708284361443 0.027539976850684877
7 0.3258458133506602 0.4439568924994491 0.006181577754228396 0.025055614999734965
7 0.3442347434715767 0.4917263484105925 0.008046001125166735 0.009424783012733695
7 0.3424971057087372 0.5205746122029355 0.0009860425316867705 0.00373623872729012
7 0.5689259876529851 0.4719268150405292 0.005118983622753315 0.02478276693981807
7 0.47501471590361555 0.45276880050305124 0.004108611954598995 0.020903822208952982
7 0.5120571691805333 0.45274802921729923 0.003972954030399767 0.020913967516114407
7 0.5653005308716035 0.5188900281252744 0.001046480052215526 0.003492207319796825
2 0.5075180341365759 0.6689658816155869 0.1756004994240553 0.2941588235375885
0 0.13463230391790648 0.6697028036781434 0.26926460783581296 0.21885449766259812
0 0.3411000371642126 0.6316148356560778 0.14007700514950072 0.19162556805668707
5 0.5373287127069175 0.5221630514148643 0.011731961639891875 0.020314987583702537
3 0.5051929762177084 0.513543369778177 0.03133363187859134 0.028922657093689297
0 0.47960274680994286 0.5245300500379096 0.023396182789570286 0.031047076361789605
