7 0.5472051436397898 0.4395159740052821 0.005111997743421637 0.027134574540393974
7 0.5949227064252074 0.439540138266064 0.005590895035015864 0.027124696408225513
7 0.32062987404884885 0.47367374351655495 0.010342574772910118 0.02349122278088356
7 0.2859877883791121 0.4454875006557706 0.006112794067252236 0.024442453029976663
7 0.30282821702928797 0.4498985352332505 0.005485626848915459 0.022465427282722217
7 0.27977258473841077 0.46452703760441594 0.014208076667958092 0.03142695413481417
7 0.4008842214690546 0.44090181791046 0.005478454134665189 0.02650698699509757
7 0.35416265315455464 0.44087864920795167 0.005943848769040971 0.026516428118528057
7 0.7511003424062879 0.4456909562482596 0.021988997080237938 0.047909185899700946
7 0.6783256262288642 0.4335407836626974 0.0070583737627277765 0.029836684924964385
7 0.6994178927737684 0.4256331914447786 0.008144998890009636 0.03342647335769111
7 0.7467367071033963 0.5363252131044431 0.0020979731373383936 0.00677069494770921
0 0.44213375577793224 0.5249678645610338 0.020253742177263223 0.021358043802910065
0 0.3229303309636424 0.652318875429128 0.16299556422926553 0.18820548146886218
0 0.7585849936294512 0.5361461473066572 0.05915266274645625 0.02960450628054967
0 0.19413860811907319 0.5320015238458001 0.06645899135726002 0.03725563910666896
0 0.3279926187654575 0.5345048297340944 0.06438750764525741 0.03266766294407719
0 0.11493833831625871 0.5295694359331216 0.08237209548751577 0.043287748433319506
0 0.6984291105750235 0.5308664953640296 0.058002325945683 0.032874128208089215
2 0.16642715706543476 0.5269752055675506 0.08303754176188552 0.04083633286595578
0 0.7779649155336238 0.5312094097025541 0.06306114528751205 0.03233055493520698
3 0.49667173365123585 0.6470124246200647 0.14355106327623574 0.3289133407237548
6 0.4119054209986561 0.5179259165704309 0.003121672542534537 0.01106623264044615
6 0.3406267802368925 0.5216696480592226 0.00408429544589356 0.0292896670768914
