7 0.5904608592293341 0.48292851414296034 0.006073320088273437 0.014947916840862718
7 0.5329310099748197 0.47146100340661024 0.0021862397299439174 0.012625528835889133
7 0.5555193616598924 0.47135981182363484 0.0023030902114431484 0.012663011852948047
7 0.4126216220437856 0.4745252997426587 0.0024363004179822068 0.011321993088011295
7 0.4084302185197129 0.4835108866357045 0.0060886156548750625 0.014559554955591414
7 0.46427058839430146 0.47209424565068925 0.0024343195466062784 0.012369111007314526
7 0.4424606249513231 0.4721910227410551 0.002522003729580058 0.01233334660206964
7 0.6006398405169875 0.4795276204544182 0.007306045513335024 0.017839776523962847
7 0.5900631642274381 0.469916916750518 0.0025973037383741904 0.013284560776863463
7 0.5929097057546253 0.4683962173467645 0.002741645174130336 0.0139504825073819
0 0.4935056422249421 0.516780310672949 0.011645056485991623 0.012801493583509238
0 0.49763083001666397 0.5280250134521451 0.014587077100842949 0.02327285396889578
5 0.42862686941659345 0.516671931232092 0.012155012127041898 0.01520786521759665
3 0.4592773305749489 0.513634154482915 0.023489605733274133 0.018810055450000918
