7 0.6917491053589757 0.45865998513895223 0.01613887962920113 0.03649884017579308
7 0.5532716170597256 0.4296164133188677 0.006019137020450871 0.03158538530997512
7 0.6085565189132247 0.4296779918708489 0.006657282141716903 0.03155833526319379
7 0.6865390020123319 0.528368259670494 0.0017849644524777775 0.005207538082837915
7 0.2983032667028348 0.47044580144849013 0.011724524606995579 0.026233993189380356
7 0.2535339642669644 0.4373908680690881 0.007324716558758604 0.028060723896908335
7 0.27533315587596563 0.4431048331015006 0.006458230607373994 0.02548618345098158
7 0.24302485864591256 0.4586070600883886 0.016916575122335353 0.03653075697124136
7 0.38383555386143753 0.43138828151957276 0.006516470749572401 0.030778773469882503
7 0.32970006106538935 0.43132956058498556 0.007145427015018524 0.03080451421758368
7 0.8145449061306616 0.43132179825224015 0.028823883169865283 0.06052256708081433
7 0.7084019886444255 0.4215378501081326 0.008710948807454044 0.03526533751710598
7 0.7382421165640214 0.4103529955038582 0.010376982469751717 0.040390783976033684
7 0.8079128874631933 0.5451862495850455 0.002917848714306892 0.008524878388983415
0 0.28730907223784097 0.5361212488024552 0.06948730761876298 0.03486832649960436
0 0.01848029453557045 0.5562893545244553 0.0369605890711409 0.05360059064625222
0 0.49270039916174985 0.7760961201862416 0.20857797716281634 0.3563216303431447
0 0.15476859596584877 0.8135543370896439 0.30953719193169754 0.3728913258207124
0 0.49528795140619086 0.52002441799641 0.012693589878303824 0.016260045612208507
5 0.8063133514622417 0.5352012827707722 0.027895066935796686 0.034340803739189574
3 0.4668999923732162 0.5208425731695285 0.018199970417230815 0.02952776213548458
0 0.8222473819055122 0.7907920894950087 0.35550523618897567 0.41841582100998276
3 0.44052368743322545 0.5179671352296842 0.023218539649825454 0.0348141511022918
0 0.027282558381751264 0.538920675945844 0.05456511676350253 0.038635282345788724
0 0.47003767256771317 0.5211093980590791 0.015535018721690275 0.021885109542856163
5 0.7544556515344121 0.536732410467486 0.03128205223319902 0.033094881248810215
6 0.01768766133235518 0.5239330511247029 0.007008674647758683 0.03262266481208631
6 0.4025094106803364 0.51480404593557 0.0024817103570058396 0.019629575569436564
6 0.09967127274456253 0.5236750821458651 0.006567402426206556 0.03223455859438784
