7 0.6044342309574379 0.47801135869427613 0.00759165379026383 0.01824774407419899
7 0.5344660472635143 0.4637267897546492 0.002832961378040011 0.015538884610571235
7 0.5621175541720723 0.46370189096554404 0.002998837273049615 0.015551082164718288
7 0.6017386258600286 0.513056103603716 0.0008135781842009138 0.002606060817527678
7 0.3915693521536293 0.4816076195521287 0.006354188475657441 0.015132074848034305
7 0.3852471205636875 0.4676175055596866 0.0030014426144830963 0.013812962553169883
7 0.3798954783847296 0.4781858976826332 0.007647931903551564 0.018078504857864663
7 0.44951621784767154 0.46429375821014446 0.002952454046085795 0.015284385604570128
7 0.4224182049971393 0.4643177786623667 0.0031037797839892356 0.015272605131085804
7 0.6271505814735816 0.4727814706430193 0.009625113308527111 0.022765409112310064
7 0.6063712185789998 0.4617203452298596 0.003442614321508386 0.01643060550559816
7 0.6125257847098582 0.459391713607608 0.003696704856673061 0.01746381928513263
0 0.5750254943405184 0.5207943032286328 0.038090452868010605 0.021174647273466407
0 0.5049504971867897 0.5392385504224882 0.02728656588738665 0.03852656821778622
0 0.48057511078767745 0.5203976457687488 0.028365792298032322 0.01819505140607247
0 0.951544056081487 0.564942130237192 0.09691188783702598 0.06368182812145917
0 0.5493661984048038 0.5355065305440854 0.029596487256045245 0.04076221968954863
5 0.44047200014289917 0.5259592092654019 0.009891924351717929 0.028336059026649707
5 0.5941311750284693 0.548499447912162 0.03771789097163403 0.05251431015866381
