7 0.4244184326882474 0.47035285846502783 0.005618855757693164 0.026467551688266477
7 0.41095536630920715 0.4376001375883507 0.006010142468450996 0.02784347697359363
7 0.4187376115290662 0.4432519995082753 0.005405373432962157 0.025306607217640942
7 0.33478249202041693 0.43637433585777524 0.015615547081284986 0.05716384100155347
7 0.3774249310263223 0.425852041221543 0.007505955349435989 0.03314561970080587
7 0.3615420257905807 0.41597141928823833 0.008697870111937067 0.03763553269517017
7 0.3366636287991196 0.5415251191723267 0.0020515655120157406 0.00783850731435709
7 0.5699873750745024 0.47131875088513864 0.005508911194907817 0.026110250797151513
7 0.5101303300788222 0.4510529656597372 0.004214623778364568 0.022073404352161596
7 0.5687098180382957 0.49227620870473077 0.007597902867300554 0.009300894299499707
7 0.5661775920887274 0.5207901742425242 0.001108680133092177 0.0036808853502701133
0 0.12354851250627089 0.8310676107841062 0.24709702501254177 0.3378647784317875
0 0.6915752964717209 0.5397670376144511 0.06224937854202972 0.033076069290500776
0 0.27915866540706036 0.6893398040788706 0.22782373016637336 0.26258151406683083
0 0.5089906413040239 0.5355443328900173 0.06461556829361242 0.04552442074489493
5 0.4992528151905072 0.6582116399839174 0.048096482402621876 0.1688952679437652
6 0.6073578716431327 0.5248830017651941 0.00557430746195875 0.03418707789070896
6 0.35858482631915634 0.5591432324521896 0.011929405483153022 0.08229181253288465
6 0.32031911158971893 0.5307023711674679 0.006776261383200477 0.01967782738071089
6 0.7837231922041965 0.5626775518633496 0.012614628620649104 0.05129860032767486
6 0.0029039309585342354 0.5312170741818555 0.005807861917068471 0.020034213293653957
6 0.6760341383320474 0.5536633920756183 0.011953611798247832 0.07523896425731325
6 0.6654440369743606 0.5446556483792286 0.007542356433842268 0.06239433221194102
6 0.08482858875870264 0.5247294035901577 0.006978232281731472 0.03396174187352563
