7 0.7216452732439025 0.487528614848038 0.0068442675924602625 0.015558409258618844
7 0.6591646201628755 0.4763403183997387 0.0023851886888142104 0.012797295999672498
7 0.6833328611274394 0.4759646801152005 0.0025609367095206226 0.012964101069735334
7 0.533917663977777 0.4893092125214407 0.005737405744984492 0.014008541562759547
7 0.588360816345926 0.47774687848491104 0.002371302155136479 0.0121732274769904
7 0.5667659129400853 0.4780788377310443 0.0024098521530121486 0.012026036535916995
0 0.6882367650801429 0.5267069517954146 0.03732540056849254 0.018482906014519407
0 0.563038858587513 0.550691050154859 0.03741430904636822 0.04950345001367629
0 0.6255513071241006 0.5399350879219815 0.025024652904359734 0.03171318391421318
6 0.9275380028733249 0.5713624005322806 0.016076784692453883 0.09346080550703806
6 0.9266386188133959 0.5559611033261675 0.014866575395890536 0.07135944106872272
