7 0.5663486660410866 0.47001253657408737 0.005104805842568116 0.024522246127234693
7 0.5100697362814474 0.45097704833070185 0.003956637257385376 0.020724606617377017
7 0.5651479869546608 0.4897098130301799 0.007129876035453675 0.008743622196095535
7 0.5627539301028827 0.5165119391262898 0.001037813925659492 0.0034577177623008604
7 0.4295718736981379 0.4691287707418451 0.005191981312813898 0.02482928648143229
7 0.41816646205644725 0.4391849551525179 0.005503184240427561 0.025725699825311032
7 0.42486240494397687 0.44408319267215635 0.004990737783376775 0.023544873579410708
7 0.355175051410252 0.44081688770069716 0.013010800775862807 0.05003903392402337
7 0.3886995452130127 0.4292125559233661 0.006740880139289529 0.030186524996449693
7 0.3756436690441259 0.42103399330654534 0.00769294911194951 0.033866448127721716
0 0.7635673492200259 0.5329777748422202 0.06576548706742813 0.03147335963831044
3 0.17356565250104633 0.5246830550069994 0.0625442121977142 0.040367927397850445
0 0.7261226351971228 0.5303090356897512 0.059317811996746905 0.028938499777132698
0 0.34348073603337703 0.6361616536978563 0.14909674400238776 0.16018134779409743
6 0.5545673922774853 0.5503309845553193 0.00899984686358457 0.06805793290264639
6 0.6081411918288586 0.5268399508052963 0.004937699739799406 0.03724684711007009
6 0.6448027875604336 0.5193613572080109 0.0044661912150124605 0.03065515816226727
