7 0.5496760620739789 0.47678466691278654 0.0036866711715477507 0.01866564895169759
7 0.5066206263676944 0.46223697840186817 0.0030122650579155197 0.01576889126782749
7 0.5487700612545775 0.49183036174904415 0.005411664180783093 0.006688043492481588
7 0.44518528779957633 0.4760854132819642 0.003722529066272129 0.018853001176911077
7 0.4397299803532155 0.45555166840789885 0.0038366864451783167 0.018512221028849585
7 0.44329171659075206 0.4581767595075429 0.0035790201353926854 0.017355417542929574
7 0.4091508067275698 0.46271994449322223 0.006795800933832807 0.030538835971116618
7 0.4220138219162518 0.4505540437499255 0.004411527067289811 0.020716307749047758
7 0.4160348568079738 0.4467846982731273 0.004806571707510587 0.022385925515735206
0 0.14097116119415198 0.5247360002069126 0.053652844832812574 0.02542507182102649
3 0.3360338475235267 0.5178935052583825 0.0419286373924847 0.030011838699690152
0 0.012932375943532356 0.5180747034270705 0.02586475188706471 0.030780650719131497
2 0.4556409990418099 0.5124971556505554 0.03584531176758299 0.07599243124095345
0 0.4352335120963221 0.5535792055521906 0.04774716902534598 0.05453447716519
0 0.03499178493933261 0.5242467480558545 0.05927861620970135 0.024803009045688995
6 0.5723654801016331 0.5260686895213922 0.005962998912518835 0.04007522290185073
6 0.10581284083796977 0.514614128261309 0.004892647901380498 0.02408437225569482
6 0.5754290854433692 0.5181087640972148 0.003232461280161192 0.025773330841603825
6 0.10810383175331659 0.5256781232271811 0.00806879136191696 0.039986542779836265
