7 0.6095501905416236 0.4697582690990961 0.011310708878162212 0.02710341379225517
7 0.5058143594436157 0.44841377183645104 0.004006281708303638 0.02324427917933297
7 0.5468742606838177 0.4483992161459033 0.004364837436976132 0.02325061110786314
7 0.2826501823454767 0.45298374792412194 0.005350712631612353 0.02117277044052912
7 0.29791031202936213 0.45629898142285336 0.004865801004163728 0.019672929881026757
7 0.2767361744113819 0.4699645447451888 0.012215460441131587 0.026924723355502278
7 0.380724747089168 0.449522405117594 0.004909220517085977 0.022741627651875318
7 0.34058997903409743 0.4495363419624519 0.0052477479960948425 0.022735575383344364
7 0.6520511080980563 0.45704239317958983 0.016494924747155082 0.03843244866664752
7 0.6134790345936766 0.4440304008652771 0.005358677435281178 0.02523811831936712
7 0.6244066396712962 0.4385060089740328 0.005995301379042028 0.027760450593414365
0 0.45470300590461254 0.5197841837847912 0.01600756199035619 0.01895080707056429
0 0.3998548544985838 0.5871976459731162 0.07002813339048386 0.09312711563715204
5 0.30217101485384923 0.5592676138059653 0.0326201034642572 0.05623230343880847
1 0.2861307721176597 0.507598302390098 0.14969445363643705 0.10952352940986576
0 0.5112889045869793 0.6117865831208537 0.10025381684226464 0.180074775853019
6 0.40679728187398606 0.5134993904715897 0.0025532725437821258 0.01784811548178966
