7 0.5437133892315602 0.48193305155327376 0.0030887951392836177 0.016051267691108873
7 0.5065740330857071 0.4694447765159524 0.0025866972355101936 0.013555750267027766
7 0.5429420801692573 0.49490034353337264 0.004649647437728666 0.0057611914862321645
7 0.5413415678559155 0.5125798086780313 0.0006670671728493671 0.00227614251197783
7 0.45368230057327735 0.481436204495953 0.003110588261352576 0.016182610994532443
7 0.4501379134287253 0.46467536414511407 0.003175731564398876 0.015531208747271652
7 0.4526735794467871 0.4665133136028874 0.0029965296233778194 0.014708518089556588
7 0.42864035410497814 0.4726209175619244 0.005059128664970547 0.024100363129506364
7 0.43641294939454817 0.4612810006435833 0.003563562887345495 0.017053124881163617
7 0.4324035586913071 0.45879723837819314 0.0038185904060037412 0.018168895653874362
3 0.13600393219296975 0.5190706494779758 0.045030089137453294 0.02786818140609626
0 0.45645761981645794 0.5372488037684842 0.03000862464507037 0.037826640132289646
0 0.19542519479031772 0.5190481373806686 0.05169726711623959 0.027987064617242097
0 0.23722117915459068 0.523830412986569 0.046517299702459686 0.02175942459311797
0 0.2541230205488053 0.5233080365400445 0.038849910894896256 0.019249020441370224
0 0.5000667538335827 0.5361659455405126 0.02928227673236905 0.04066214350052266
0 0.31872449555499915 0.521256565938239 0.038812866324247686 0.02189716628691052
6 0.5628853307808028 0.5209512430413376 0.003767532725527434 0.026372623996342215
6 0.23404498214063552 0.5282788562391736 0.006830180337313363 0.039332297469738764
6 0.4790492157507449 0.5246386079292836 0.003986838969388229 0.032645674377907774
6 0.26233969357287446 0.5261785559343584 0.006140983732283722 0.0364295009819664
6 0.2877759520422968 0.5150346835804025 0.0034960263450360407 0.021041378131047117
6 0.5232135088006471 0.5327509280496667 0.005251904431855303 0.019707281487477135
6 0.19058605491141117 0.5227009258867734 0.005779434524995075 0.031620376356232716
