7 0.32777646293430585 0.4689035234343254 0.007815714410309538 0.027540372381686995
7 0.28885087874416776 0.4343532468764424 0.007522035509416214 0.029278081000268574
7 0.30819839054650633 0.4404848676871814 0.006642670973396159 0.026486295412576133
7 0.32872357398051066 0.4909075076386666 0.008513976202674745 0.009890277381801371
7 0.32689895682752546 0.5211820755625854 0.00105526834435965 0.003924348182699378
7 0.5638823277670845 0.4703554357192955 0.0053561291343806605 0.025770627850331962
7 0.46617536470256943 0.450299861300414 0.004297555613573478 0.021808566710532107
7 0.5047889389479159 0.4503314628386499 0.004137297958564101 0.021794462585621843
7 0.5601188161174291 0.5191750540476427 0.0010884940142413813 0.0036316102097538883
0 0.18335153623158265 0.7689430423379741 0.3667030724631653 0.4621139153240519
0 0.55782147541829 0.520371019687726 0.026291636088233372 0.020615561724953047
0 0.4587582456042092 0.5217842717288925 0.027916196828037032 0.019612675476412877
0 0.638590992109826 0.5419296849434965 0.07149352676181042 0.039339806644770325
0 0.5302831918286696 0.5210120110673042 0.025821705697583797 0.018799874349146206
0 0.498797816191421 0.6498310570846632 0.07522091784328422 0.14297795672818747
0 0.4984838200724602 0.7939060575975956 0.31185492006709425 0.41218788480480884
6 0.9308668802051401 0.6237964938334875 0.03565584945189382 0.17335656609983208
