7 0.3344758161547694 0.4601048560112567 0.009723096330647218 0.03478321937331946
7 0.28303139608796096 0.4105302703266739 0.010221874069820336 0.03968215267143593
7 0.3094483430116013 0.42143678337948776 0.008666509124732491 0.034723045448013246
7 0.3356943380645563 0.48772225041280154 0.010662127208567018 0.012451527596359147
7 0.33340823848914747 0.5257904816849257 0.0013177578902396347 0.004946079263849046
7 0.6264113928336569 0.46242428788880713 0.008060501780141172 0.03215911291310425
7 0.505612715478872 0.4375495369407637 0.005106704837723575 0.027173945899442387
7 0.5535097332207702 0.43754943912578703 0.00555042924147453 0.02717393671137147
7 0.6217823672917602 0.5230243928650744 0.001442929684111749 0.004511118615950549
0 0.8122546429751727 0.7769500699249532 0.3170263925596951 0.36319308758341784
0 0.09877843192021728 0.7274246633162846 0.19755686384043455 0.3435238953296941
6 0.35302161904527046 0.5257880838270585 0.005367145950815777 0.03671342652632159
