7 0.5517142557445742 0.44827653913040033 0.0046447009545586004 0.022792245532331223
7 0.46349312091250405 0.4682328136134536 0.005062059768585703 0.02729913869996886
7 0.45860704789419576 0.43394339001626425 0.00580401160614219 0.028946677464238124
7 0.46262322876390444 0.44003240212565253 0.005231416337027728 0.026214734606169687
7 0.40930263104673 0.4307339228157061 0.01346005510763637 0.06117370374107595
7 0.43203253485186743 0.42117443188666126 0.007240900780187798 0.034710183556766805
7 0.42233415112844497 0.41027797259414706 0.008373454798490776 0.039665245961934104
7 0.41009446666603044 0.5428713048293952 0.0018645328111841497 0.008359889643170137
0 0.7857085526124852 0.5348269179251053 0.05693828439275306 0.034764902544984544
0 0.5043039501785538 0.6808068080457812 0.1261636941813825 0.21843079307915636
0 0.7238872553474579 0.6902565375612796 0.22021383892580593 0.2439664554470733
4 0.819049187701681 0.5353195939819873 0.029931550295610343 0.042316628483900165
6 0.2382713188541838 0.571709242388531 0.01524619716636913 0.09295138949794679
6 0.6532746488344177 0.5654959678762179 0.013064023774988276 0.08502933707089777
6 0.6727541321845003 0.553880241314334 0.014636688016132271 0.016648171180933313
6 0.649733112504187 0.5265002272989445 0.005146995617285599 0.03612080571063969
