7 0.4094809071898194 0.4646457280767185 0.007004662217720892 0.03127219529518177
7 0.4167774840396835 0.44848431604435535 0.004916716688023681 0.022846640389542927
7 0.4098337670803678 0.5234060086620962 0.000981502068722273 0.0043668120298967494
0 0.03522611145884322 0.6835435602158821 0.07045222291768644 0.24752270235353013
2 0.502712519127297 0.5175894154799219 0.04157349210520689 0.08678649703911784
0 0.456833434100185 0.5373659861478848 0.0248959341411773 0.03558114848171667
0 0.5013643869688678 0.6052546742168101 0.09610037605698374 0.1731047445490025
0 0.5013173382075284 0.5575878007239381 0.0477593212800157 0.06812648716642977
6 0.17030352215334915 0.5307505592902171 0.008196603779295403 0.04299237034981096
6 0.36885763278052053 0.5407640503510669 0.005560234011931342 0.03045353946199747
6 0.47206200596649334 0.5337233809957265 0.005950061560077824 0.04218892386496387
6 0.6130022655359186 0.5379370413560249 0.008306812928289165 0.02477590818017661
6 0.5778739229062969 0.5373870968096444 0.006857130857466753 0.02443296480802093
