7 0.4104856185181481 0.46427885678630276 0.006835315178540191 0.030682415649330885
7 0.410822505667817 0.5219545982182877 0.0009593849296256618 0.004285516003315948
0 0.14318804214791234 0.5940817685242583 0.16861151183138517 0.11409545055429782
2 0.5009473565214893 0.5187399858710356 0.04605059729238675 0.09798151482966078
0 0.45341419594735155 0.5396375211105624 0.0286155741194975 0.03907176084782804
0 0.5007663355953467 0.6341414172084789 0.12474923225653028 0.22655870173406412
0 0.5005036507614565 0.5664572522531366 0.05650341138295478 0.08085447245448019
6 0.19905866684699497 0.5293111365999092 0.007825062914751518 0.0424105026643925
6 0.38121835200179865 0.5385896761146951 0.005817600823990021 0.02973581704683881
6 0.4719400050609394 0.5316810060169979 0.005829664700613413 0.04135531454144048
6 0.6292095593523837 0.535806194748719 0.008501861375599162 0.024062128864106525
6 0.5789084794165764 0.5349675624749644 0.007944288108542086 0.023549338390260632
