7 0.44421318559447165 0.4666579471143702 0.0038578007262120018 0.019370415010271813
7 0.43831282028835006 0.4453614766684959 0.003985817094411759 0.019112673584266493
7 0.44210230101220105 0.4481516519095332 0.003708647882607774 0.017882117069541736
7 0.4056726838356979 0.45232301722318047 0.007228623208227425 0.031918019896941985
7 0.41330018270259017 0.4359790870728231 0.005043837112766236 0.023269195430488332
7 0.5515019753562189 0.467259906411818 0.003808974712596336 0.019178571603455652
7 0.5072910357946925 0.45236290901793197 0.003090596784986799 0.016204775988899356
7 0.5505668781896804 0.48271388385999603 0.005561097699952722 0.006864340958123716
3 0.09405271171515184 0.5106417451201152 0.0824347864112475 0.044007730597188155
3 0.49926943543715185 0.618106965258926 0.09688513235562896 0.20675539436615042
0 0.027378633796661417 0.5163695506405082 0.054757267593322834 0.026944395625730477
0 0.49938947554093266 0.5385159549905498 0.037650061940573853 0.05156965751677045
0 0.4993628125642477 0.5591046479207729 0.053405950635226795 0.08393930130524152
0 0.27475409829881126 0.5340274818111861 0.06486926248255293 0.047948632825769555
5 0.44250884008330915 0.537926967850257 0.01807204235274834 0.04764803794226502
0 0.48014665783793653 0.5135056245350574 0.041025792505116676 0.023060284745961557
0 0.1326942356952961 0.5162177798448363 0.04677554042394422 0.026556033201239337
6 0.5823130784582218 0.510894141662781 0.003633914008941308 0.027996041651516257
6 0.12292848397998038 0.5288077788031866 0.011517263882707227 0.0568847407369143
6 0.23762054326825383 0.5138145982722793 0.0056671171457563785 0.03309007358354821
6 0.36670171871379686 0.5234268428674401 0.007024851478043048 0.04419831818443942
