7 0.6703255184369856 0.4622223532886681 0.013737757632358849 0.031503658026325376
7 0.5503764320812784 0.4373693625236299 0.00510790072904177 0.027100905212509463
7 0.5980868423511337 0.43735279611870514 0.005592454024065718 0.02710807372968571
7 0.32454095651746945 0.47159303556486676 0.010277570034313066 0.023402357526483952
7 0.29018723250777373 0.44353601457197844 0.006065007780237774 0.02433320448978049
7 0.30687947097105484 0.4479166718333548 0.005446258724139563 0.022373090187102485
7 0.2840717075783117 0.4624904526502614 0.014095204396828431 0.03127573824623775
7 0.4044364461224529 0.4388753118417382 0.005451747609210578 0.026424403893229587
7 0.35795129063549136 0.43889106854153487 0.0059072061226077555 0.02641759974237734
7 0.7543866420242027 0.4433756302035854 0.022054037326052267 0.04792282170833556
7 0.6815848628995778 0.4312813765263318 0.0070723022571637095 0.029845692195059448
7 0.7026848594171748 0.4233545020723917 0.008162384422079838 0.03343777060013298
3 0.4999819365703253 0.515054540896581 0.01583727381068223 0.03640195121586853
0 0.2599208275776509 0.6029240807872056 0.12300190079929024 0.11221397453875437
0 0.474944759427563 0.5176844104417819 0.015180860388954998 0.024511977761967563
0 0.7739643797092988 0.5326245200338882 0.0691486892545431 0.03223853712409819
0 0.453127909437508 0.518285093566287 0.014490605304896154 0.018713021056017465
0 0.4494841121657699 0.5210646330553497 0.012253843028731115 0.018295919816075368
