7 0.5495640147955266 0.488177898948517 0.004364710851619824 0.010899973859957224
7 0.6560252081499105 0.46757639213814184 0.012428293910883403 0.028773844449946295
7 0.546301231400604 0.4449025389270912 0.004626263245109952 0.024703517739100234
7 0.5898895356644711 0.4448868448088727 0.0050307580178358124 0.02471060281544657
7 0.651855803400055 0.5226697118328743 0.0013571709540940446 0.004107764138378989
7 0.33630309495651345 0.4755247607788292 0.009522433045368761 0.02185515805641325
7 0.30697718265400953 0.4500779341598662 0.005447463958002163 0.022377189004931408
7 0.32124048288950025 0.4538016412435486 0.004938036773654841 0.020708634870722165
7 0.3355890411621061 0.5175588087611402 0.0008424033064878267 0.0031505088397277836
7 0.3027859222274243 0.46780618712492716 0.012721176142606871 0.0285731400653208
7 0.412805063058838 0.44616159869285976 0.0049162710626557415 0.024136768499956107
7 0.3702570722992512 0.44617657108016323 0.0052971730103123504 0.024130014803697586
7 0.44030532028637026 0.4882032840064234 0.004399455081694148 0.010877988928707616
7 0.4435291981735298 0.4813735087039239 0.0016535995331078412 0.00848873535381972
7 0.4417112606180666 0.4807636682732668 0.0017113613422212737 0.008756447599872874
7 0.4395982561184116 0.497063267164221 0.0032029218454430186 0.003930008136164176
7 0.723127392471731 0.4526071834608374 0.018899827502238176 0.04187969543175191
7 0.6647843570999168 0.4398836733309569 0.006234658735141507 0.02696741439355449
7 0.6819014627548035 0.4334809744323148 0.007079166352220612 0.029866862487653634
7 0.7196850797791714 0.5320440111649457 0.0017448629248560943 0.005928582429932883
2 0.5005435081566463 0.5510741943830835 0.11904922300763515 0.2534221881952036
2 0.562817179753984 0.5054689331421672 0.031192975135687195 0.0234717996300971
0 0.44656293093186 0.5245872317108433 0.018799112583107735 0.020213088697219495
0 0.4634265442646633 0.5130512806496257 0.021358229207145807 0.011829448819761446
0 0.5006251049225774 0.7046182361459041 0.1456694559009516 0.2695795541183268
0 0.558963057591509 0.511871056904821 0.021092487802359283 0.011450056555484589
3 0.17045300763932908 0.5269844371811258 0.09032302653268795 0.05844117274853705
0 0.6375214068414076 0.6204519572207882 0.11584309807340953 0.12445316149530217
6 0.20902856202488912 0.5255388025997034 0.006513412531112234 0.016132955733139442
6 0.4142215528817219 0.5185222872937738 0.0032341593563323112 0.011512205415855514
