7 0.46431589790517913 0.47769082782503103 0.005162007059823004 0.02106463613715448
7 0.44488012352895884 0.45403055212988447 0.004814586033430657 0.02109240874293572
7 0.4546516664822331 0.45730329830383687 0.004432678470022544 0.01962445920914535
7 0.4652722915181744 0.49457593796482135 0.006201515754584552 0.007595480882998051
7 0.6530429708232277 0.4768613868677091 0.0045410207552119 0.0214179653431239
7 0.5709930479743777 0.4614088790202873 0.00342483882706468 0.017600780727502152
7 0.6028271181522646 0.46096631063494053 0.0034899803871799584 0.017795799961093817
7 0.6498029060175037 0.5175049021032098 0.0009352180475525884 0.003022426777953724
0 0.845212262172983 0.5341793708406557 0.06488457976052642 0.028780572131135718
2 0.6146412287491834 0.5672940350733564 0.06717459759039868 0.1087041232427115
0 0.5183217203016229 0.5237953258627619 0.023385240469369295 0.023814279797926052
0 0.6327856487792429 0.632483483970339 0.10116635546154595 0.15996986017717474
0 0.6225741206618893 0.5224996645922908 0.025309639692334795 0.01635190039341572
2 0.4918848208361212 0.5984370145245066 0.11616252355311169 0.16292062824771658
0 0.3638032828597574 0.7746984359799144 0.2643150016078012 0.3475869437406576
