7 0.46587098824126605 0.48804797485349716 0.00222563355428379 0.012091144904880446
7 0.4644786162091473 0.47634766410169704 0.0022470112429178735 0.011209548918086787
7 0.465815140283814 0.47733559638793677 0.0021555291299488744 0.010774561537249039
7 0.4528119540706754 0.4835561449806963 0.003099772779935117 0.016025126484670082
7 0.4557320170145814 0.47459730079489904 0.0024366917695465284 0.011981147269801984
7 0.4537903496406872 0.4733724729172919 0.0025539696292822267 0.012521446721220408
7 0.5334325951792327 0.4883872503323727 0.0022213954923469004 0.01201987702501972
7 0.5055246358635841 0.47903114713178363 0.001935125226626755 0.010143736653463686
7 0.5328608111601604 0.4981201543030994 0.0034746738431052915 0.004327354523783633
0 0.7913484807286011 0.5178008789790596 0.02555474714738759 0.014793082892139986
2 0.28075601343675505 0.5152492419834174 0.039498419933333195 0.0204695408539467
0 0.4228288210371825 0.5228214569023604 0.019281226719613742 0.01836955988622535
0 0.4777427288585485 0.5168270553733045 0.02372663182274415 0.015231292431083898
2 0.2331624398830988 0.515251460384323 0.0407126437113417 0.020467046421509205
0 0.5003482993140715 0.5907799887276624 0.06128232799533134 0.08702349698942169
0 0.5005345382200724 0.5232932169535448 0.013925295021016693 0.02099223128530303
3 0.2730017713056755 0.5141316880668667 0.04167242331306026 0.024564150890445058
6 0.3635664994388469 0.5132916763191203 0.0024203070748243793 0.015842696644615906
6 0.27711642294019434 0.526099718674552 0.005542303689636985 0.033885181523006014
6 0.537683980762019 0.5171312867208429 0.00305614945835031 0.021275263739421568
6 0.3340681541128955 0.5192584777881568 0.004030749286340729 0.024252859359727208
6 0.33185319181713613 0.5153099689346706 0.00249709345848953 0.010805494136461702
6 0.4071476387805034 0.52396201921115 0.004764891431551899 0.013226216066638874
6 0.5673915827759934 0.5228370169568592 0.004039460993774058 0.02932086123900224
