7 0.4258747561541266 0.4471512091905956 0.004914589792328783 0.023232301157571467
7 0.3759662467468122 0.4516375779323175 0.010463423736177369 0.04255706744216292
7 0.400800911231464 0.4391606739069913 0.0058860740237619 0.026810749527822086
7 0.3905918312018284 0.43279386066916065 0.0066042135395341095 0.029675084716563882
0 0.5803600504452513 0.5312389966828017 0.04162615952551629 0.02961002150897163
0 0.627718396534729 0.5324387251123033 0.059218864461928256 0.03564887103186454
0 0.500016038147141 0.606142840110115 0.07758475117550023 0.1154677751179426
3 0.40191866112192054 0.5740928994688655 0.07083656871607985 0.1123297451150318
0 0.5365129092227945 0.530382616759373 0.05446663813769381 0.04049786207324979
6 0.35831420382076573 0.5425185736952083 0.007434521846858777 0.060062113976827036
6 0.6220323201009219 0.5317932250174087 0.005955938211195 0.04283876157147648
