7 0.4187773811865654 0.46597253910991393 0.006205318931001458 0.028665206718703318
7 0.4022406935511647 0.4291490541577932 0.006727309649387725 0.03079272583934134
7 0.41164382686278433 0.43597205071125544 0.00598068738003138 0.027719849743122194
7 0.30432847294686394 0.42222477528500374 0.020086210500263102 0.06848331494384552
7 0.3626127641618816 0.41455827715039506 0.00863715797812259 0.03740873475410195
7 0.3421491626430698 0.401834349836802 0.010237794404060863 0.04322797306537579
7 0.5760735148845126 0.46703741928189746 0.006071966776504567 0.02825478377551327
7 0.5114263814867348 0.44512553697914314 0.004562248578249162 0.02389129898273773
7 0.5746814674656575 0.4896858351706729 0.008230444156650418 0.01004756477104446
7 0.5719518193261225 0.5204821283053305 0.001205126974759052 0.003977469643922205
0 0.5003099368096774 0.5992411468671485 0.07285384359419161 0.10853010753070325
3 0.4070591073188543 0.5657671632526386 0.05939614956262268 0.10105145658872694
6 0.003644927938050229 0.5673963265119156 0.007289855876100458 0.09443550113739518
6 0.8626783135302167 0.5768140119162962 0.022469637002588527 0.05252960130980222
6 0.6586015369116394 0.5245999221220722 0.005500082289225605 0.03646525755101915
6 0.6963477921546488 0.5508862474372102 0.011084868548791982 0.07403955677994434
6 0.63555164201789 0.5361792110806616 0.006602194709872666 0.04759525723080227
6 0.5905827894442108 0.524077151567466 0.004710861667597155 0.035720268931641486
6 0.6979047650248649 0.546790496144579 0.011034592515627106 0.0678865462847249
