7 0.42001457530922387 0.46780326817403883 0.006040983165226277 0.028061722118722987
7 0.4043537459591595 0.4321275688735725 0.006523489212847455 0.02996948343447653
7 0.4132946813113273 0.43861273678660534 0.005818428653010244 0.027050861619438482
7 0.3129208733975978 0.42698926824714123 0.01871720546141359 0.06514419548913736
7 0.36647308648332194 0.41836718162444836 0.008309659971140193 0.03620212059882755
7 0.34736284623487124 0.40649004079470397 0.009785503928900374 0.04162520060855163
7 0.5740876852223379 0.4688444219713611 0.005911551078217281 0.027661228378820013
7 0.5107629043030464 0.44738496656809745 0.004465902758502782 0.0233893019614016
7 0.5727289644821283 0.49102565440202606 0.008054077917024283 0.00984151319820642
7 0.5700557319605384 0.5211932921069176 0.0011780145516560037 0.0038958969165796553
0 0.07862267462845306 0.5870225618142231 0.14044892355554298 0.09262493463584487
0 0.499006917722998 0.8040683517282634 0.35081297723015714 0.39186329654347307
3 0.2617581300698988 0.6894186037620801 0.23000920878523728 0.30883463997725324
6 0.5458592887099611 0.5876034853752766 0.015432441335598068 0.054703684863360635
6 0.1287331890343193 0.5460561774498942 0.009067788972983243 0.028244018832198403
6 0.6214067729979718 0.5255542598700833 0.005917382477609534 0.036218686095291996
