7 0.6955545801070107 0.45816679755087136 0.016352834248583248 0.036888069349964914
7 0.5555626313249826 0.42887151562478776 0.006087540958248594 0.03190119489979626
7 0.6114300324221034 0.42890785001455706 0.00674314484959293 0.03188572532759493
7 0.6902834588435109 0.5286151777377566 0.0018094840938235324 0.005262986009249793
7 0.2989568407323916 0.4702372828000225 0.011782173795833406 0.026374049811495937
7 0.25362312347660465 0.43691564926176674 0.007382592106574548 0.028252905449156984
7 0.27569840364094667 0.44270391956470045 0.006503547296549561 0.025644581965685476
7 0.24283603678439084 0.458239393645153 0.01704265389815457 0.03680849268870945
7 0.3846202624318747 0.4307562110737808 0.006577306455174847 0.031042769828189987
7 0.33008893526443045 0.43072164206666513 0.007211628942885628 0.031057443088212455
7 0.821916547840253 0.43005133880248814 0.029487740661178652 0.06159965041746246
7 0.7126736258134874 0.4205444642467794 0.008857429647626813 0.035696131632381556
7 0.7432945113443074 0.40907082917009774 0.010580150765240992 0.040956910462722596
7 0.8150608701735587 0.545905630165197 0.0029970734026777412 0.008675091625289233
5 0.07559269927566306 0.548735813503653 0.04998161862570162 0.05010054496636274
5 0.40379736561996615 0.5392940683526908 0.015880451468406165 0.04123589147545148
4 0.8498445076939429 0.5541839011254135 0.039517715214878124 0.05520546551473837
3 0.035697940621479574 0.5404005770370429 0.07139588124295915 0.08895599676266941
5 0.6483658196438369 0.5480411380935957 0.035190170403316845 0.045590051761425054
0 0.8288441226061817 0.7965712039177727 0.34231175478763665 0.4068575921644546
5 0.10381491233015033 0.5386417406162117 0.03885396608622692 0.03942051880284492
6 0.12928064256254723 0.530164704376521 0.006550741577485808 0.024064205575949127
6 0.6779097385901915 0.5237664969885099 0.004903587280816302 0.03239794441500299
