7 0.6955545801070107 0.45816679755087136 0.016352834248583248 0.036888069349964914
7 0.5555626313249826 0.42887151562478776 0.006087540958248594 0.03190119489979626
7 0.6114300324221034 0.42890785001455706 0.00674314484959293 0.03188572532759493
7 0.6902834588435109 0.5286151777377566 0.0018094840938235324 0.005262986009249793
7 0.2989568407323916 0.4702372828000225 0.011782173795833406 0.026374049811495937
7 0.25362312347660465 0.43691564926176674 0.007382592106574548 0.028252905449156984
7 0.27569840364094667 0.44270391956470045 0.006503547296549561 0.025644581965685476
7 0.24283603678439084 0.458239393645153 0.01704265389815457 0.03680849268870945
7 0.3846202624318747 0.4307562110737808 0.006577306455174847 0.031042769828189987
7 0.33008893526443045 0.43072164206666513 0.007211628942885628 0.031057443088212455
7 0.821916547840253 0.43005133880248814 0.029487740661178652 0.06159965041746246
7 0.7126736258134874 0.4205444642467794 0.008857429647626813 0.035696131632381556
7 0.7432945113443074 0.40907082917009774 0.010580150765240992 0.040956910462722596
7 0.8150608701735587 0.545905630165197 0.0029970734026777412 0.008675091625289233
5 0.43733942443354246 0.5252832806776169 0.008813694584397513 0.025912803835241194
4 0.5267020302553973 0.5460697845042046 0.026775740779659496 0.04722049950023377
3 0.035697940621479574 0.5404005770370429 0.07139588124295915 0.08895599676266941
5 0.47264676876427103 0.5313430661753533 0.011780220422490273 0.029428739620668054
0 0.8288441226061817 0.7965712039177727 0.34231175478763665 0.4068575921644546
5 0.1050416816746258 0.5386427465199335 0.038848539926015294 0.03942570259203515
0 0.3285756326752751 0.5716096976716305 0.08541715049746235 0.08446195681492508
6 0.7375750201730642 0.5240397135296764 0.005425689407921985 0.032782350398309124
6 0.03325722228910504 0.5308424220586414 0.007200167269033816 0.02465647667501447
6 0.03219540935935988 0.5230668057399893 0.006836872973109167 0.031446445504995646
6 0.6046432602393954 0.5236778415924592 0.0043349706631600204 0.03227627235638275
