7 0.4198771303944263 0.4879307061231193 0.0028418881083882575 0.013007676877473895
7 0.41342990409037406 0.4751067754503669 0.002647197284617764 0.012148809843571917
7 0.41694372822184733 0.476278871432876 0.0025229033360279485 0.011639548191159976
7 0.42066138092527383 0.4984306365017417 0.0038640574884911127 0.004699276896625693
7 0.533788542985989 0.4881502095110521 0.002342484039342785 0.012611067601652426
7 0.48553962105478976 0.4783261161123364 0.0020521503969812005 0.010642351219944168
7 0.5045440266874918 0.47833119291960313 0.002028906736263325 0.010640738144554851
0 0.4669465517758048 0.5338331268788005 0.022101567673892875 0.02712293886818995
0 0.6322014239974377 0.5190478305263656 0.02314279457345192 0.015543487380252019
0 0.6301996047159942 0.5202847974880527 0.02901280086656466 0.01599270562872379
0 0.5015473299258648 0.515504289169272 0.01126055264043102 0.018664038934438243
0 0.502393329767628 0.5422439576837834 0.02804492235563849 0.044909238412435326
0 0.4714194749482571 0.5292415984201575 0.01806150524711997 0.024238721010041542
