7 0.4662474926085931 0.48536249193450176 0.005380800767865679 0.013486069875859319
7 0.6499549004336446 0.43560586861234607 0.023614761364988412 0.05528525646789839
7 0.44050841479194747 0.3856555516180315 0.009044557739432246 0.0516989805640955
7 0.5275535768691422 0.38818223518745254 0.010165019430861899 0.05029588135569757
7 0.6428254631248094 0.540235877817386 0.0026538284649056942 0.007882414818991323
7 0.9561452299673223 0.3432629751579924 0.06415646805376363 0.13679173711013293
7 0.6830259163288396 0.37137689081482234 0.014356625824965219 0.05775290144938661
7 0.7458980193136755 0.3397145989496656 0.0192224372820764 0.07266090526644675
0 0.35458484061598594 0.5312553330943048 0.028106203346421943 0.02901266462872154
1 0.8303235038244567 0.5083902929830244 0.21522063723469242 0.14567708348671576
0 0.4023071926248186 0.5176691940316076 0.01343797470890229 0.019091878640081106
0 0.3999121896154057 0.5231094289883148 0.015642909347716172 0.019802533638471953
0 0.331748375456268 0.5273530860793498 0.022160876046603828 0.025774599737114934
0 0.3189103080574539 0.531268174893129 0.029442557699700722 0.030170873680386512
6 0.4786876821106024 0.5138927545650669 0.0024000153904189525 0.01826237173036871
6 0.9462149190693798 0.5233781747660193 0.0077651983038106165 0.03605560956763598
