7 0.5678231148203493 0.4921529601363744 0.002794737619767451 0.007161642574578964
7 0.5687137851933051 0.48575234266485146 0.0011285237642617574 0.006405516438793446
7 0.5687966081472638 0.4860866389863697 0.0011033172089558452 0.0062625165124024496
7 0.6074144999414459 0.49076824244443507 0.00336344807732758 0.008326937888648467
7 0.5750011557666024 0.4843859357644602 0.0012301586160364808 0.006991802072199016
7 0.587691816201764 0.48433305151669526 0.0012722096477637557 0.007017123611523235
7 0.6543475567573669 0.48185059268528607 0.006660736781774812 0.015773341539716157
7 0.5929492640938003 0.4699925411192529 0.0024071862011958434 0.013196383107067666
7 0.6169540421915161 0.46979542031800403 0.002557335696078522 0.01328687233678344
7 0.46374284353978357 0.4828070581483448 0.006109027618622587 0.014896466807597986
7 0.5208874197583553 0.47093450665293546 0.0024337791951802856 0.012773176725473456
7 0.4984156554668227 0.471116759672416 0.0025101765985872104 0.012689527937277734
7 0.5241881222251115 0.49097230849133144 0.0032416713974875444 0.008123521738510109
7 0.5236275552287224 0.497587829151528 0.0023691020425742337 0.0029371609025205525
7 0.6699085514394294 0.4780076970080398 0.008133389102778388 0.018994567100074633
7 0.6593424694914412 0.46636195274938674 0.0031043913268259393 0.01478572921705762
0 0.5520269347226768 0.5143322258172771 0.010993599629258055 0.012993841873963796
0 0.5702069528273392 0.5104335787474206 0.007308289598087048 0.009808112839861938
0 0.5443074508417556 0.5212911651127075 0.020315438315296253 0.020278270152062183
0 0.6010141838737029 0.5285707696971793 0.0209170885159623 0.03020843286949315
0 0.5698892501804204 0.5112711335641067 0.0068548024836767585 0.009856518711085616
0 0.5658377423805552 0.5286618969747949 0.01868078793455641 0.03033602491195664
5 0.5394025380366292 0.6700874214838917 0.05137906216983357 0.21053394144422477
0 0.5825463910288815 0.5108653300648806 0.007177223772260932 0.009699654753361875
