7 0.5366494223058478 0.44334792365394127 0.019933114348822722 0.04898073273459802
7 0.3445008591276404 0.3923685993468099 0.008587403370479363 0.0483629623424518
7 0.42697463139297026 0.39773528783795986 0.009060169842293742 0.04583957220629481
7 0.5302796716183078 0.5356848232029103 0.002227782794975375 0.006962821115164997
7 0.035801694752038114 0.37721727494801494 0.017003159809977506 0.05554619238377828
7 0.7284709585112341 0.3881883099576116 0.040290741053852 0.09921380303654326
7 0.559973954286968 0.3901061035230935 0.011300510622545112 0.04943017142752326
7 0.603391229911737 0.3690782664889589 0.014071676316245507 0.05944124392444755
7 0.7168834733924161 0.5683494392667565 0.004525473623488208 0.013610113211863006
0 0.09998413009083579 0.5986043515272093 0.09418772533669628 0.11119991899468651
5 0.333042314011915 0.5928193545634145 0.027203941302384127 0.10577338792269098
0 0.8496429150500421 0.5640661770179838 0.12136593316385658 0.07400939933577733
0 0.632239135837503 0.5420923973882262 0.07891744331651396 0.052802805276757514
5 0.3389742899042264 0.8036062137266156 0.09887191849820948 0.3927875725467689
0 0.6357575186548653 0.5343201695223307 0.08262878586680245 0.05436966101379037
