7 0.6202642278568908 0.4808669249324128 0.006896563678884249 0.016546382575093832
7 0.5565320418565332 0.46814872687044895 0.0025411222821477564 0.013980080996444821
7 0.5816000223485569 0.46804264920630057 0.0026891303854492676 0.01402631863722148
7 0.4272896274214555 0.48421420451386155 0.005658588877342718 0.013691231367537027
7 0.41857495034922454 0.4814323185741495 0.006672133401224911 0.016069291652420825
7 0.4802317448090784 0.4688668524509112 0.002608417801129692 0.013665580709896319
7 0.4561200568743179 0.4689676221503951 0.0027157873305147517 0.013621688725418968
7 0.6381705635948407 0.4766421913776345 0.008524738268233079 0.02016557483599507
7 0.6214163964355555 0.46629841716328235 0.003068119368221489 0.014793411468252138
7 0.6371911314379048 0.5152134406515303 0.0006770335179279163 0.002866657341439649
0 0.5865246272184008 0.5334854127466011 0.06220584475984703 0.05227219007401429
5 0.5292471357718708 0.5336222386013131 0.01027759659556704 0.03448869490991657
3 0.566052276914677 0.5262513927928141 0.02449292166789785 0.039584607444524744
0 0.5507306718333573 0.5166427418332629 0.012842521998948309 0.017827539032803208
6 0.9936503349583966 0.5902900552378295 0.012699330083206783 0.0613804189664231
