7 0.4467900123671069 0.47772304000826227 0.003732984451911725 0.018907024144531936
7 0.44128537830633496 0.45710972506389047 0.0038484191067848506 0.01857299133637541
7 0.4448718271618889 0.45975025501241606 0.003588940870990154 0.017408642086289394
7 0.4104856185181481 0.46427885678630276 0.006835315178540191 0.030682415649330885
7 0.42348066742827606 0.4520915680937161 0.004427685283294014 0.020791145998410088
7 0.41745303326272876 0.44829615461868566 0.0048262216823040105 0.022473635434354045
7 0.410822505667817 0.5219545982182877 0.0009593849296256618 0.004285516003315948
7 0.5516340211922435 0.4783298184688143 0.003697980961663405 0.018733754236621325
7 0.5084115030162564 0.46377183279842993 0.003018950647945551 0.01581948448344561
7 0.550729344935531 0.4934324120907146 0.005432189545386934 0.006709096777287704
7 0.5488750662959052 0.5140099333982581 0.0007829125933669356 0.0026506915315049895
2 0.5008855108153667 0.5265769671194218 0.06577407757276987 0.14002858726872092
0 0.44030196987068493 0.5511861447826157 0.039266650931852554 0.051461087351324375
0 0.6111243209307464 0.5226176970560295 0.044278431227757875 0.02445812022932725
0 0.5009544122049294 0.6385479134994644 0.1292297743049876 0.2333188496994003
0 0.6230451467432647 0.5250538017327941 0.03656017517315435 0.023233974136329993
0 0.5004810335338186 0.5825259073118387 0.07076348941794086 0.10270126012354197
0 0.14198364761357313 0.5265153372957891 0.05718639600060847 0.024931653525221087
6 0.5592022083028894 0.5376084362111295 0.005139293943364431 0.02972163988622123
6 0.5387054690815181 0.5314937981572534 0.00512240218359139 0.041123194388069106
6 0.11301488681286834 0.5166392418053352 0.004871521738767745 0.024176954740558476
6 0.3802383512445363 0.5164635180110088 0.0033823361949121278 0.023915631572165585
6 0.5775303882358639 0.5294346012563349 0.005222227138279134 0.018142838302646624
