7 0.33448809620270614 0.4598675007923967 0.009724580200760169 0.034790859143516706
7 0.2830503426540918 0.41019946053355183 0.010223748142295763 0.03968771222053319
7 0.3094648263467382 0.42115003103047255 0.00866815075291022 0.03472745095535518
7 0.3357052228068187 0.48748249584190173 0.010662718087295964 0.01245439629220696
7 0.33341703449398324 0.5255503240531627 0.0013179987466805931 0.0049454674248515795
7 0.6264218375370396 0.46224960155253675 0.008062008577988 0.032164680932032064
7 0.5056248613478657 0.4373543712546687 0.005108034823907426 0.02717661051814635
7 0.5535216682338212 0.4373616072122397 0.005551695642078025 0.027176532776262252
7 0.6217901994867902 0.5228486416926577 0.001443124929368933 0.004510974390894762
2 0.9611655633803153 0.5467564455231391 0.07766887323936922 0.0758017809807866
0 0.3264535195845625 0.6480243718553879 0.1608930160437078 0.18140910517125985
5 0.5740019183133448 0.5256994187009947 0.01372577779873807 0.024255654292358098
0 0.23138014264066942 0.6092634855890748 0.16607810836559977 0.15079901709864163
6 0.3575272418857389 0.524818398376224 0.005169787231647571 0.035590165557210396
