7 0.3641086356968226 0.4755263566665343 0.005525181689805592 0.021497141847124923
7 0.3424317059857298 0.45093299688505184 0.005179317426390051 0.02159912262443614
7 0.353284834248349 0.45450180187576683 0.004735852442135535 0.020040481217842576
7 0.36507502689247173 0.4927538235060779 0.0065376871713229145 0.007736072432251551
7 0.549840158084512 0.47638738947664505 0.004049762451737382 0.020394261210296916
7 0.472281428560161 0.46051538419644333 0.003367724942986927 0.017237535752804678
7 0.5028966342485269 0.46053377539939366 0.0032743443374387837 0.017227383610063207
7 0.5468520762516038 0.5151416355786879 0.0008520799691097425 0.002879081746233192
0 0.37113654099286003 0.604023039656249 0.11511559079363842 0.13320689232275695
0 0.4981343138822969 0.562751092712224 0.04584403532460413 0.06784404542151123
0 0.47505241412680466 0.5241585876813305 0.02493709509898956 0.023595997190712703
0 0.28314733030165135 0.679423256758358 0.18933683387675737 0.22294860294504015
0 0.4976457992409885 0.6829457047135861 0.15430204050858848 0.23311556569194358
0 0.42484715517609817 0.5596471457046406 0.05439034786866642 0.0710083208718828
0 0.4979339158329156 0.6000135859458144 0.07986946449879029 0.115975223958253
6 0.6849510289796479 0.5507100750545206 0.011412937848596538 0.07376141764219868
6 0.8235461617050108 0.6013011424450871 0.026523291150934214 0.14974925261556682
