7 0.4228410700068763 0.4700510627647915 0.005404263421320166 0.02563053105373525
7 0.41042415270967003 0.43873704525854107 0.005752360898150066 0.0267514353477441
7 0.4176530525658822 0.4440028981803338 0.0051955288842956415 0.024401335561964388
7 0.34114895522595967 0.43899122866176316 0.014237405066756914 0.053404173117397646
7 0.3789651763014652 0.4278901339339128 0.007115605112643086 0.03161744212020379
7 0.36455526284230766 0.4188968715756884 0.008180969108146752 0.03567748942138038
7 0.3427655511948362 0.537476265372745 0.0018854905438489555 0.007335910681348756
7 0.5637573373163144 0.4710346890909828 0.00527567898133019 0.025241147966143407
7 0.5058700210475037 0.4514011744512041 0.004074556443739441 0.021355880753442247
7 0.562524445591501 0.49130027630587936 0.007331981314329883 0.008996236013445624
7 0.560071823755447 0.5188766953085189 0.0010682313630931972 0.0035589362972240357
0 0.1561696901650099 0.5700894792491003 0.10892518320970383 0.07280874638241985
0 0.16650882586588484 0.7981352030468731 0.33301765173176967 0.4037295939062536
0 0.4946607542677588 0.6412550447329669 0.1107043283618871 0.2105116574424124
0 0.3352307863505335 0.6381947754989428 0.14156192453909272 0.16631372562267577
0 0.14954403252017154 0.5347401886872576 0.06763055354152982 0.02733448911375702
6 0.5099257095200203 0.5562447695420802 0.00905651544638797 0.07326785495822885
6 0.0579347568248567 0.5645691348786444 0.017141291164214263 0.08432291296356331
6 0.18536773960223257 0.5228416732482576 0.006221733492485865 0.033049944454088376
