7 0.4588989691427934 0.4698386310731718 0.0025915780443293013 0.012834455100683761
7 0.4606432449058804 0.4711297964805238 0.0024707708598412648 0.012267419957564696
7 0.4439689189315771 0.4774175135821084 0.0037679292096730044 0.01890933605587758
7 0.44839528736101314 0.46751453458318515 0.00284601826551667 0.013856319833469577
7 0.4457800610663387 0.46586146372033177 0.0030069844748290553 0.014584091481387562
7 0.5372071494761167 0.4838419078128846 0.0025468459515189945 0.013570780062322207
7 0.5057479001509753 0.47327924079831674 0.0021850424697351656 0.011455352032284205
7 0.5365582227908394 0.4948186483358782 0.00392488882741493 0.004879228152589288
7 0.535196316630832 0.5097909262447249 0.0005606708546502803 0.001925994242136686
0 0.4433662048804582 0.5177292268128953 0.027311877324559364 0.01666571555359031
5 0.35227148212184917 0.518225426083497 0.012949589307820086 0.01902324371561126
5 0.48526428949578004 0.5181196789930738 0.014395220914497686 0.017856592729310616
3 0.5011233726542655 0.5147608555009566 0.02815916813515984 0.02287569283889701
0 0.23065372613701773 0.5177609282508366 0.036896963205725775 0.016872097165792743
0 0.466696966189467 0.5286518419168494 0.021450710626001623 0.025544609361752624
0 0.5001459149582431 0.5270727255349492 0.017900026851553674 0.026899013609469558
2 0.37867328451601967 0.5143911905599317 0.04250005770254467 0.02356872520303943
1 0.9506578899709234 0.5064436023375213 0.09868422005815325 0.10883642441881314
3 0.4325945915121585 0.5154584750311912 0.030892688011937064 0.023918942624980954
6 0.5784062185882264 0.5167717150771598 0.0036177444402248904 0.024794491571701327
6 0.5566121938534373 0.5146132862804769 0.002345928945749698 0.019520108138223136
6 0.8667519653948582 0.6040268435913428 0.028629316782205372 0.1503268076413895
6 0.35414509650469694 0.511673867396831 0.002569483965875252 0.01753068313552042
6 0.5607334960348298 0.5152223857156957 0.002613705700822422 0.020717305293596056
6 0.4897128042862655 0.5183135479105595 0.003030789350954244 0.025418047981726755
