7 0.7069916364573707 0.4371537814026582 0.02306424208170499 0.05183249143951485
7 0.5105156542166865 0.39599561098439495 0.007729861365137092 0.04518090334192432
7 0.588880132335856 0.39595377240048135 0.009045286640743999 0.045199208156560866
7 0.20750563850158948 0.4586152096620699 0.015699914289960953 0.033031391183789005
7 0.16018383546261683 0.42158547843091965 0.009901805634353916 0.0334209608121529
7 0.07845019501966875 0.437853550411207 0.026280866354962823 0.051232808598415946
7 0.27601424123419394 0.3999829803974115 0.010882529727927137 0.04333748290246253
7 0.9558685612643132 0.362650409713121 0.06083585911613254 0.118724931595872
7 0.7337510557317859 0.37848335816996914 0.013452410153934502 0.05334726861890565
7 0.7861242417395233 0.3517529354952901 0.017741296982407118 0.06600123241733385
3 0.8615442872068297 0.541683597678863 0.1056824056569925 0.06723539259967715
0 0.3314759041750759 0.5908152124388983 0.07834981621078879 0.11724565325378977
0 0.9350391740164329 0.5420216788314308 0.10906773128022684 0.04857545237892347
0 0.9587099450351737 0.5438805848020087 0.08258010992965248 0.06216972037338431
0 0.8217507970466484 0.5441696112481788 0.0843458325420775 0.04388070098602581
0 0.49974068977581776 0.6379684583426446 0.11125669004147148 0.21176958948839997
6 0.2612207696842922 0.5251781069005388 0.006359826658052459 0.040080932469967356
