7 0.4975974611037042 0.48909420728083797 0.0035037768827043125 0.009068938652817216
7 0.4988039439330407 0.48070528226129533 0.0014340295255450553 0.00825031643305485
7 0.4988724583508549 0.481250332388862 0.001392727969960983 0.008012234973569732
7 0.5490553130931599 0.4869774765627183 0.004356249076913787 0.010881802632279614
7 0.5071753373945558 0.47844672344051087 0.0016168947580481596 0.009237855839281328
7 0.5236799390281334 0.47844506632852657 0.0016747238904979422 0.009238587775511342
7 0.5474349304261951 0.5079285409411491 0.0004586113495628208 0.0015551408581023773
7 0.6548884768768506 0.46635738788514997 0.012359947509604896 0.028646305139452655
7 0.5456650116758357 0.4437732091700247 0.004603215018807449 0.02459865277386758
7 0.5890590300801424 0.4437616369658251 0.00500275408258366 0.024603860034703495
7 0.6507265842372882 0.5212015426487462 0.0013492238645954613 0.004088372622072511
7 0.33635426904379767 0.474287409153339 0.009490831125944621 0.021791818538097807
7 0.30722178529535404 0.4489083079710212 0.00542097262705632 0.022299987542704625
7 0.32139024146688094 0.45262266200388646 0.004915995966870423 0.020642499320163987
7 0.3356553401137289 0.5161948367671123 0.000838792579332337 0.0031404625261944874
7 0.3031132214812937 0.466567337703145 0.012664804715875444 0.028464189009640095
7 0.412716727210545 0.4450148732635486 0.004892824177661292 0.02404204794494491
7 0.37032924639383025 0.4450259180586247 0.005270721641747078 0.02403708192399423
7 0.43997119868946344 0.48700064395103587 0.004392457125501792 0.010861873129908495
7 0.44318341023346786 0.4801856567625038 0.0016508772043496989 0.008477355932390795
7 0.44137028733441575 0.47957491619976556 0.0017084490338054592 0.008744340303804832
7 0.43926559585889635 0.4958475395558074 0.0031980521481977386 0.003924178917058263
7 0.7212354440298453 0.45144628306153856 0.01874541229191573 0.04161024253005474
7 0.6635417343562293 0.43878966671392816 0.0061916324722187666 0.026837282087369407
7 0.6804804934238928 0.43242539137443886 0.007024633023062998 0.029707327942194994
7 0.7178096019115581 0.5303709227657618 0.0017274878534224714 0.00588790944252271
1 0.47801533235728805 0.502927624105483 0.02754531625937462 0.05004578795876613
0 0.6129970766445195 0.5271789852817892 0.0526674246616865 0.036092841884275084
5 0.5006621157683446 0.5142434646103016 0.0040521720752452195 0.015462233082356946
5 0.5870988657487657 0.5288603833623706 0.022759513450347213 0.0270031456488794
0 0.5013366303322933 0.5123208924771936 0.00927610702690329 0.013472776620804927
0 0.7811418375981997 0.5283701122127044 0.05965811289297429 0.027925707692683766
0 0.499892207667603 0.6496700188692958 0.11812419197979579 0.19942930416833815
0 0.7491893894420412 0.531923679093742 0.0540789614074928 0.02715938684567576
0 0.4525154578678171 0.5175108275486493 0.015191405355919618 0.02336126146218831
0 0.516892923950458 0.5135655711827269 0.010415191637665022 0.010811019278432865
0 0.5008551672309491 0.5118109379024859 0.010642635954024371 0.018166634598420384
0 0.6220573748925171 0.60082346762156 0.1058789289447416 0.12772999138451657
0 0.682822079706352 0.5252136928894766 0.044129760385331895 0.03342711552919042
6 0.35995236499263417 0.5451288653327431 0.008374007153742147 0.05814644114075029
6 0.4150994215610551 0.5118552314319116 0.0021531406365773442 0.009958990328922446
6 0.20376968581413757 0.5187938457165466 0.004909440161361522 0.027113667495803573
6 0.4163745342874149 0.5127735856505703 0.0023233774830577203 0.018544606754448134
