7 0.5743977543034618 0.4792471633754031 0.003908529718131826 0.0181583113101505
7 0.5326263555100075 0.4651324647994888 0.0030579923417536348 0.015333488320647903
7 0.5735037926643465 0.4938898801607964 0.005332074810492027 0.006505575090723248
7 0.4729530530811289 0.4786612047791109 0.0032460071915976774 0.01832595469407622
7 0.471983351627094 0.4588620809258285 0.0035197827668883575 0.0179098082505757
7 0.47357658884286347 0.4613335563496548 0.003300093988122088 0.016824680397358405
7 0.4538704927817424 0.4661811339339278 0.005540126064325079 0.029181681353627864
7 0.45841504065817407 0.45419390450903596 0.004010378235220047 0.019964223735456088
1 0.6718260257495058 0.5042624792693279 0.10113258120444568 0.06826956975009169
3 0.3148468760651988 0.5188662418241254 0.06178595101807344 0.043349836615642456
0 0.5000613003206538 0.5540029270510819 0.038423705369801 0.0529348322367269
6 0.19128721723072567 0.5346551214106099 0.008704927260151984 0.04991277842206154
6 0.6100244847928635 0.5282894426828262 0.006624943428675034 0.04070672751464477
6 0.601067521003522 0.5206434837317249 0.004276039441346802 0.026568521122786626
6 0.2660947312959262 0.5281247303995072 0.006929216632613977 0.0404263717089588
6 0.6351513910943135 0.5344376657485608 0.007952878615278713 0.022976447457542015
