7 0.707731349659679 0.48317717554316075 0.006422905787580868 0.014823440753818973
7 0.6484797831429054 0.47233742542669677 0.002236340283787386 0.01222697681283641
7 0.6714302833872073 0.4720443427678634 0.0023918067013810607 0.012373925820092113
7 0.5288213816455325 0.4844559577391958 0.005515707927764568 0.013452173961465419
7 0.5810129770964017 0.4734847378081163 0.0022778393920184214 0.01167013445514059
7 0.5603422971636098 0.4737455152413289 0.002316758860839485 0.011539337310001951
7 0.7190242181216565 0.48001355485773145 0.007689570038247995 0.01754118573578084
7 0.7106499739640575 0.4689810619389052 0.0028984742558181287 0.01374980033590284
0 0.55401575491495 0.5401618051417296 0.03795823391272968 0.04585970231600123
3 0.6182205656952275 0.513523962242505 0.04069453243101384 0.02720498944979577
0 0.8562081504441288 0.5395814061174287 0.08869581267659754 0.03531677266980715
3 0.6435378353196212 0.5084992240511925 0.009353120757600086 0.016568784290803884
0 0.6298429376436325 0.5113770220524163 0.0075195539856838245 0.010942210255886486
1 0.6157228184392195 0.5023331976120499 0.017707966035341416 0.030311470582575495
6 0.8494378456044415 0.544882409247982 0.009543447317780895 0.06373212102622494
6 0.8701388472609441 0.5431430148326646 0.012090661650072332 0.06105936020568947
6 0.5805716251695727 0.5086023166115337 0.001609230815580065 0.01175162540029695
