7 0.5985594218256878 0.4710270215318465 0.00575892122603705 0.024650864687309704
7 0.5422726887035014 0.45187705036475007 0.004219048922373347 0.02084007432897339
7 0.5973199002247558 0.49082349690813537 0.0072876423582607375 0.008788747760145932
7 0.4614546669106806 0.47011050030005563 0.004584285090038442 0.024986539298336552
7 0.4578115828604509 0.4398644065165996 0.005173675061696303 0.025921926954627472
7 0.4610796666554522 0.4448509498930977 0.004713445235757507 0.023709160771065663
7 0.41934499951413673 0.44110182567877815 0.010682806958809021 0.050683054107143355
7 0.4351635831399083 0.42968568033851207 0.006294968873487572 0.03046057522847684
7 0.42776864527351577 0.42132291697564195 0.007136519605180414 0.03421168692139187
3 0.6035665954362904 0.5278454497847468 0.08884957503338042 0.06575305052892305
0 0.4979892924016085 0.6596629293453475 0.12295628735268599 0.19309838236674415
4 0.783498622361215 0.5321796499281328 0.023481150902701198 0.034303780367549
3 0.7817018544343739 0.5260066716715519 0.061241333225471206 0.04048461487105881
6 0.03951129049972797 0.5457799796078309 0.014567829733716071 0.06738991058742982
6 0.49076179634605144 0.5527533986351237 0.008651199010190957 0.07404879050718138
6 0.6876468536651824 0.5340282830705128 0.0076933291297049955 0.04793451685046235
6 0.07781186614168159 0.5496176376210351 0.015171090827275635 0.07302527443191675
6 0.48277456448869627 0.5627818781757128 0.012160538199416593 0.0423132487972967
