7 0.4014919123514563 0.4802378606774764 0.004399479337262202 0.01934558361784472
7 0.38921390772385506 0.45898291262468016 0.004265069567558233 0.01907352477882801
7 0.3957626264531482 0.46176654446542065 0.003953614531460314 0.01784779127488051
7 0.40258723927985895 0.49577575641483634 0.005775075100309113 0.006970059448094035
7 0.5678807641018795 0.48094934270815426 0.0039532774499229095 0.018414840896479434
7 0.49790239953429904 0.46657284138515737 0.0029516050569113883 0.015574904810603973
7 0.5255751033986329 0.46660311162491797 0.0030960715986805276 0.015561911662124561
0 0.49645405231658835 0.5788336649470713 0.049703821812539184 0.0837989105143323
0 0.4969387596300574 0.6222085794820049 0.08266003605671829 0.15042430027056886
0 0.5730066897770383 0.5624300129144157 0.05902737424625215 0.07777214177852365
1 0.49486119488755814 0.5074182447872838 0.03452766472617064 0.06619475756974352
0 0.7764197821065358 0.5248881938330656 0.06033090983511413 0.0338364877448698
3 0.4963998290801458 0.5455187048886432 0.042728439921073225 0.09785052572619901
3 0.521551137129974 0.5209023493917762 0.015866383432045383 0.027342291729291923
0 0.6253843045657602 0.6095625969462997 0.10012823230487045 0.12932510998397584
6 0.7741384982677071 0.559530600076861 0.011736756354674305 0.08221185488190819
