7 0.4977461515081315 0.48929997988952223 0.0036017091976702775 0.009322801247454604
7 0.49898392486047954 0.48063580137845907 0.001477234044110709 0.00850002541427669
7 0.49905542805077396 0.48121371494224435 0.0014334444202168672 0.008247535496293312
7 0.5509241386628796 0.48704967542522326 0.004509111941864541 0.01124987551677975
7 0.5076338091823958 0.4782302431804174 0.0016723483175081766 0.009552127955482936
7 0.5246958495873257 0.47822815081132847 0.0017341848983911667 0.009553050887611492
7 0.66954653380554 0.46373696809240794 0.013657450885270817 0.031346673997560914
7 0.5501748214994631 0.43900972522930715 0.005078651206756102 0.026960328553553514
7 0.597649105365462 0.4389933839773227 0.005557137553954039 0.026967701254701215
7 0.3252385735013822 0.473021068636853 0.010230020507451199 0.023314056816352513
7 0.29118663528439354 0.4451159944945258 0.0060232802946860176 0.024218450375356082
7 0.307734855606699 0.4494577466429003 0.005412005999024805 0.02227602400039458
7 0.2851800983259063 0.46399980081593417 0.01400773364510538 0.03111843759116245
7 0.4049515832668132 0.4405003044596799 0.005417761172529789 0.02628990953567939
7 0.35869444557693886 0.4405158335889827 0.005867364373552508 0.026282910050780928
7 0.43817502150951576 0.48707570578692383 0.004546594123586711 0.011227491623311103
7 0.4416467027454516 0.4800849042930081 0.0017074595682761706 0.008740785421799624
7 0.4397193977636481 0.4794351519700368 0.0017690737255175448 0.00902489717418109
7 0.43745237944427173 0.4962198579263293 0.003308248462655261 0.00405553897641181
7 0.7525674810920002 0.4451290570667934 0.021852285827271056 0.04756073775448344
7 0.6806471840677331 0.4329866738276947 0.007017498200238115 0.029676142655032267
7 0.701503840987358 0.4251530070112375 0.008090877200023994 0.033225166201762524
5 0.4747416866857529 0.5212337237892476 0.006477705343543694 0.020104071641530608
0 0.6563213946988362 0.6206615389220553 0.13006343409732513 0.17569915973782835
0 0.5292639185914958 0.5310123345318984 0.05333054995139774 0.030314024187980237
3 0.4121057896530328 0.5097900956037459 0.018452116176534805 0.014149918147025042
5 0.5000007145312193 0.5226744652657036 0.0060841765193144215 0.023583800968403512
0 0.5190182113494284 0.5136154699074682 0.01043348818954526 0.017331233291922765
0 0.537598572789861 0.512144208855916 0.019064462845326036 0.010380183574317248
0 0.7357587390897837 0.5330542660418405 0.07048903902986858 0.0331221890647585
5 0.3206796144895421 0.5752945582408084 0.040983904523517245 0.0839130080657372
6 0.4110596426606054 0.5105799647346714 0.002220358823386337 0.014716511013067257
6 0.4211532198394601 0.5118410726940306 0.002054550426438706 0.016505004367386777
