7 0.4960286851390096 0.4898725894869439 0.003246301338964641 0.008401346214730931
7 0.49715179273178467 0.4821916619973784 0.001321331794191083 0.007598590553629714
7 0.4972129493607631 0.482657420701593 0.0012861892440655387 0.007396175535761718
7 0.5430373031116187 0.488074917502896 0.003962262362920299 0.00993125887837809
7 0.5048029923408281 0.48028515123897836 0.0014741212293298833 0.008427965936208981
7 0.5198684653814969 0.4802863298133472 0.001521993473708072 0.00842768717586695
7 0.6221831822396986 0.472918787648012 0.009657406530533152 0.02287738026932351
7 0.534738608635974 0.4548846858129949 0.0036119640182498136 0.019584519658369326
7 0.5694108367745503 0.4548892816299399 0.00386537350364502 0.0195830267380791
7 0.36053452224544735 0.47823848444769346 0.007842492192203399 0.018314636652542904
7 0.3505868832725564 0.4606926520112592 0.0038696902752743956 0.01701305980457074
7 0.3401644547986381 0.4729920514079742 0.009897457069594884 0.022805941083882064
7 0.42809060249674635 0.4556485952962137 0.003810447466662481 0.019244410313927374
7 0.3939978636871021 0.4556441243041285 0.0040564235083727085 0.01924585608551993
7 0.4434025246804031 0.4880827892562364 0.003998545642311002 0.009921533713700748
7 0.44599010700214303 0.4817413956998651 0.0015056174763260488 0.007793542775458739
7 0.4427416144671761 0.49616497356167655 0.002916023463485573 0.003586331576338697
7 0.6607908779873033 0.46410122546345334 0.013192320232623067 0.0304557612412531
7 0.626603044240432 0.4517769297587449 0.004580718425233332 0.020964668485614957
0 0.4981010369857768 0.5707801875997751 0.05411592789196745 0.0853453616169294
0 0.47051455814794957 0.5226469285261032 0.03632961855886663 0.030732843085335304
0 0.40575318423778683 0.5345374724405432 0.03423509448349055 0.047240215976665945
5 0.5516991609178432 0.5098096432225205 0.007371130342038845 0.009469686998955451
0 0.4569107444545215 0.5169129773947692 0.01269179406572385 0.017624158941642265
0 0.4989801519858492 0.5124437161885746 0.009196173057433199 0.012654622354215106
6 0.44930988305192826 0.5092375652457013 0.0016111378524144016 0.013542743007509017
6 0.4178020932959384 0.5091679378087423 0.0019038295645922854 0.013636175875202827
