7 0.4264748125057434 0.47015655007859536 0.005431297820208514 0.025759238572113152
7 0.41391970668459427 0.4386446451363253 0.005785664858524275 0.026920319075332044
7 0.42122214089984855 0.44395685461245016 0.005222551298475597 0.024541634948323565
7 0.3437104131955855 0.43879648335557925 0.014416497164404907 0.053963042873119704
7 0.3821884341512869 0.427702054063846 0.007163457537615658 0.03184560709573092
7 0.36757965827823885 0.41859981115570816 0.008244627326669418 0.035968583914068764
7 0.34536509362393647 0.5382986316402847 0.0019067249881964399 0.007413355894230089
7 0.5682481422736274 0.471082157811481 0.0053300260862682025 0.02542218548958014
7 0.5099375246009377 0.45135005475338547 0.004102586593271118 0.02148978079228525
7 0.5670046203646371 0.49149470051143807 0.007394199003183943 0.009059573463740644
7 0.5645329232278044 0.5192692049239979 0.00107759246186645 0.0035845688217508442
0 0.007063400270033547 0.5396065308090794 0.014126800540067094 0.03737990828377158
0 0.3051281960922508 0.6734254680287463 0.18132715615672146 0.19606173519393955
0 0.4994441486513119 0.6568532143961321 0.1082218218768985 0.18422187678274105
0 0.7364082099442881 0.5318264207527184 0.06910483774154885 0.03411511987407079
6 0.17684439279030634 0.5584216024906139 0.013574096536430352 0.07567169867376744
6 0.7036493165721871 0.5490771622204389 0.011744901479528114 0.07023973228478453
6 0.16578213704763145 0.5223904558973449 0.006050106809802336 0.03203208326549578
6 0.4954843466937301 0.5225258715240904 0.003725681062167696 0.03222542496294467
6 0.18610942517862683 0.5232309406081289 0.0062565898525778485 0.03324289850400164
