7 0.44524740669300855 0.4734207708754171 0.007115793889331035 0.028340790294935414
7 0.4148008833882601 0.43743389429663915 0.0070816478930897375 0.030349467820754483
7 0.43036772027858355 0.44394429129225266 0.006286112804877675 0.027393076907119118
7 0.44644303751145886 0.4960091242414194 0.008344019799596925 0.01019350184709139
7 0.6968924662097957 0.4724456050284651 0.007268358111426898 0.028709714696465716
7 0.5872225882198823 0.4520687436251429 0.004518580556549634 0.023475339644496218
7 0.6297848076572745 0.4513697107848688 0.004983936340250961 0.023786761247777677
7 0.6926206101307952 0.5266275851010733 0.0013356812184247557 0.004036013927789406
0 0.6160026689102627 0.5437213759235051 0.05406808546897279 0.03606947261989513
3 0.45703042311786335 0.5533172505241364 0.05589845406250582 0.0723868909150176
0 0.65850700095081 0.8089520043189846 0.5137788943665189 0.38209599136203065
0 0.6512165242076622 0.5395088809063372 0.055038164687449154 0.03851240406203482
0 0.8795512541276129 0.7971042265983942 0.24089749174477426 0.4057915468032116
