7 0.3356131054097905 0.4582390657047714 0.010232792457103013 0.03623933701167892
7 0.27935615111182094 0.40526620373542926 0.01088866075664885 0.04197760814409601
7 0.30832714907576086 0.41735636222618105 0.009146180445923802 0.03646889382045071
7 0.33681759365212505 0.48697287860209626 0.011084090449315409 0.012966847185972685
7 0.6398298426793492 0.46048802330910593 0.008620287889774314 0.03365434426870695
7 0.5135852806900613 0.43468348023295744 0.005338611830701945 0.028350877151399723
7 0.5635709470309207 0.43460095219012784 0.0058353523625208625 0.02838748391960394
7 0.634978721104906 0.5238186111958976 0.001523433699295751 0.004715635565596066
2 0.5560532214803628 0.5212135536982565 0.03924405144894172 0.03411223980758604
0 0.5940094214196552 0.5250643954728589 0.033348802114531506 0.024970693938781596
