7 0.6562507594453212 0.427134987148995 0.027047495516291153 0.06393043764781842
7 0.699845656851452 0.349251117202047 0.017357720636476226 0.06913753129083167
7 0.785939737182301 0.30394354134590024 0.024820574539795137 0.09146018513907062
0 0.3299377286045755 0.5303315159361883 0.03238545218065053 0.03447686831661334
3 0.40924497493262324 0.5140484394426922 0.015821437568194263 0.02867194699593889
3 0.37671613061924414 0.518936327208413 0.024550249436811444 0.038803915927553057
2 0.4082199397928323 0.5092128466299742 0.022521743890007717 0.047290860853274774
0 0.40629012690869637 0.5249604946092898 0.019393963396611313 0.032723567858350955
0 0.7852933172019347 0.5619465400782436 0.10150153093293435 0.05482297013584447
0 0.06979212486013754 0.5644157431403579 0.13958424972027508 0.06437053456489217
