7 0.6034786530092859 0.4646065934487419 0.00596190903115057 0.025222320985214597
7 0.5458796433777846 0.4450383166582904 0.004332523188074089 0.0213249467519927
7 0.6021893697469078 0.48486567521082813 0.007478055350579549 0.008987655716159615
7 0.4632479945216438 0.46372281885714284 0.004706242920067549 0.025536034887667036
7 0.45931294700618386 0.43269018896026556 0.005332556386941301 0.026648976135954516
7 0.46275372636713846 0.437851763140191 0.004845170284060507 0.024316040606602418
7 0.41848057212554435 0.4336235398637398 0.011320188125061803 0.05298939585776036
7 0.4357584491167029 0.4220930509970294 0.006531378845572089 0.03146366586751492
7 0.4278526229586904 0.4133036828216929 0.007440608957950179 0.03548186047734447
7 0.41904485558703974 0.5313856254372793 0.0015884635878973818 0.007280572902007898
3 0.6840781470840303 0.6379559706344833 0.16194289872478362 0.22885149095328072
0 0.4530775420983454 0.5263983534352056 0.05555937234949365 0.030972327291546975
0 0.5005048130171166 0.6659269960837395 0.14396173996031847 0.2337783335734459
0 0.4600849899341003 0.5311086731198308 0.0681685097868237 0.03790075794662928
5 0.009615204638887338 0.5366720383424812 0.019230409277774675 0.040335479413110664
0 0.8407342023320135 0.7978542941286108 0.3185315953359731 0.4042914117427785
6 0.11009847016950666 0.5161558675981424 0.006663023406179788 0.032657353772682696
6 0.4981707229422152 0.5478321393045785 0.008797750026800222 0.07463454909340883
6 0.7088769802843886 0.5362246377372317 0.009456079250511729 0.056202447557021196
6 0.4882477697338351 0.5490819667410517 0.008933657577463505 0.07679255428414722
6 0.025737328020180375 0.5441130499436455 0.01578737515671039 0.07194335884698111
