7 0.49772556183635214 0.49057804673551586 0.003762378782867226 0.009738343921839976
7 0.49901487652896637 0.48147805576441927 0.0015484785765014775 0.008910882611801785
7 0.4990912177246094 0.48210367259890496 0.0015004313969993466 0.008633793812063195
7 0.5537639039743447 0.48815418490574536 0.004765276423447262 0.011860793660039393
7 0.5081286389767816 0.4788546631088139 0.0017649592484931809 0.010074131675659515
7 0.5261180584360515 0.47885223595221404 0.0018340626784714154 0.01007521641579473
7 0.6977353777938642 0.46012114510668245 0.016263345107459193 0.03659908485589092
7 0.5586538875798919 0.43120958797020803 0.006030505665578723 0.03157655392212938
7 0.6140794233175738 0.4311863505877417 0.0066861427582034505 0.03158723798555141
7 0.30460352774468635 0.4719727662775314 0.011622076471572373 0.02609721615568944
7 0.2603444016600547 0.43929465708779003 0.007246797412554795 0.0278774981657256
7 0.28188674584635715 0.44487851270062573 0.006395818739506565 0.025334826153093015
7 0.2499829068971109 0.46047627325157 0.01672597469461648 0.036283125347511214
7 0.38958088316501693 0.43321027717013466 0.006479622275952501 0.030659253582946633
7 0.33581484917065363 0.43323217688828236 0.007089931107456426 0.030649197777827153
7 0.43491389038120365 0.48818299352299477 0.004806189719926746 0.01183546620944581
7 0.43883766807235747 0.4808804305085769 0.001803002130164988 0.009175663711140813
7 0.4367137852567774 0.4801730326261888 0.0018717480418516952 0.009489254064145636
7 0.4341631554175996 0.4978213203101076 0.0034930715145073954 0.004273804567550499
7 0.821630356942469 0.4330766854395091 0.029181411408317648 0.060796663606938695
7 0.7144962227926999 0.4229676486613769 0.00878585189108072 0.03536835609877381
7 0.7445702646671888 0.41182933474547295 0.010477861651225218 0.040526306060155726
0 0.4999833371089901 0.6216089229759243 0.07757891574613773 0.13202859588631044
3 0.136783523301154 0.526993478815696 0.08716115915991601 0.05531452145046978
3 0.5000161887155004 0.5164612054759821 0.014345302272966431 0.03284853090566153
0 0.7944726586970784 0.5409756586595067 0.06157779372225369 0.036706338562721874
2 0.9237422718802272 0.5319444930357595 0.09957867429431855 0.046467467094874704
0 0.4728235540843666 0.5260795127013977 0.01701947156164174 0.020528644265495055
0 0.05593967948963393 0.5510077027887761 0.08595287569199513 0.04656369662082349
6 0.04811536243323787 0.5242645671046668 0.006582219312925415 0.03120128925156551
6 0.41288218277695143 0.514625141214321 0.0025672902700182854 0.017821366513660064
6 0.43478544999835267 0.5182377039523482 0.003406181174088141 0.010600138919436008
