7 0.2928746566717245 0.3667875557450382 0.01488945085227833 0.06014228872930544
7 0.32513066600203555 0.38974895517995334 0.011785590439545024 0.04946022614557116
7 0.01456299520991044 0.2098699345778514 0.02912599041982088 0.1371361260070112
7 0.599256225329986 0.4512856857435159 0.010771033479714975 0.044614199584009084
7 0.49872204592584646 0.4159331193588171 0.00727821012352603 0.038098005933411394
7 0.5969751900041909 0.48667279394600493 0.012994908395832172 0.015720943673218968
5 0.9711615986103793 0.5736174707410667 0.057676802779241365 0.07290154270984317
5 0.9211727155117642 0.5635167354142159 0.05643684526117532 0.05904852210108058
6 0.7066532578344342 0.564144538129792 0.012512801279688901 0.0805787902645958
6 0.6325324726961531 0.5490991634690059 0.00913347772568307 0.06173481228520361
6 0.8099333689665528 0.5884735991103619 0.020762045156255127 0.11560915708058417
6 0.8107869213507746 0.5394299784638004 0.00977324251178291 0.05360161248579087
6 0.7074279177386706 0.5735098532077372 0.012508901173331921 0.05497349570125776
