7 0.39870585342166504 0.463591962192082 0.008052380184546126 0.03478386672815936
7 0.4155311642228743 0.4507228433041283 0.004956668155246868 0.022980707054391147
7 0.408105008329406 0.4461927841454109 0.00545958091936305 0.02505379887109227
3 0.5008905040296178 0.5759962246484103 0.07829758611087528 0.14471086027567648
0 0.45345461005937404 0.5395667763925711 0.024178626367376055 0.039472872622772104
0 0.5587010869110027 0.5367658794904862 0.04582859954556717 0.03208622609718825
0 0.4339432582275182 0.535853170026044 0.049414748486220406 0.030187045075072416
6 0.3706741720102602 0.5386974289407768 0.006401558518155992 0.04873087842598123
6 0.6110816472958137 0.5361686996362082 0.005456782982335762 0.02658619990088651
6 0.681135391764085 0.5534637013962354 0.01105641451076278 0.06998644053615843
