7 0.4975974611037042 0.48909420728083797 0.0035037768827043125 0.009068938652817216
7 0.4988039439330407 0.48070528226129533 0.0014340295255450553 0.00825031643305485
7 0.4988724583508549 0.481250332388862 0.001392727969960983 0.008012234973569732
7 0.5490553130931599 0.4869774765627183 0.004356249076913787 0.010881802632279614
7 0.5071753373945558 0.47844672344051087 0.0016168947580481596 0.009237855839281328
7 0.5236799390281334 0.47844506632852657 0.0016747238904979422 0.009238587775511342
7 0.5474349304261951 0.5079285409411491 0.0004586113495628208 0.0015551408581023773
7 0.6548884768768506 0.46635738788514997 0.012359947509604896 0.028646305139452655
7 0.5456650116758357 0.4437732091700247 0.004603215018807449 0.02459865277386758
7 0.5890590300801424 0.4437616369658251 0.00500275408258366 0.024603860034703495
7 0.6507265842372882 0.5212015426487462 0.0013492238645954613 0.004088372622072511
7 0.33635426904379767 0.474287409153339 0.009490831125944621 0.021791818538097807
7 0.30722178529535404 0.4489083079710212 0.00542097262705632 0.022299987542704625
7 0.32139024146688094 0.45262266200388646 0.004915995966870423 0.020642499320163987
7 0.3356553401137289 0.5161948367671123 0.000838792579332337 0.0031404625261944874
7 0.3031132214812937 0.466567337703145 0.012664804715875444 0.028464189009640095
7 0.412716727210545 0.4450148732635486 0.004892824177661292 0.02404204794494491
7 0.37032924639383025 0.4450259180586247 0.005270721641747078 0.02403708192399423
7 0.43997119868946344 0.48700064395103587 0.004392457125501792 0.010861873129908495
7 0.44318341023346786 0.4801856567625038 0.0016508772043496989 0.008477355932390795
7 0.44137028733441575 0.47957491619976556 0.0017084490338054592 0.008744340303804832
7 0.43926559585889635 0.4958475395558074 0.0031980521481977386 0.003924178917058263
7 0.7212354440298453 0.45144628306153856 0.01874541229191573 0.04161024253005474
7 0.6635417343562293 0.43878966671392816 0.0061916324722187666 0.026837282087369407
7 0.6804804934238928 0.43242539137443886 0.007024633023062998 0.029707327942194994
7 0.7178096019115581 0.5303709227657618 0.0017274878534224714 0.00588790944252271
1 0.47496087381257623 0.5033825163947564 0.031239552840801765 0.05714158979728179
0 0.4042227877179808 0.5103180548919961 0.0208516601605373 0.011098253151778814
0 0.7207764256708021 0.5308668989378861 0.04876846066228868 0.028633424004992136
0 0.521052377649281 0.5169817580561789 0.013087215155640486 0.01734083808153275
0 0.499892207667603 0.6496700188692958 0.11812419197979579 0.19942930416833815
0 0.11211613180598992 0.8501824832441252 0.22423226361197984 0.2996350335117497
0 0.44854717232307795 0.519087964921308 0.016769637822649786 0.025416745048822187
0 0.4640123191468534 0.5091683709059514 0.022572463018947886 0.014104958379910437
0 0.6220573748925171 0.60082346762156 0.1058789289447416 0.12772999138451657
0 0.5195332024982295 0.514035958595308 0.010923232897257829 0.01866881029059375
6 0.38557126118667207 0.5187684261688688 0.003284949238621826 0.027085183049673223
6 0.39593135156334414 0.516857475735188 0.0031631593111428047 0.024367479962950744
6 0.9669471449651968 0.5846713761919187 0.026217474662981077 0.12166581308854663
