7 0.45211259789177716 0.48657284263976064 0.0022034800409138078 0.011136141936592625
7 0.44915494947469764 0.47596316734440386 0.0021221791210952468 0.010243866246100741
7 0.45107382815944647 0.47679650533639883 0.0020407718250420315 0.009879367565745423
7 0.54963051830482 0.48668547331419804 0.0021095396591604976 0.010867186498403236
7 0.5244258526547361 0.4782272815498304 0.0017964189808947761 0.009164351314467911
1 0.5204068754371705 0.5014474926178165 0.0293262974147408 0.02938978397649822
0 0.5529518250350296 0.5088827350305748 0.013788403724699028 0.012072393669984471
0 0.4733693196957546 0.5121537672381214 0.010664640691818938 0.01628476403307988
3 0.5373121418477189 0.517570655646998 0.019919881137402062 0.040684728606960985
0 0.5070220518396777 0.5194065771210645 0.01384713911403912 0.021585937328164162
3 0.5276534616112363 0.5145598205579833 0.01153258990492867 0.021542307324392884
0 0.6359923463558413 0.5131934351142533 0.019729464674615782 0.013205745555915471
0 0.5070573099673136 0.5234066335404133 0.011666519918841711 0.019920208454453303
6 0.3482826022954096 0.5271581436528234 0.0058980483870211264 0.039317579229104505
6 0.6002904088012935 0.5191982392991671 0.00425905880482802 0.027898487617420642
6 0.6495745987910212 0.5426247759027933 0.009756836723765483 0.028589625502367322
