7 0.33373393876092183 0.4601909713659944 0.009603453928447248 0.03451691667599005
7 0.28362365841304693 0.41123963111533024 0.010091026948088111 0.039273895090805644
7 0.3093670310886851 0.4219328093176028 0.00857101670326088 0.03441010927162075
7 0.33497274371017216 0.48760188179435304 0.010588516615522459 0.01235751798015755
7 0.6230553382304169 0.46259590449363786 0.007963430611421907 0.03182148322816836
7 0.5035135294451655 0.4378904377543388 0.005069403047160526 0.026930665573417667
7 0.5509536014770966 0.4379260087980504 0.005499317330442732 0.026914868357254207
7 0.6184787339599294 0.5225729509273864 0.0014260721045301628 0.004464904464165587
0 0.5710356817026718 0.5213915767703112 0.03236398790229933 0.023723567250538147
0 0.3327894620135958 0.5645359406727188 0.07510880342945314 0.08957156806391675
3 0.6248393952172908 0.5181126409595576 0.030991016724193576 0.02641946165343978
0 0.6437160820878034 0.5444971921643129 0.06403799455263892 0.04621620526083958
0 0.5189437795805467 0.5292359121974206 0.019179842790189472 0.02490420140526417
6 0.22666411447572787 0.545486925150032 0.011005136512976355 0.06521399541628392
