7 0.4221720464245933 0.4872574590979487 0.005282174457727329 0.013187332997691648
7 0.5816251649877818 0.44921889498481493 0.019772799819375964 0.047798011299994114
7 0.3981668261949243 0.4032483962338919 0.008056838254466236 0.04550567660501015
7 0.47534781762798684 0.4067385860752296 0.008702369798146037 0.04381617151642608
7 0.02858616926713605 0.45862936202522786 0.02205198230946026 0.039396009051520464
7 0.1276903059578891 0.3952086948751624 0.013838383720661332 0.049438280805450596
7 0.02611952543399152 0.3907884357393169 0.016682275891992393 0.05159897512689632
7 0.28043452174560135 0.4863804128089812 0.006226310373864896 0.014045110177306142
7 0.774589158692013 0.397150006445678 0.041397062267297224 0.09677339217162378
7 0.6050553210572033 0.3975316661730919 0.01126556260151168 0.04819895384313133
7 0.6485531610850214 0.3773930944163582 0.014121833447010568 0.05795566514342698
0 0.6486520252485082 0.5523425326395244 0.04342985354504425 0.04100106613423804
0 0.6540315890593562 0.5477983776486468 0.07324273854610064 0.036023404844200746
0 0.33793763483208683 0.5188801577913954 0.014675671595736128 0.020961914939002124
