7 0.5054684848539293 0.47600017361733193 0.0020642205835907923 0.01082097966180623
7 0.46318164523764194 0.4856072626960207 0.0023953157570092976 0.012901456877664697
7 0.4614382770691662 0.4729694253161597 0.0024230311894082868 0.012043372174549372
7 0.4629771850068817 0.47409467149083195 0.0023170523733457293 0.011542712833612578
7 0.44815823879342476 0.48046585051248636 0.0034328875252089275 0.01748031845806003
7 0.45180625392410173 0.47095911052520634 0.0026444575723947317 0.012938762790799918
7 0.4495339613242054 0.46954082341163483 0.00278301612699966 0.013571155435507853
3 0.24240456300175242 0.5151039811785094 0.03220245928762505 0.02138823090659503
0 0.30544759872233695 0.6812274937146447 0.18457530755320828 0.19891711151991553
0 0.4696015660160434 0.5266094906967953 0.020897852476129908 0.025309682135844502
6 0.5421406053659504 0.5178074487737302 0.0032406916319207557 0.024207327941613732
6 0.5540833937362669 0.515408462499966 0.0022519538696854635 0.01880557403683436
6 0.2750924862771339 0.5169198531116628 0.0037646732370983926 0.022972566981293685
