7 0.34089503286543343 0.4714099927383679 0.00702956859034104 0.025559341385303025
7 0.30824995099116825 0.44039312646153095 0.006694287714744562 0.026670724476666907
7 0.3244771967167499 0.4455420241594208 0.005982623092535111 0.024334012795000748
7 0.3418604284140514 0.49186165713034835 0.007856654767146865 0.009186365129637886
7 0.5607056161042145 0.47260814297204357 0.004930582427543295 0.024049543346994495
7 0.46941985158155186 0.45390587315719266 0.003996646737953913 0.020338034890565904
7 0.505472829361244 0.4539260596543576 0.003861336157865103 0.02032888420079404
7 0.5571870030349984 0.5182270642904717 0.0010128451701755248 0.0033924456400995506
3 0.4144396173358702 0.5647514403202041 0.06652174559789947 0.09947533551797039
3 0.45094103981628764 0.5324965973923348 0.04025970563019576 0.06398880442209676
5 0.004769637789232759 0.7909668890822594 0.009539275578465518 0.340353238646544
0 0.2807975998967215 0.568533150272501 0.0812612848010335 0.06062129611155975
3 0.500097175272783 0.5997506259889305 0.10736337396392259 0.19819990821717914
5 0.6659725475653662 0.541344033815932 0.03611311997966582 0.04234105535709887
0 0.7771796111824345 0.5391152969129538 0.07142544451914923 0.03415424878840867
0 0.3241494033517547 0.654143997249759 0.14439814549794888 0.18206837724985703
6 0.8190491539985816 0.5914257127667488 0.023196753935523673 0.12712154430772915
