7 0.502085647517516 0.4890165234440958 0.0016807553411934961 0.009388838923770737
7 0.5015699678557912 0.4803425470020064 0.0016857532146206111 0.008516450733486558
7 0.5023627565404154 0.4809218579835587 0.0016338821691421757 0.00826336044586512
7 0.49424562115888415 0.4864657309851337 0.002139073173888506 0.011593815411008512
7 0.5549440205836427 0.4892438795797691 0.0016938806396624706 0.009403637353684657
7 0.5330145820191862 0.48194803999313096 0.0015120342824224142 0.007914939792740605
7 0.5544947822984768 0.4968703877784789 0.0027259812765205726 0.0033924113240934584
0 0.5287965221236997 0.5159870618334361 0.010925537224251047 0.015170954161831784
0 0.4552941172900802 0.5145222341449998 0.011873961025945179 0.013432488616560101
0 0.5101381005631309 0.5143886505447752 0.012035226603223315 0.01733613330704431
6 0.3847524573260635 0.5155032624635327 0.003099232573943844 0.022164430803187307
6 0.5480932920564978 0.5103124528382895 0.0014393515623193354 0.008447253689839673
6 0.5819497886944373 0.5146643282541734 0.00268044341984619 0.020780669106987837
6 0.590995788408881 0.5193199362960833 0.0034782677088562863 0.012655526712787246
6 0.581690244389979 0.5087137897258976 0.0017848860659658294 0.012332732734285257
6 0.5666559192218129 0.5100805194230698 0.0014799523326387565 0.012874596493708035
