7 0.5850625561442051 0.4757786820988548 0.008591407351315916 0.020938982471425005
7 0.5047408962643198 0.45931815397132225 0.0030876915176120123 0.017887129884750663
7 0.5364743358156105 0.4593095543067053 0.0033019211915473745 0.01789141113730891
7 0.3489285330537223 0.48022463080589745 0.007357616778114251 0.01701458516016774
7 0.32888205439702145 0.46210635561594465 0.003931261237545114 0.016631828716895725
7 0.3385284629811587 0.46420160283242495 0.0036554235028420923 0.015691971092261225
7 0.3271787701256752 0.47589789350073675 0.00913670951407447 0.020827172694077578
7 0.40762578642852165 0.4599841506667349 0.003636247560047323 0.017586342629729357
7 0.376455263777827 0.4599924416202808 0.0038401468387887494 0.017582209437628893
7 0.6079421024413689 0.4687932116297957 0.01129905016517363 0.02711413995713413
7 0.5863182428267152 0.4567453446340447 0.0038683826574261726 0.019046592836747644
0 0.4644238328443218 0.5158382357740441 0.008494230246492207 0.01295534878307747
0 0.46175292963604675 0.5164724217609129 0.013855013776819414 0.01541914086062579
0 0.44534961294876696 0.546997477050897 0.034697529932533 0.04654826594767558
0 0.47498123495846156 0.5198270185307847 0.016745920047791074 0.023911088314212736
