7 0.670261162258165 0.46289175028504015 0.013723780703308597 0.031486077761065434
7 0.5503780735990351 0.4380524400395206 0.005103176286396893 0.027083990796942403
7 0.5980597204150019 0.438036100123145 0.005585871216505334 0.02709131929108849
7 0.6657028391666512 0.523114296310031 0.0015050258419344598 0.0044920286713353574
7 0.3246551672440614 0.4722974201914353 0.010267601460012543 0.02339170131559154
7 0.2903433548770058 0.44422919773121194 0.006054839581654037 0.024318749001356443
7 0.30701684785837835 0.4486186159213512 0.005437779496046347 0.02236086271279053
7 0.3238227032850378 0.5172627324790524 0.0009225353728078423 0.0033724024140510123
7 0.2842373357123791 0.46315753065259463 0.014077710530032261 0.031256846440562924
7 0.4045284114249581 0.4395603645280241 0.00544502182910489 0.026407821446378876
7 0.35807291918572837 0.4395758905041708 0.0058985787558956115 0.026400865409901608
7 0.7541999637939614 0.4439771158191243 0.022019934818918396 0.04788227925255428
7 0.6814976939838796 0.43195424628139867 0.007060978503065973 0.029825684398987362
7 0.7025680653124505 0.4240143718020737 0.008147859446639094 0.03341267447719737
7 0.7498036545787121 0.5345471398975712 0.002097819574543802 0.006762477530073641
0 0.8176629881903069 0.7934648183580567 0.36467402361938617 0.4130703632838866
0 0.5000091839161557 0.676916423590191 0.14188321819326927 0.24254033990468626
1 0.444896158966855 0.5037397436888928 0.039487596373750655 0.06389272676250835
3 0.763615235766582 0.5230279809976516 0.0794042524443922 0.05335527824721403
6 0.3925394895232709 0.5156699448317906 0.003052481106938121 0.022802595817722926
6 0.2970507274327442 0.5200436210893903 0.004711430509908465 0.029078378065032773
