7 0.450913507674824 0.4873512222436269 0.005445020164490111 0.013682977544791142
7 0.397273434600415 0.47610072342230736 0.0021364104440436127 0.011858637192394494
7 0.41865707186833573 0.4763145885797163 0.002103820097372089 0.011767595826759403
7 0.6413539736623406 0.437429335276041 0.024211051190810906 0.05739822795133459
7 0.42375852963874455 0.382477293598706 0.009465765759439138 0.05459974321823713
7 0.5151427059478352 0.3864743008705573 0.010561340386356033 0.052725751138580135
7 0.028778162994735106 0.4538644725161938 0.023698635313299417 0.0426821952264011
7 0.11064754910074906 0.37482895778026104 0.017016047617668603 0.058180673698342456
7 0.0025702087771906942 0.36998796037625525 0.0051404175543813884 0.06046985183392034
7 0.3069015155489093 0.48649604839233096 0.006276681242753934 0.014377709261999716
7 0.3060622409462238 0.49817481640817707 0.00452640742297028 0.005184785720890428
7 0.9730625149089276 0.3382167597234206 0.05387497018214482 0.14872417397844495
7 0.6772707848724431 0.3705062483712329 0.014913252431786095 0.060323683506784576
7 0.745502506622529 0.33673977320285514 0.020226147896305946 0.07664312661575357
0 0.6413495237018088 0.6450549223100854 0.16739083168471003 0.1738350969521235
0 0.7284891971350216 0.5531802624239961 0.08048040340569873 0.04370527777071509
4 0.9983953828626595 0.5867645102282187 0.0032092342746808944 0.10126157190916163
0 0.40898202989094046 0.5224657113019864 0.012150227188036544 0.017863074986011473
3 0.7686385038531549 0.5413788809092265 0.11972121288272075 0.08652722793202816
0 0.871844826818098 0.554854212667846 0.09777595570107811 0.0516467583114516
6 0.4622889122375686 0.5167731473357365 0.0020540003883622315 0.01723920294130732
6 0.36436592305147586 0.5379572774951638 0.005597892940301996 0.04448326776216971
6 0.3747263955843958 0.5388538836121831 0.005955712500728516 0.045947560701264045
