7 0.40779791248177555 0.4784707700804594 0.004075672458302815 0.018267394558019956
7 0.3971646785247736 0.4587806148761624 0.00394207455896356 0.017845035020501998
7 0.4029014378444896 0.46122408887451416 0.0036736641088483957 0.01676759116124843
7 0.40886636207706506 0.4931565662139714 0.005436450844150009 0.006583980745695717
7 0.5652655008293216 0.47907056598608155 0.003698912443432123 0.01744502217848415
7 0.49891599390368513 0.4654586106472893 0.002797427922432316 0.014750411471699643
7 0.52514247995847 0.4654821942139601 0.0029267414944886827 0.014740155241004416
5 0.5583327691630483 0.5518415876538313 0.019567316475215257 0.05113227169762746
0 0.4645515717572287 0.5164969908639805 0.019515664607794025 0.01820275094631807
0 0.25452424905669213 0.60361627771145 0.14590320620970443 0.13114969405958854
0 0.498042914385344 0.5647217660838979 0.04471173513232435 0.061891392858493655
0 0.49757939312221344 0.5427162413583284 0.032526261170414905 0.04428926330084615
0 0.4494003343501298 0.5204091305104204 0.017174616289110323 0.018459747278335326
0 0.5457764057806048 0.5400809570761939 0.03319665671968841 0.04026413909923643
0 0.5422015520301948 0.5161637324014603 0.02022431987860107 0.015692489631791928
6 0.6827172265712866 0.5336809614713238 0.007871827989089253 0.04867277951326188
