7 0.618122174161265 0.477525952856919 0.008789671543419697 0.020905151599532823
7 0.5380699992651073 0.46114637686926296 0.00327674219230345 0.017832517688640526
7 0.5697421119402433 0.461117668793126 0.003494424798007656 0.017846038498780026
7 0.37739613368861624 0.48214277100194436 0.007181344278312463 0.016931736080385618
7 0.36111987393376965 0.46406492645750297 0.003732718638331578 0.016537191753004332
7 0.36115284305633 0.47774164717527234 0.00887474639734237 0.02070700734337394
7 0.44087639305961324 0.46187896329666955 0.0034276247820632655 0.017505774062911372
7 0.4098932566932324 0.4619065662472043 0.0036271663121171804 0.017492766948821514
7 0.6493925849879721 0.47038093759749566 0.011627734697593928 0.027056321497967106
7 0.6213840145242124 0.45849422547864416 0.004092122323406278 0.01900993435821169
0 0.8500655565489488 0.8136388955869787 0.29986888690210234 0.3727222088260427
0 0.5047991482366773 0.551549842908011 0.03709130662314425 0.05724500414600098
1 0.4671783617550588 0.5046848055132348 0.024968475179426963 0.04266895401358384
0 0.6708361645211658 0.5238540680521192 0.03563575174213962 0.020029159034663513
