7 0.6208663362527893 0.4664987132351811 0.01258260079037421 0.029922414816468013
7 0.5064422953717346 0.4429107798956172 0.004427820685377837 0.02570714332923485
7 0.5517703849626774 0.44289455069676054 0.004864281114691615 0.025715246762575417
7 0.25394110581327656 0.4667321707451142 0.01367279275781616 0.029701431076883666
7 0.36865106595606956 0.4442428951942662 0.005518350648396841 0.02509270977284067
7 0.32445294339998976 0.44425831701003643 0.005928165586879031 0.02508500055745655
7 0.6751694500227868 0.45057346766146444 0.019324590825078536 0.04435806882050769
7 0.6263959088115122 0.43757225293245083 0.006100991431389424 0.02816909520471439
7 0.6401148318223748 0.430704042932501 0.006931933850683247 0.031347848909586806
0 0.332308989250464 0.6518535785132479 0.15097712049024792 0.17944635788456043
0 0.32371265676246525 0.5511386953420987 0.06503181384362089 0.056986566261694294
3 0.5290879646157804 0.5280274265887148 0.07354736323631872 0.060296688011530486
0 0.5001265324086142 0.6434362171155725 0.1274129191936323 0.23323122800062568
