7 0.5802393520800491 0.4663627596901463 0.006469414533178175 0.029745618141610308
7 0.5122747158244929 0.44330926750204047 0.004803224981468901 0.025150801663106848
7 0.5787722167823302 0.49018234386841486 0.008669932064316765 0.010566159563275723
7 0.39593607598383374 0.4253684450337698 0.007248063656145665 0.032912994848674715
7 0.40658271135864077 0.43311518732786636 0.006390438604319371 0.02942651620737713
7 0.2793465683003137 0.41289199721459746 0.024079188281454555 0.07789354296244605
7 0.3515687005877887 0.4084572693673243 0.009495623565046407 0.0405832762811118
7 0.327279933179064 0.3933099219689632 0.011451361983473962 0.04752242528497086
0 0.8440938708840071 0.5519471526707858 0.09928589197554982 0.04139420377262604
1 0.3394953811341854 0.5096963233325528 0.2131019788283656 0.15072267474665862
0 0.7740821081094114 0.5550702342792654 0.1133620609699425 0.05565536700146523
0 0.8311216332564283 0.5456289475116364 0.08135628576349352 0.03910371046259398
0 0.9390316138555551 0.5424996378651001 0.10245312030180287 0.04613826145340616
4 0.12472105640685746 0.5467438128328534 0.034366304228894806 0.048292123057744774
3 0.5784625600966491 0.5341689546221154 0.10262053949995487 0.07858241168668151
3 0.8622649053034134 0.5340871734633919 0.07683737136464597 0.048974305997835255
