7 0.7163991073477496 0.4365594366287504 0.02458055665996206 0.055030129867200905
7 0.508094664609894 0.39244600588056666 0.008234515323983893 0.04816330346769754
7 0.5913619288854629 0.3925519710963433 0.00968818092007262 0.04813673216241626
7 0.7085503285245061 0.5410344998314625 0.002730925828021813 0.007837911832365152
7 0.19192833778419735 0.45984317922499063 0.01652966448844534 0.03447938073521434
7 0.046874834441827995 0.43645272980183897 0.02858038015424421 0.054774745455105744
7 0.25861202653410975 0.39652186366259745 0.011817519566282075 0.04620987416774941
7 0.9915163623576239 0.3453540038248033 0.01696727528475228 0.136895175741156
7 0.7475891931904366 0.372803286431703 0.014705347149842396 0.05738971749451899
7 0.8087865692040379 0.3414118466209282 0.0198953387893549 0.07229445056654771
0 0.7948054569302725 0.5438683727191731 0.09433776623501211 0.05696906725815565
0 0.841647850590721 0.5974007036291109 0.19143187151779617 0.1159524068628951
0 0.8554657095657847 0.5496415073034995 0.11080164957748961 0.06470996543045493
6 0.5104126337611797 0.5317767297216756 0.0046098964850080915 0.04064745423794858
6 0.46815091544166443 0.5327264642411151 0.005245260309028443 0.04205803814774267
