7 0.4186536756882967 0.4453712979282869 0.0054626555819518585 0.02553498611793298
7 0.4252725921249122 0.44994303274243297 0.0049572789123426 0.02338489316946324
7 0.3565394263565079 0.4491481475417815 0.012826107312333301 0.04934601661033411
7 0.38947462278171163 0.4360785294651955 0.00668034446465865 0.029924672775545003
7 0.37661204902683654 0.428470656005578 0.007614840841471571 0.03353761330802629
0 0.5024852271831477 0.5685295809150548 0.04832230783841518 0.06809190787379205
0 0.3424322153922813 0.5388448299958204 0.06547206354939128 0.039368420048500385
0 0.6201004183840753 0.5449130483138915 0.07821389498961495 0.04548893859852643
0 0.43327776510966143 0.5555296798735234 0.0453163249253275 0.06508044893585174
6 0.6451501389914821 0.5400663191560618 0.007239606006606891 0.049648049923615156
6 0.20502972410118836 0.5612424107710667 0.012921416448738315 0.07147332668987205
