7 0.4963770456828478 0.48118863166333037 0.0014818589739143961 0.00852513463634258
7 0.4964495013457453 0.48176940265583595 0.0014378032030163412 0.008271170389017812
7 0.5484603021063724 0.48762287047045483 0.004520488805638712 0.011280976098961282
7 0.5050520629602485 0.4787715757704418 0.001677871245636453 0.009582970346543263
7 0.5221652281761673 0.47877231273016607 0.0017396160833603735 0.009582195283760031
7 0.6681559887591144 0.46410359809823354 0.013754167034219278 0.03157946238370324
7 0.547962381564935 0.4391202861418345 0.005125843203222069 0.027198865938970973
7 0.5958034309402581 0.4391312462232453 0.005608134981002433 0.02719264776577407
7 0.3210858558212093 0.4734298124410423 0.01034970744409669 0.023516576569817982
7 0.28634074205186966 0.4451916417158486 0.0061198327936761165 0.024476672263862687
7 0.3032293371286301 0.4496166745411736 0.005491161384551357 0.022494290118290516
7 0.28007857686086157 0.4642477974924947 0.014224001568910516 0.031474479881013984
7 0.40134672563529994 0.4405539121888793 0.005488176706327563 0.02655731664275629
7 0.35455626361514425 0.4405434985103979 0.005953493344204475 0.02656325537412918
7 0.4353235212805288 0.48764060715393676 0.004568696574098308 0.011271645771334715
7 0.43882868653333507 0.48062648214778564 0.001715638853717949 0.008772573876192458
7 0.43688647358577126 0.479972613126381 0.0017778450722713557 0.009058792937233773
7 0.4345980877352419 0.4968208373728278 0.00332405375059458 0.004071617350646317
7 0.7527283894567995 0.4451680403126726 0.022102038606958696 0.04810050731694493
7 0.6794869036747153 0.43307245231771485 0.007086394755921099 0.029925321338022448
7 0.7007034487858386 0.4251065751029188 0.008181542375282125 0.03353783715674724
0 0.49842823556197485 0.5158561164540942 0.009455217886139011 0.015124338485652089
5 0.4587659431650943 0.5408739266675064 0.03372300280569773 0.04191311857657676
0 0.4980649396844535 0.5169334898472873 0.01164434354542887 0.016120547735357205
3 0.7210224446296778 0.5359456269012315 0.07540806323044624 0.053159123719286216
3 0.7693124878810171 0.5256107620079267 0.08706090948806067 0.05072798656381039
0 0.6757742018380057 0.6589196587980894 0.16030600825666752 0.18643626995850993
6 0.4206312594650487 0.5118978680166592 0.0023795037728375767 0.01571188036414317
6 0.4319974457520577 0.5094898975985573 0.0015901107072109344 0.012287722917062704
