7 0.4653575040106957 0.48832732849184035 0.0022332347753172277 0.012128100482317605
7 0.4639537402484978 0.47657697912062236 0.0022550158612402726 0.011246760816152002
7 0.465297608472505 0.47757444898166856 0.00216289774995021 0.010808932441498886
7 0.45517051134288045 0.47480880268958703 0.0024461749220967555 0.012023816566787582
7 0.533115377043796 0.48866974248319317 0.0022289455261170765 0.012054941056618695
7 0.5051286337295094 0.47928560994661507 0.001940896193853625 0.010173498878657095
7 0.5325420848920571 0.4984303593850329 0.003484653395394277 0.004339793258620939
3 0.4329578842375763 0.5514843583282989 0.049669207431742524 0.07603421187482018
0 0.38488391150884516 0.5299216612140608 0.031351075388704464 0.033806940504974126
0 0.2840066666855576 0.5177667854146023 0.03105689831765368 0.016218628765080734
0 0.23801416054661031 0.5187507811422221 0.02614785326382857 0.01583567451618073
0 0.5002626398175909 0.6232947364991571 0.0919846389265136 0.14517203078846763
0 0.4072895916780719 0.5175565119336939 0.02079029117423764 0.014231206761428972
0 0.2766006907855537 0.5193565451397644 0.030863488341371814 0.01477623946182105
3 0.4148860815997123 0.5201756666018847 0.01750689367704944 0.02551188643006319
3 0.2791742251370857 0.5125178362124647 0.034196565521228406 0.023147353329727616
3 0.46984689436641114 0.5167565554510787 0.022679104947331163 0.021390513020803636
6 0.25960021283124973 0.5280303255160302 0.006110702122045786 0.036289480815672404
6 0.5364981560694821 0.5174863072744745 0.003176608724633212 0.02136108235236267
6 0.26439912963386614 0.513470186499762 0.002539116440599676 0.015627618994455195
6 0.5367101961303078 0.5135123727228438 0.0023907744973848954 0.01572431571811017
6 0.7955910209266557 0.5705901929912893 0.0173409041552971 0.09714085056725386
6 0.156062011045294 0.5173702643094898 0.004008382894640228 0.02114357308766457
6 0.36653231278152876 0.5136380394678637 0.0020850254580080385 0.015878748172340473
