7 0.5743212933947723 0.46800007395608456 0.00582033999672793 0.02730850991075834
7 0.5118052759540228 0.446830774644715 0.004406674947579625 0.023079122608512304
7 0.5729794631668459 0.48989590339795486 0.007950118587488952 0.009716456592188172
7 0.5703361281477947 0.519673722678256 0.0011622240142035167 0.0038444222202739242
7 0.42229379676669276 0.46699521787066395 0.005934568176841015 0.027679191969491423
7 0.407202356272149 0.4319170811244699 0.006393711017852577 0.029447544901021194
7 0.4158420485930459 0.43824984366274716 0.00571459813273234 0.026624876177548273
7 0.31985601107174727 0.42737171416808006 0.017882214920870942 0.06311748174814447
7 0.3704559911125195 0.41855592283455095 0.008102898886700738 0.03544035156138614
7 0.35220297803425904 0.4070941673250391 0.009502687068409843 0.04062143750646541
7 0.32226700926923857 0.5428379959461274 0.002320471124590384 0.008603584236114625
5 0.500725621277887 0.6843921581680326 0.059857517224167545 0.21488493508806428
0 0.7099976166343849 0.5292442261995096 0.0787154490254407 0.045946564805771084
0 0.5427157345895633 0.5345486864942073 0.04594435910289385 0.034089449227530655
6 0.16994471593146532 0.5695113905054948 0.01701860221237461 0.092041652317983
6 0.5004249089515607 0.5668487794105381 0.011305246082004339 0.0912535218935927
6 0.535896559538487 0.5647627381715996 0.010543834281067532 0.08593494869878915
