7 0.6130779207774031 0.44215604874890746 0.012107527106078986 0.028751871178861743
7 0.26003145666362704 0.44222669019470884 0.013325219567375257 0.028665741437236048
7 0.6619728876984834 0.4268480372254341 0.01821708573766445 0.041819425513077435
7 0.6179701998918172 0.4143942535022501 0.005863917062353452 0.02698537815182639
7 0.6304389248881521 0.4079072815097967 0.006625680052799954 0.029886232339751018
0 0.45046233950359216 0.49626300887454333 0.016811826811163944 0.018109823741306263
0 0.4339149587961721 0.5289260225158913 0.048319652284514625 0.0560371735494527
3 0.4825906963774899 0.4853320317579445 0.01021495967874475 0.021467904412482863
3 0.6481476461036739 0.7286506124571529 0.49096693350912674 0.5426987750856942
3 0.06859931522656196 0.607299465581626 0.13719863045312392 0.2110687581346673
0 0.20246467586600903 0.48964327752444015 0.02613616832358301 0.012189772342222405
