7 0.4856502054937062 0.4905813071548444 0.003421360888001268 0.008766588626266003
7 0.48593359797988467 0.48251882011700414 0.0014222333645970142 0.007954105090064889
7 0.486361314133492 0.48302544488574417 0.0013816394359924544 0.007732582070854976
7 0.5327510514347193 0.4886210957930449 0.004128980162304674 0.01044979970728488
7 0.492479691280882 0.48043043033079763 0.0015624869127228713 0.008868142229961129
7 0.5083309325045576 0.4804288268075025 0.0015561410467606063 0.008868929352867427
7 0.6042349102264851 0.4707907749537751 0.010742215514155218 0.025835553221034424
7 0.5053251887726814 0.45044426531396226 0.003816563377831539 0.022141962163150564
7 0.5444620709543646 0.45043373667790654 0.00414237214477986 0.022146883501440284
7 0.32104838637432576 0.47739000941482784 0.008869588540531659 0.020121873521949052
7 0.2917073079943592 0.45465864189490357 0.005054654194297292 0.020258349381826524
7 0.30573830848112027 0.4577501837260431 0.0046173834976193096 0.018881022554144034
7 0.28678110819108826 0.47096545063524076 0.011575070301884371 0.02568079052983907
7 0.38596240908900625 0.4514583699638199 0.004642063657789353 0.02168783284793907
7 0.3476557742982387 0.4514684534375021 0.004951034953745714 0.021683118421858216
7 0.4280053543865201 0.4886422389513256 0.004259467624181612 0.01043054765487983
7 0.4320054446033691 0.48203698428737685 0.0016258063228922759 0.008164577215392266
7 0.4299184732680277 0.4814716602878987 0.001681331206707548 0.008411937573029216
7 0.42736470438475027 0.4971384840423363 0.003091648380236567 0.0037692507248854867
7 0.6420333081196887 0.4591776805394263 0.015319061521944732 0.03593236217037071
7 0.6075205562304712 0.44642808506881193 0.005036585707010488 0.0239415870803929
7 0.6173154539729865 0.44140253763719195 0.0055972746871473245 0.02619992916664271
0 0.6731238135653804 0.5274793226642545 0.03996053285642143 0.024322591308346797
0 0.4559277474830953 0.5199907793167202 0.015571833929826029 0.016962235438107154
0 0.701183868497292 0.5246258772724615 0.0612269443985084 0.03559917376784749
0 0.47723868124731783 0.5127538839378243 0.017098120545452844 0.011083342078081038
0 0.43302336636027466 0.5577790436347312 0.05143112618874068 0.06000214652432134
3 0.4854059011186288 0.5099691230659116 0.00996407274124983 0.020976026586488172
3 0.7817244496229074 0.7477718633935102 0.436551100754185 0.5044562732129796
3 0.2565054664852151 0.5627275093643808 0.08964926126479714 0.09284505517966357
3 0.9388497659913606 0.5106112881540026 0.024339776537632862 0.013851339769905602
5 0.6578950424819741 0.5371718371104792 0.029879984720940223 0.03360448372368763
0 0.2455555005877673 0.5281865113259272 0.046077974001233646 0.02282135228266624
6 0.41228540558535975 0.5113755018818567 0.0018925621027141015 0.014933384831112284
6 0.4097671698651498 0.5129175045170067 0.0024591419393169 0.01712036563842001
