7 0.3511704125174255 0.4605355307918235 0.0097757255204588 0.03515502986039837
7 0.2987989629965066 0.41040885311251296 0.010283685405908627 0.040314396818064924
7 0.3257019468990857 0.4214542846806091 0.008707343909328924 0.035209003731495436
7 0.3523703415125373 0.4884579080302456 0.010675775204741556 0.012591454279878678
7 0.6487247938477863 0.4621062995196542 0.008479295080881522 0.03313386927368339
7 0.5242126717578884 0.43702543017461265 0.005235716249079703 0.027778537835022155
7 0.5733458271228895 0.4368149472672971 0.005736882736630755 0.02787348635421444
7 0.6439142653194798 0.5245113379361273 0.0015055245753159419 0.004648580862953944
0 0.5352854449069244 0.5319690919340998 0.028619128863924592 0.027671424461406358
0 0.3377701692157812 0.581601510082662 0.08524562194535751 0.0834701541752485
0 0.6428071034403361 0.5212520775066809 0.03310727845282879 0.0199186503459291
0 0.42468309209913724 0.5420804332753479 0.039989683656469044 0.04507332442497536
0 0.37880899616160046 0.6296046198255252 0.13081252048019099 0.14525831421770807
0 0.6058802863814765 0.5218261747990685 0.03378883443301295 0.023360641917128055
