7 0.42404754726109223 0.44521036373111417 0.005066816224193804 0.023835694140742825
7 0.3712062755341293 0.44888432483115 0.011050294218046763 0.044292809524297816
7 0.39795015864727457 0.43672578496828673 0.006099637340139574 0.02761553457181326
7 0.3870965061135969 0.42990037822096894 0.006870547871597743 0.03066291104105845
0 0.43998306401217535 0.5385639662686658 0.03523856080294269 0.0613838537267164
0 0.5220277149881336 0.5456300923524638 0.04486088829757773 0.04248399796964253
3 0.3980368258044028 0.5667387789210075 0.09776213976852977 0.13960872921363882
0 0.566559168515669 0.5378305746135359 0.053870203511668935 0.03668483848538362
6 0.6067331064837593 0.5434879100792589 0.010327000502821537 0.06386608433223817
6 0.6182659536062454 0.5297262248298853 0.005423382649835884 0.040492650203262315
6 0.5992585752983423 0.540202827155277 0.009348298100826158 0.059017588978327096
