7 0.7141951657714147 0.4828050553585792 0.006547497787787959 0.015060591758500996
7 0.6538692056533657 0.47194629164828694 0.0022704473836844263 0.012400251087281322
7 0.6772150363249421 0.4715931812369616 0.0024325177719759505 0.012556426417777045
7 0.5325684384744787 0.4844861217188604 0.005571124703553032 0.013606718798519324
7 0.5853880714935129 0.4732732035549365 0.0023027121390019056 0.011814424251491984
7 0.5644518820436284 0.4735864749694343 0.002340647389689532 0.011676058548326984
7 0.713996470339368 0.4698269596977854 0.002805188934428715 0.013335705504373241
7 0.717284437231775 0.46836547107802806 0.0029598335958788136 0.013980538457066427
0 0.5888762793379114 0.5720232573737781 0.05274670156145922 0.06648051749299122
2 0.6221565582049406 0.5222542454453385 0.023612330345307853 0.03497329524524717
0 0.8484092262156882 0.5388012924471999 0.08307755927671256 0.03810323788143888
0 0.6910162434408337 0.5166817061934088 0.03099950246173222 0.016119487870537186
6 0.8684204819140287 0.549247037560588 0.010272099188104455 0.07022501475816378
