7 0.6970163256623265 0.457036005048869 0.01619356368875091 0.03650674358696954
7 0.5583540354012012 0.42818970546149293 0.006007874101650934 0.031503877505109024
7 0.6136183445724419 0.4281682645737622 0.006656211469093343 0.03151355611464679
7 0.691764127004675 0.5267504396774374 0.0017899259174373183 0.005206084541889311
7 0.304850299796272 0.46916614195134787 0.011587960388409313 0.026054999698682024
7 0.26077860701725974 0.43636170207234454 0.007212204022405522 0.027825337121155314
7 0.28222392804656815 0.442017019161836 0.0063680008458104065 0.025291776521778164
7 0.3037712718288903 0.519221886694383 0.001068913231945412 0.003759659002126048
7 0.2505255600694723 0.45738965772056334 0.01665823434066127 0.036201099650147395
7 0.3897437425311401 0.43020772094844 0.006453061826911022 0.030593556693120694
7 0.33611678182311466 0.43022793501245626 0.007057525882731341 0.030584444658918075
7 0.8199311049829052 0.4294220197115013 0.028969898082470635 0.06054182589166063
7 0.7136648970762904 0.4198611056555184 0.008733714626165567 0.035274202447791
7 0.7435291462881106 0.40860801032111516 0.010406679800328833 0.0404025392333785
7 0.8132312533944452 0.5433176570955439 0.002926256660344184 0.008521209887961234
0 0.4997328977397981 0.805507584193166 0.23634102013922292 0.38898483161366804
0 0.017719841944572476 0.5223437912679133 0.03543968388914495 0.021637204094946405
0 0.0279122117077078 0.5497296339410258 0.0558244234154156 0.04244593820464826
0 0.08926852300512193 0.5483076815228441 0.08829415180238634 0.04579889748210264
0 0.044277557942570205 0.5524841084248053 0.08855511588514041 0.0581100797406322
0 0.36408432434918575 0.5571323212215968 0.05421292910480546 0.05894522650051326
0 0.057023215300757046 0.5177666578381648 0.03666695319423979 0.02379487410171388
2 0.037241709511567696 0.531305714332892 0.07448341902313539 0.050610888667341536
6 0.5120398992397226 0.5310601436170288 0.004903078395801841 0.019105207941029323
6 0.5017815182606927 0.5684065305795676 0.010093916377778511 0.08889086497262555
6 0.8456758176487394 0.5224031729891498 0.006209506947585153 0.03250573958193381
