7 0.4386416829354024 0.4752308025980987 0.004367564989463946 0.021550632955825155
7 0.4307863192733339 0.4506538561551814 0.0045533618728003655 0.021670635268104865
7 0.43561592836733143 0.45419515531373755 0.004195480202342228 0.020102005682704316
7 0.38800906803435264 0.4562438410563666 0.009104972854709736 0.03830478011289207
7 0.4082869729523687 0.443719943498592 0.005379537759610642 0.02475241245001275
7 0.3996378277646792 0.438292520180243 0.0059753901018937405 0.027174135869801996
7 0.5577883326387081 0.4759553920870019 0.004309610250124107 0.021318492181148896
7 0.5087163016237091 0.4593963361495378 0.0034372371606677943 0.0180091948386909
7 0.5567545326927664 0.49311424761661216 0.006188663056972965 0.007620074991184389
0 0.6188136957674977 0.5296791410004116 0.04226040962947841 0.02712556011648448
3 0.4372450984672847 0.5267561640626764 0.04486647302810598 0.05501848182079189
0 0.5032177552671075 0.5288874041400748 0.037411048646717515 0.028702905751409546
3 0.5401570980917798 0.523615244517363 0.04239843104300467 0.033607977844681614
0 0.594313508199279 0.5318665415928638 0.05523356346219088 0.02958344038577143
6 0.6067263533162299 0.5304403644878029 0.005504301645622323 0.0400130508150941
6 0.14269925444947448 0.5196652284133283 0.005356097870711507 0.02772836341013296
6 0.6344032799460153 0.5195542586721432 0.00413666295975712 0.02757622897134615
6 0.3818940644219766 0.537922324483905 0.007389241516884082 0.05380311930242776
