7 0.46969623160797463 0.4876806637641598 0.0020169113260374294 0.011082814056876167
7 0.4686946355175693 0.4771355117956142 0.00203216356118191 0.01018998698636403
7 0.46980028065698487 0.4779588074499369 0.001957017737213018 0.00982925461349321
7 0.45884884879239324 0.48397785494166934 0.002713602585908803 0.01430070043100451
7 0.4609882809718663 0.4756905689064782 0.0021862299567125265 0.010823407875963198
7 0.5316936550105367 0.4879924745390736 0.0020154725986031297 0.011025455729478828
7 0.5060734413276792 0.4794065016747616 0.0017742299495260294 0.00930277183139172
7 0.5311692220175843 0.49692510198384543 0.003185173513675088 0.003972078943670854
0 0.5014855292051964 0.5209830566945112 0.013943409482727542 0.019506124005867598
0 0.39665100206161624 0.5214747722847577 0.018788008576243742 0.019491549204774805
0 0.47769474866406103 0.5190118856705902 0.015575659540360831 0.022278266425870497
6 0.4956835109310629 0.512662854111603 0.001662376958646683 0.009890481696386177
6 0.5714188823411419 0.5216657815855279 0.0038895666555751607 0.02989664658760771
6 0.5835456435997161 0.5251369861817788 0.004811010101793967 0.016118802887053363
6 0.32143183443558804 0.5180424499615524 0.003920611279015662 0.024777580297092427
6 0.5483328740186398 0.5108413845646625 0.002266663172079575 0.014546663431120654
6 0.5485156262574687 0.5135463295244294 0.002058950667470416 0.01723937917809526
