7 0.5347903626671544 0.448441199979836 0.018127712842948562 0.0444256326053632
7 0.36195381801772264 0.40359778178169137 0.00781579413614586 0.04307910346224919
7 0.435496058916213 0.4078356302302327 0.008204465237198144 0.04110422208662651
7 0.5289671751543463 0.5323881056117257 0.002021382734259114 0.006318975655171477
7 0.09274174801724713 0.3920084802910554 0.013760420488449387 0.04851425376699131
7 0.6913134428409462 0.4064290865110276 0.03366264685182374 0.08232824435801595
7 0.5548667721351052 0.40152873903115305 0.010040448634396126 0.04404733428845192
7 0.5915992121849046 0.384956247513989 0.012190600023879838 0.051851105291667476
7 0.6824103491679403 0.5574503962682084 0.0036411375331905083 0.011374590523865358
5 0.630826471241472 0.5410097469160184 0.031557666593119094 0.0400537374507971
0 0.7025077602029176 0.5384061276980754 0.07637666277366817 0.04284263567868685
0 0.6234021442257023 0.5376376832943943 0.06455555413078662 0.03792467057188953
6 0.033892711111859625 0.5398241332780109 0.00911049032371589 0.03341640941241408
6 0.522478211680846 0.5238920410358803 0.005144725026429486 0.03465843888732356
6 0.5770254930179981 0.5243160157166485 0.005423632442187909 0.035262910351282706
