7 0.49896282754862753 0.4800587440238736 0.00147929685088527 0.008512307456599644
7 0.49903442248397256 0.48064018320288127 0.0014353865751298156 0.008259098394829412
7 0.5509838516379474 0.48647163761711976 0.004516426824079822 0.011267799308741167
7 0.5076263115101052 0.4776380024628646 0.0016750267801359797 0.009567633050456992
7 0.5247150909137823 0.47763591047494836 0.0017370597893530126 0.009568545012435703
7 0.670261162258165 0.46289175028504015 0.013723780703308597 0.031486077761065434
7 0.5503780735990351 0.4380524400395206 0.005103176286396893 0.027083990796942403
7 0.5980597204150019 0.438036100123145 0.005585871216505334 0.02709131929108849
7 0.6657028391666512 0.523114296310031 0.0015050258419344598 0.0044920286713353574
7 0.3246551672440614 0.4722974201914353 0.010267601460012543 0.02339170131559154
7 0.2903433548770058 0.44422919773121194 0.006054839581654037 0.024318749001356443
7 0.30701684785837835 0.4486186159213512 0.005437779496046347 0.02236086271279053
7 0.3238227032850378 0.5172627324790524 0.0009225353728078423 0.0033724024140510123
7 0.2842373357123791 0.46315753065259463 0.014077710530032261 0.031256846440562924
7 0.4045284114249581 0.4395603645280241 0.00544502182910489 0.026407821446378876
7 0.35807291918572837 0.4395758905041708 0.0058985787558956115 0.026400865409901608
7 0.43805898830107526 0.4864978870333071 0.004554082911604196 0.011245452140210055
7 0.43961007625598003 0.4788505743795144 0.001772037099886381 0.009038789343882636
7 0.7541999637939614 0.4439771158191243 0.022019934818918396 0.04788227925255428
7 0.6814976939838796 0.43195424628139867 0.007060978503065973 0.029825684398987362
7 0.7025680653124505 0.4240143718020737 0.008147859446639094 0.03341267447719737
7 0.7498036545787121 0.5345471398975712 0.002097819574543802 0.006762477530073641
0 0.8176629881903069 0.7934648183580567 0.36467402361938617 0.4130703632838866
0 0.5000091839161557 0.676916423590191 0.14188321819326927 0.24254033990468626
1 0.45194054189111277 0.5031631276081799 0.033385237157229575 0.05534892855242263
0 0.5225453588637268 0.5186333757069627 0.01247775964082598 0.01766873578982242
5 0.4931968414446822 0.5117092671710683 0.0075838388938428425 0.012788192570936663
3 0.7635360734254564 0.5229211632392462 0.0796414627360732 0.05438083428347923
6 0.4144600580646045 0.5099961120410286 0.0022244546844407687 0.014677130152663254
6 0.4113704112383564 0.5132818431486783 0.002730128746000593 0.019380212318997114
6 0.18521704696003424 0.5198828579982755 0.005186818689131345 0.02884985275765173
