7 0.5270087999523845 0.45143895835826064 0.018291515250265067 0.04488262030706619
7 0.3520586018552727 0.4045933986745797 0.008193176685669101 0.044075020224859096
7 0.4271123445920665 0.40959581864113503 0.008494947338153647 0.04181085450910765
7 0.06995883382413 0.3899454059101497 0.014719254010137323 0.05069582482413587
7 0.691375287004282 0.4096557725487578 0.03353409282615216 0.08305239870296244
7 0.548620563959217 0.40417849525731464 0.010223187931039157 0.04446544812042391
7 0.5872883878768023 0.3876135099870607 0.012390203575333048 0.05232138381127416
1 0.24971965588795997 0.504870454164307 0.06120235338650326 0.04014140475528982
0 0.44468423818808966 0.6250166242026488 0.11735075513714116 0.14576676129869282
0 0.26559375239229144 0.5180544771956779 0.028896846276094124 0.014403822755191364
0 0.009466413168026298 0.5678515097899549 0.018932826336052595 0.07286751102182443
0 0.32590551952671076 0.5211848444330147 0.012319115158928418 0.017374794986783293
3 0.6282082433000041 0.53300791589415 0.08770287788824027 0.0680037049266185
0 0.7047740358633758 0.5429035635929292 0.06731777570969089 0.03951197571836862
6 0.26820560728161613 0.5347248472048675 0.005559733779973153 0.041402898342191685
