7 0.6939097750939613 0.45893225534901927 0.015886312928227397 0.035875210042114414
7 0.5575775279984418 0.43060222563711703 0.00589364051774055 0.030939952670094528
7 0.6118928278024114 0.43057767908591144 0.006521046445005285 0.03095086938596847
7 0.688756245209269 0.5274655871926066 0.0017544702565160941 0.0051181265280068056
7 0.2647367566965 0.4384882020719225 0.007063301613976336 0.027377056307047343
7 0.28554950976810217 0.4439478957321682 0.006249923557416381 0.024920829081215123
7 0.2550466236674411 0.45929148196624736 0.016323965730829282 0.03556555881725387
7 0.3918417554379554 0.432553725370063 0.006323640632579897 0.030056811749786527
7 0.3391297538294241 0.4325768973573271 0.00690774919654169 0.03004652592008933
7 0.8113467514879489 0.43276014752827857 0.02802141104955569 0.058824799951403994
7 0.7098149989085201 0.4226044700962481 0.00851858592912802 0.03457362763778027
7 0.7384689799970785 0.4118617170824225 0.010108565879174414 0.03948636199979333
7 0.8050173424820627 0.5435250865821738 0.002810447527712645 0.008289067130739625
0 0.04881117347594391 0.5521463268561633 0.09762234695188782 0.055959673645408325
0 0.4996616818302445 0.7308866661066947 0.1927834961487203 0.3037050089232185
0 0.2216844662060442 0.7433114907950523 0.2700625822541214 0.3087178646337809
0 0.07940349787473476 0.5430096242586331 0.09897048495205422 0.05528368501116443
0 0.8382380932166129 0.7970729635510427 0.3235238135667742 0.40585407289791453
