7 0.35846570672180555 0.46973809971071667 0.007633350100921088 0.02921795228362495
7 0.32502308088223664 0.43188425626239335 0.007727751209760381 0.0315451585354124
7 0.34216574385052817 0.4390114945913195 0.00678790259149431 0.02832827744464894
7 0.3597088612906666 0.4930387333776695 0.00888409807506424 0.01048632989592535
7 0.60569096301563 0.4714362134948177 0.0065068221737870635 0.0272566255709234
7 0.5028723605874378 0.4502417227714006 0.004350788298315367 0.023053187431397004
7 0.601767999068989 0.5230012105877992 0.0012058554881371197 0.003836813192469979
1 0.929486737795145 0.5113485973747566 0.14102652440971009 0.12001836247190889
0 0.55517704613744 0.527460458493314 0.027415021913570703 0.02316977442243162
3 0.6980814376696465 0.5433784879136145 0.10834963556998056 0.08250070380722707
0 0.6269255929092145 0.5957321544273594 0.047715592813562635 0.08528596617536532
