7 0.6963934417559445 0.4574503974411818 0.01613209136738558 0.03638337148009785
7 0.5581833538334717 0.42870394534081413 0.0059853363514550395 0.03139400238915463
7 0.6132639222791403 0.4286823205811495 0.006629164024996692 0.03140378208685396
7 0.6911599098442023 0.5269359846489483 0.001782787286908838 0.0051891726966194485
7 0.3053397207735161 0.4694702846898995 0.011555538448672964 0.025991248543145995
7 0.26151580720651824 0.4368089282270923 0.007182257196367392 0.027738785004764732
7 0.2828394334780767 0.44241998833649177 0.006344239456822387 0.02522023646471311
7 0.30426531015942004 0.5194071096823237 0.0010652533717671608 0.0037507926984088336
7 0.25137212789647173 0.4578022639896967 0.016592284963741433 0.03607824247835062
7 0.3901266335155068 0.4307055023864044 0.006427445318797853 0.03048942879995231
7 0.3366749336400203 0.43072589321290805 0.0070276662225929876 0.030480219947773723
7 0.8182316131438261 0.4301730446550296 0.02877894728508945 0.060203431635424076
7 0.7128970003189624 0.4204506481179075 0.008690052192568354 0.03513705716950544
7 0.7425241766893208 0.4093106425050529 0.010346161095103446 0.040222788558502864
7 0.8116036002925502 0.5434542113725096 0.002902819696864789 0.008476405300936185
0 0.19060964061789892 0.5361989179617048 0.07718903560161186 0.0403261439091791
0 0.4460999980659176 0.5206846023464466 0.01968092115591702 0.025456756376869838
0 0.8105106171513292 0.7721498040218856 0.3279068054960783 0.36080338652828225
5 0.5208729794605884 0.5163053343435731 0.005306747840383985 0.01584976280457384
0 0.7653547308924923 0.5338296997398112 0.07333987441889844 0.0366323347602997
0 0.49950083705380177 0.7950590576650932 0.24616640284953945 0.40988188466981357
0 0.5199607467981197 0.5154485373041049 0.010463102956536074 0.015935220001242256
0 0.030390552928973934 0.5347095019187356 0.06078110585794787 0.04227520738482615
5 0.5226237000538088 0.5182061065188415 0.005478903008798719 0.017554046122954747
6 0.1172760856020818 0.522222514568301 0.006399539949196134 0.0319281704361718
6 0.03526430707461254 0.521943729863123 0.006742324569492669 0.031536789242023966
