7 0.6234255948379195 0.473669922827115 0.009519586377891964 0.022550073503573076
7 0.5371835944319887 0.45595047190081117 0.0035538033736509655 0.019278838393136488
7 0.5713518860190876 0.4559343323371391 0.0038024768995145175 0.01928543519337711
7 0.36549681256585403 0.47891343612404036 0.007707947089927059 0.01805308265050476
7 0.35587934610779604 0.46167495259378855 0.003789826628187054 0.016745748985295017
7 0.3459307684039338 0.4738486563957854 0.009688212060195323 0.022405306718505602
7 0.43224249332854947 0.4567516174606321 0.0037372982396290944 0.018925035643176658
7 0.3987480807596804 0.4567671816450426 0.003971885981930878 0.018918686865682488
7 0.6607397302749458 0.4651706215756818 0.012936133337869249 0.02987776132214809
7 0.6276360693227075 0.4528909682303838 0.0045000464897766435 0.02063696321424996
7 0.6374964295555274 0.4491718327273057 0.004936843645742428 0.022293492128427794
0 0.5787821994331535 0.5283389695120744 0.03783245406638336 0.026897012287513067
0 0.46043164801282577 0.5157544470479118 0.014173459339898054 0.018967620042208866
0 0.8326570937687003 0.6211248891653844 0.2025497912583426 0.1334831859725839
0 0.5010355871342136 0.5553491623776241 0.03979832870915467 0.0583858825517698
0 0.6050610028852736 0.5226085127481305 0.04173361704566003 0.027159673262166395
