7 0.6963934417559445 0.4574503974411818 0.01613209136738558 0.03638337148009785
7 0.5581833538334717 0.42870394534081413 0.0059853363514550395 0.03139400238915463
7 0.6132639222791403 0.4286823205811495 0.006629164024996692 0.03140378208685396
7 0.6911599098442023 0.5269359846489483 0.001782787286908838 0.0051891726966194485
7 0.3053397207735161 0.4694702846898995 0.011555538448672964 0.025991248543145995
7 0.26151580720651824 0.4368089282270923 0.007182257196367392 0.027738785004764732
7 0.2828394334780767 0.44241998833649177 0.006344239456822387 0.02522023646471311
7 0.25137212789647173 0.4578022639896967 0.016592284963741433 0.03607824247835062
7 0.3901266335155068 0.4307055023864044 0.006427445318797853 0.03048942879995231
7 0.3366749336400203 0.43072589321290805 0.0070276662225929876 0.030480219947773723
7 0.8182316131438261 0.4301730446550296 0.02877894728508945 0.060203431635424076
7 0.7128970003189624 0.4204506481179075 0.008690052192568354 0.03513705716950544
7 0.7425241766893208 0.4093106425050529 0.010346161095103446 0.040222788558502864
7 0.8116036002925502 0.5434542113725096 0.002902819696864789 0.008476405300936185
0 0.09704683487130752 0.5361544507428588 0.08251854690414495 0.040218030882636424
0 0.8030312458156289 0.539702498486125 0.0403268952750937 0.03350905770595991
0 0.2746378948348154 0.5318282797264284 0.06395695490813605 0.03899357006241089
0 0.8105106171513292 0.7721498040218856 0.3279068054960783 0.36080338652828225
0 0.7653547308924923 0.5338296997398112 0.07333987441889844 0.0366323347602997
5 0.8371904155878425 0.5343522431503146 0.030740634406901557 0.03288275272193797
0 0.49950083705380177 0.7950590576650932 0.24616640284953945 0.40988188466981357
0 0.030390552928973934 0.5347095019187356 0.06078110585794787 0.04227520738482615
5 0.5198753157813127 0.5153109232714617 0.0045586863662039345 0.014734720356078035
6 0.4132480418358218 0.5163379308946094 0.00304960338573812 0.010834948929801191
6 0.22330542795381078 0.5223339424764136 0.005664797155787216 0.0320858236606254
