7 0.7067991889555241 0.48390719062191256 0.0061335755840334905 0.014246385201508838
7 0.6497802230097903 0.47355237116356136 0.002115772878786837 0.011738663766928448
7 0.6718434369171535 0.4732491830294254 0.0022612014099938627 0.011881747671688592
7 0.5348784828165895 0.4852886707715914 0.005297844813288766 0.012912201938783285
7 0.7158913575773684 0.48104760231175725 0.0072689731865421825 0.016724185974826833
7 0.7087006092487045 0.47040716525790394 0.0027213229628663127 0.013152692735604099
0 0.3504006967341705 0.5840741441993448 0.10544155055798998 0.08976396948446141
0 0.6137149482554101 0.5162996187461157 0.014705971275197238 0.012454156405632966
0 0.8232386530094422 0.5311380408009784 0.05796505432680743 0.040291404919457596
0 0.18115404511018535 0.6404967411387745 0.25517578398443297 0.16478428000179735
0 0.2395830043183777 0.6785949891848191 0.2882899634187853 0.24946623788226685
3 0.6347393182917165 0.5079938640964701 0.009893090250167824 0.011176940676404623
0 0.5365281970615251 0.5174080208731184 0.032107421877164644 0.014811393270313888
5 0.596627510930319 0.5151693732360847 0.01229804943817514 0.01563021996299685
0 0.6476106226876341 0.5095808858894215 0.0071237503072452135 0.0117199832091045
5 0.5921975960300085 0.5144880934075772 0.005107138908607589 0.014981086684237699
0 0.6194672248206765 0.5183620184958986 0.025826985638381483 0.015100314969756168
6 0.5864736480571453 0.5075460991637655 0.0011663087982282105 0.009115486890041047
6 0.807155166274638 0.5533675225223331 0.008458220971836683 0.043940730042756004
