0 0.6595911629864477 0.5174367087747638 0.01192635414030685 0.016923145167126452
2 0.7568034699677926 0.5193493780018115 0.05895432471755091 0.03080570721645004
0 0.6593877023803263 0.5173415698340778 0.012948276073032616 0.01741614551752424
0 0.6630888294350827 0.5392164869635407 0.026015690143445735 0.038359135567257785
0 0.6808642102963915 0.6292114834378777 0.11628145906002174 0.17150780490097206
0 0.6102646176337083 0.5427521747319699 0.0315318260895997 0.042729223930408344
0 0.06214533578140963 0.7459605769730663 0.12429067156281925 0.3444465444883831
3 0.15008287746831347 0.585916936864683 0.251403495928534 0.1752108672476042
0 0.23645338630414012 0.613185593565843 0.20123108871542655 0.14584355098470614
6 0.30913207629110645 0.5314086601311676 0.00752956890042189 0.04445126384570808
6 0.27679331341112345 0.5347581741223663 0.008562637594821398 0.049205900387751855
6 0.4563147024417895 0.5166157752615326 0.0034547028721517714 0.02351040721513642
