7 0.4692333268190362 0.48240733782532286 0.002504647173631025 0.014344351442290293
0 0.5183924275057912 0.5206669567487989 0.015043944279658827 0.020882220557445486
2 0.5257212895183173 0.5220917565075887 0.033136187737098144 0.0368697083589109
0 0.5133278622759565 0.5169246286157922 0.011806033477132827 0.018281718208755127
0 0.5158313276284587 0.5199185112583304 0.0159118622889044 0.020929572578449407
0 0.6044994388846849 0.5402020336289379 0.05296371819157886 0.039999100638309804
0 0.6682547447121435 0.6428535474054256 0.17176841906210139 0.19166756335189883
0 0.4922474654636405 0.5175152381613163 0.012128487212702044 0.01662145522047731
0 0.4930199801899022 0.5483830011509166 0.03223856125181801 0.05009978170480456
0 0.7246047122243648 0.5330034199578705 0.06241524799883713 0.032967929748106695
6 0.499414552351914 0.5139286566850672 0.002267317865108198 0.019064858081899283
6 0.31041891515938846 0.5179269168927988 0.003779201432476953 0.026758020073823552
6 0.07480604185543571 0.5431810080160975 0.013069432848794207 0.06279212443396698
6 0.6147465600768178 0.5278717318146007 0.0049977194685615345 0.0368695579343975
6 0.3623693724395003 0.5153014622517904 0.0036914108552468794 0.010639989453445131
6 0.38259037004606744 0.5133268840676191 0.0030652800787767664 0.020207736995653147
