7 0.5921485238829303 0.4530259659319049 0.01747206105817911 0.041990571532018184
7 0.0006335331353782834 0.43960899945887544 0.0012670662707565668 0.053122024775618115
7 0.7421368368909413 0.41530277251167375 0.032733924907728085 0.07596632025905714
7 0.6117792806788628 0.40905717513180506 0.009678276256060547 0.041375882764730365
7 0.6471961128806537 0.39402577127163074 0.011743063930860886 0.048422765836180715
0 0.4985487044046411 0.6101238927738221 0.0999045816672327 0.13782966454329304
0 0.8434219844145102 0.5528105974298496 0.08007911477485852 0.05021328400099245
0 0.679284243906378 0.5414337581603899 0.06709181259186614 0.031910926518246896
0 0.7078152495616721 0.5425757336995978 0.07843483005777951 0.04117670291396447
3 0.7600338785122708 0.5284356798377299 0.08781146813295737 0.05486653322021662
0 0.7883746449903468 0.5401505573904081 0.07941717838574058 0.0420914547485689
