7 0.15489806294627306 0.45401159637354904 0.01346493477220101 0.040855683238888274
7 0.0765234107289591 0.3918196690716984 0.015117127549146306 0.04896935183780132
7 0.11725942448778878 0.4070683886763919 0.012288207589209135 0.0418472812165287
7 0.15632079431521034 0.48626091148261075 0.01430583945464206 0.01460638921849644
7 0.1532806898509677 0.5306917623381853 0.0018135294525130075 0.00579838081934636
7 0.4868882968005639 0.46340429940879874 0.0075968370669869945 0.031921411633295316
7 0.3626449907500647 0.43466174291204085 0.005584331717729651 0.028885696053021992
7 0.4137913900745004 0.4363420749344719 0.005690199791247963 0.028135645799018505
7 0.48240711265882497 0.523521698522748 0.0013867072042781925 0.004494070065305111
0 0.8717312187781169 0.5391715399182145 0.09646927481953171 0.05873139987591114
3 0.7825149684723282 0.5419992931458111 0.08053641153084579 0.060027938921832
0 0.7451004188735411 0.5435123310786052 0.08136187262959149 0.04350448172787125
5 0.5704249435806072 0.5732633953347697 0.04179729496424456 0.07310345675062702
6 0.1638172322056083 0.5332033907910787 0.008043110295590267 0.04652045603007415
