7 0.4471942226495632 0.4551760403278112 0.007050203593839566 0.03633921698578507
7 0.43530845951276453 0.40201325027026086 0.008662952553093684 0.04213626877604404
7 0.4434275418456479 0.41416605302114273 0.007451699926119548 0.03658823517815896
7 0.2989574336183541 0.3484687596958179 0.038949126740777884 0.1376493435864264
7 0.38728419209998693 0.3729516383372332 0.012217340017579015 0.05557674498602977
7 0.36082910664264306 0.34348558260323037 0.015732377339127912 0.06945076015528323
7 0.6441639813069615 0.4566393936344796 0.009451567958871365 0.03568871852188871
7 0.5635777063278731 0.4290224774452934 0.006278025933521669 0.03020448746214438
7 0.6422918878013077 0.48511815844949446 0.010695567510453863 0.012619941453724304
0 0.4111489116284071 0.5567289118242253 0.09682532379684594 0.09392888382016773
6 0.9984413100916163 0.6558154369790119 0.003117379816767518 0.136747010566027
6 0.9988907208321371 0.6377454637753053 0.0022185583357255956 0.20316758067517338
6 0.23395819186068156 0.5277568253822065 0.007693876616825024 0.04406625319132229
6 0.8211909134086695 0.5579510090588886 0.015238060442331558 0.0822373936151709
