7 0.15489806294627306 0.45401159637354904 0.01346493477220101 0.040855683238888274
7 0.0765234107289591 0.3918196690716984 0.015117127549146306 0.04896935183780132
7 0.11725942448778878 0.4070683886763919 0.012288207589209135 0.0418472812165287
7 0.15632079431521034 0.48626091148261075 0.01430583945464206 0.01460638921849644
7 0.1532806898509677 0.5306917623381853 0.0018135294525130075 0.00579838081934636
7 0.4868882968005639 0.46340429940879874 0.0075968370669869945 0.031921411633295316
7 0.3626449907500647 0.43466174291204085 0.005584331717729651 0.028885696053021992
7 0.4137913900745004 0.4363420749344719 0.005690199791247963 0.028135645799018505
7 0.48240711265882497 0.523521698522748 0.0013867072042781925 0.004494070065305111
0 0.3697624276578958 0.5358070092482068 0.053170673564713944 0.05409363496166397
3 0.42075110468993276 0.5216086401879791 0.02922523138243982 0.030431113216155325
0 0.3886313225932421 0.5230889377231636 0.034151713520921834 0.027660576242679924
0 0.48202151927336107 0.5222508592893569 0.03230201880771533 0.021450698059206963
2 0.4585328822861723 0.5089008472119836 0.0486906123003199 0.0430382745723249
