7 0.3344773147893839 0.4602074639698318 0.009723123284923307 0.03478045948040481
7 0.28303332238384526 0.41067062541660615 0.010221938063317004 0.03968027800629109
7 0.30945005082060506 0.4215595031980259 0.008666561815162566 0.03472160150665504
7 0.33569590437719127 0.48782594680366276 0.01066214381338082 0.01245097859306843
7 0.3334098753703245 0.5258941861380874 0.0013177624791286813 0.004946375751195609
7 0.6264128770887536 0.46251818620381047 0.008060545679444808 0.0321567660772582
7 0.5056141520427166 0.4376446965920253 0.005106743676507874 0.02717305905382722
7 0.5535111926182439 0.4376444624011665 0.005550461157711295 0.027173051129503467
7 0.6217838636383647 0.5231184068782451 0.0014429329208593966 0.004511277786679702
3 0.966666568421177 0.5485227005194884 0.0666668631576458 0.06989081303079014
0 0.9384113123432926 0.5496529386461366 0.11284044867947673 0.050779122366722884
5 0.6797350335447512 0.6416146968371508 0.06044957347075752 0.1508650980005123
6 0.35302295347964685 0.5258713093829743 0.0053671984826833 0.03671413655867839
