7 0.6258856250055331 0.4896869553675931 0.0016626577345233429 0.009139379306362383
7 0.6256125421980064 0.48133129281468956 0.0016728461782342663 0.008261122166673185
7 0.6263053030153192 0.4818532690770118 0.0016256546542593453 0.008032318083236123
7 0.6573649593272091 0.48253813913628407 0.0015635456662844716 0.007821843516379712
0 0.038401806036315135 0.7549076973501421 0.07680361207263027 0.3506819196242945
0 0.6538001278471479 0.5159895635323697 0.010860392801725793 0.013289641029867294
0 0.6690344667943543 0.5110224567995192 0.019192962194907848 0.012683747272695611
0 0.6953584193864676 0.513070394154901 0.02288644797377315 0.011727207397782102
5 0.5581252670686152 0.5176242110850338 0.007229978036530027 0.01845045575897042
0 0.6160929423608679 0.5275301944967112 0.02724891432525134 0.04203147670414231
6 0.7644397239245015 0.5233299552395885 0.005599944997482176 0.03265431449895417
6 0.36611103509702114 0.5256656358542376 0.0057805514443876604 0.03597358839489506
6 0.5913949305966331 0.5140076382005596 0.0018680201862829593 0.010293351367929193
6 0.3681651803981488 0.5094846455860134 0.001845208379449903 0.012979429868234638
6 0.7036856315476301 0.5114953304929233 0.002029841417063527 0.015825398381821176
6 0.6891462965769777 0.5113393923959012 0.0020295901612229494 0.01560545428902027
6 0.8409327405313798 0.5454303894023025 0.010660388805553977 0.06420373781410404
6 0.2901248312002387 0.5393389779112068 0.007867594049089266 0.03221694833850841
6 0.6576453472564491 0.5121944799530388 0.0020183687687023166 0.015142131390734503
6 0.8400019049124199 0.5143745292144083 0.0034282091282262783 0.01990918325766411
6 0.69369776510658 0.5090906037719118 0.002098798942730573 0.012413932833027386
6 0.6963875379579356 0.512969128547863 0.0027520357674705176 0.017911431619373586
6 0.4205471895162134 0.5196270038839299 0.004181367518756751 0.027378898091828807
6 0.5110026120115675 0.5139866828264315 0.00279755371691226 0.01936482890023805
