7 0.2995815392111512 0.4874835922044606 0.004748200555311777 0.011321961599867258
7 0.299770227368376 0.47678471927178223 0.002008381628794187 0.010420714667011277
7 0.3004532214682487 0.47759116385270756 0.001937377300929688 0.010065300104309172
7 0.36400994268317155 0.4850183362872673 0.0055039786548078395 0.013454804526117192
7 0.3087731820237089 0.4735565959330469 0.0022294216340120743 0.011846078799484627
7 0.331006535057921 0.4739389166988124 0.002166674148098402 0.0116773435631643
7 0.518187233579301 0.44721116871932526 0.01899377901840482 0.046731636469479865
7 0.33358971090728995 0.3983763152296014 0.008302891840014037 0.04618312048904982
7 0.4129013934095763 0.40360701453439457 0.008671148063457867 0.04372440177384174
7 0.5120782868122286 0.5353802103570334 0.0021188914950576176 0.006647527299544764
7 0.03430771816510281 0.38314123019522817 0.016256870255742094 0.05340357745785257
7 0.21146257768577265 0.48347201110838167 0.006917139901156721 0.014790353027944847
7 0.2196553411309712 0.47476428695432027 0.0026044928601518524 0.011311295558913248
7 0.21570553913678703 0.4737439432091883 0.002728855902085603 0.011762106252741433
7 0.2105205922745904 0.49546529463581135 0.0050011547447236515 0.005330858636700075
7 0.6863219928593015 0.4000524679517034 0.03614368688676173 0.08975709397261011
7 0.5391309259726109 0.3973308906952133 0.01057414218413033 0.04667862513739712
7 0.5780466559409143 0.37892619191128696 0.01294218691396587 0.0554250686823165
7 0.6765671894236082 0.56382526655845 0.003955688241061184 0.012362273771399424
3 0.23134185974754876 0.5384194184172298 0.095691330800528 0.08587602191334681
0 0.583327120776902 0.5427280199819 0.06311766101975991 0.03687395388186954
0 0.6362089604258585 0.5449759105096205 0.07300093143203945 0.041270141972436614
0 0.2599877173590556 0.5212422357836786 0.024484066585796632 0.031193798072395085
0 0.14613212334674874 0.5165646901835221 0.03350780654758986 0.014689440668308351
3 0.25065921064348673 0.5114706538461734 0.036478505198834194 0.024784252170090004
6 0.590386397766153 0.5249824188969336 0.005349718848900675 0.03448090420382521
6 0.812422305293128 0.5204098818638442 0.005234092642502519 0.02796722679668595
6 0.028668517004913106 0.5427202540492185 0.009480297908872094 0.034790336065715355
6 0.7460275631670794 0.5260953187433164 0.005294179067035998 0.020886839640961274
