7 0.05258501231714147 0.42923137783867543 0.01978770813711482 0.06395761216301454
7 0.011605545709075207 0.3450797090883455 0.021556540410434318 0.0720203610496854
7 0.051297806128347535 0.5473860928216341 0.002788578741637668 0.009037047828766354
7 0.38631301080531066 0.44904189795583627 0.01189844665384121 0.046562248440374654
7 0.27189908709667976 0.4034437543328959 0.009431673346422975 0.04440877210083666
7 0.3839178518863746 0.4858162840708802 0.013643503449564331 0.01650432231699922
7 0.37975576992464766 0.5360088977783286 0.0020918892671574763 0.006567216104449769
6 0.5915390436699249 0.5331687752726995 0.00740991643794775 0.04600063108543473
6 0.5925659858291454 0.5774204908386285 0.01168022741494612 0.1020126279167286
6 0.8884444343424434 0.5227307917388112 0.005953432930940861 0.031092476963427096
6 0.1259347357180227 0.5505635274739192 0.011558395561534096 0.07091435266804225
6 0.6105667982686258 0.5809309996686551 0.01692699587440971 0.10770397586624336
