7 0.5671334214941456 0.4907972384857252 0.003409983057816479 0.008537914249911516
7 0.5341728875298581 0.48415946584634884 0.0012610625647608842 0.007208803282653331
7 0.5471209723629458 0.4841396185264566 0.0013001931641940523 0.007220203382730883
7 0.6182790386380037 0.4814150422106832 0.0069305771784081704 0.01663528526230723
7 0.5542182987452222 0.46857224527735697 0.002556642902230344 0.014065398242247007
7 0.5794250012842325 0.46848601213983765 0.002704798865180269 0.014108865120409042
7 0.4242254563858479 0.4846396201848514 0.005703678307950155 0.013773965440015024
7 0.41913585686214777 0.47209741521479376 0.002648298323634779 0.012480150629996134
7 0.41531375249090663 0.4818410024908918 0.006733757405223528 0.016183323535287453
7 0.47743743618648904 0.46923337590347175 0.002631453980810494 0.013756888039515691
7 0.45315360616992906 0.469315260318375 0.002741768876318662 0.013715561435394985
7 0.6363848081960989 0.47718319632911244 0.008577845018147734 0.020300186784103336
7 0.6194616246612662 0.4667617423694303 0.0030856900962079603 0.014880306154668732
0 0.5083516707539876 0.5175138844722607 0.01215971763622603 0.01589745044874402
5 0.4962320573507397 0.5138059712564066 0.004450567686610618 0.013075295858568703
1 0.5260019133752807 0.5037347630378577 0.023811337957606926 0.04565796227042129
0 0.5421771275832608 0.5118193230267434 0.007656679274875122 0.010335856061315263
6 0.9745486843991713 0.5743744165241688 0.016662920742052556 0.10496295979334902
