3 0.7086794481688481 0.5128765298954554 0.012479287578557319 0.01754989382215244
0 0.6889555211916752 0.5314512161933378 0.027713337393113546 0.027717296140227332
0 0.7169984558332276 0.5191326123879665 0.014225843987975328 0.018508740252897504
0 0.7546820065724078 0.5129671667005242 0.015960470844052055 0.012526792646911145
0 0.4282478375689951 0.560536715022949 0.10864756950609106 0.09233921713196858
0 0.7320983287171214 0.5239932987689553 0.020627134072589315 0.03024659414492925
0 0.7133246518331975 0.521097731873245 0.016922981323335362 0.019184624335668032
0 0.6804068544688835 0.5665748018910928 0.06187210332905435 0.09099675418439712
0 0.7200272070296934 0.5178687090735008 0.01583025001842675 0.017805950214030974
0 0.7363438190363789 0.5233173986748685 0.020130216944148738 0.02389925614585997
