7 0.34996743596583935 0.47385622215851586 0.006459657946339958 0.024052728377875476
7 0.32170213484137244 0.44521084177276543 0.00611067520191827 0.024736874153582167
7 0.33577365657049335 0.44977287202948435 0.005508811812356296 0.022713834968179747
7 0.3509331023770506 0.4931034474723535 0.007363261800429899 0.008648400170731763
7 0.5571366244412655 0.4749533730781996 0.004601362302861345 0.022708903639440337
7 0.4709092128526226 0.4572922319132894 0.00376480272915225 0.01919273688271278
7 0.5049537891361708 0.4573117449933547 0.0036437588590690906 0.019184295495570602
7 0.5538161350895558 0.5180455581777578 0.0009536187541806518 0.003203083387978589
4 0.36257914597729346 0.5572637260919422 0.024883211663608906 0.05920707891845711
0 0.5673818767425223 0.5178934831267761 0.029095088442744887 0.017319497248860283
0 0.5089366838118303 0.5243697404284582 0.021753608521398515 0.022708359108813636
4 0.5644838384238944 0.5188718216462771 0.00915112821421804 0.017754300185042093
0 0.532680146959418 0.5195066169140681 0.02217727200007158 0.017663147357370956
5 0.4990929379506244 0.6672582944891647 0.05308114312110079 0.18926703168803438
0 0.543520518267555 0.520652201330009 0.023520612679509556 0.019454054278175148
3 0.47737758792618623 0.5253904316934379 0.029150948504625573 0.03465331806657457
0 0.49940066246219444 0.6043077295283505 0.08596487228591687 0.14076609635525295
0 0.5010117004869324 0.522594918025235 0.028391837237988105 0.018646551569323155
6 0.758100351809093 0.572590449222775 0.017469915591845075 0.10257765295566212
6 0.5405843886525092 0.5129638786760395 0.0025440766889032185 0.01589164768704865
