7 0.4745985605893016 0.47439121652046157 0.005476496491897465 0.02227780255959627
7 0.45346905851732333 0.44896134800006415 0.005146638687495486 0.02254683534393298
7 0.46410676159409225 0.45262335720799074 0.004716156394261262 0.020884694007434645
7 0.4755958067669873 0.49223648177832646 0.006547166700118512 0.008030558730364623
7 0.6758265715514036 0.4732448296385906 0.005051789184670419 0.02290381656366025
7 0.5877448273896841 0.45696903011716616 0.003629006765289766 0.018719297189331907
7 0.6218212456228649 0.45640519451965345 0.00377937726169153 0.018971355028049197
7 0.6723113327467978 0.5166570736315916 0.0010186065268781297 0.0032297733588989574
5 0.39996201028833867 0.5654196820521565 0.03631429663288155 0.07145537367050259
0 0.9509520510306173 0.5417578029636068 0.0980958979387655 0.041117650747763634
0 0.9133960173236926 0.5365207967163206 0.08426643952409307 0.04046625144800098
0 0.5905061770445776 0.5232679164196006 0.01893220390050321 0.024690525018142284
3 0.6391287788176833 0.552733474901808 0.059153188448120675 0.10571727141354215
0 0.49390825824320594 0.6649611728469047 0.09577437342342793 0.16416088621281955
0 0.6698022266216401 0.517798845067498 0.030550055161333134 0.016765540816518487
