7 0.5755241680595646 0.4685535019126672 0.006013620473997894 0.02804195681225513
7 0.5113538583802844 0.44680756574506497 0.004527282376563413 0.02370781324014487
7 0.5741462436470604 0.4910329348786405 0.008167048735009286 0.009973806231377613
7 0.571439653806392 0.5216036476900556 0.0011953546052750896 0.003948198735562958
7 0.4193990134265271 0.4674993503313031 0.006143231846573616 0.028446221284927076
7 0.40319598167825893 0.4310644314513217 0.006650097487004958 0.03048870826723521
7 0.41242455947225964 0.43777817974946814 0.005919293449387908 0.027473200696418676
7 0.3077285469474144 0.424680722610434 0.019562467873277423 0.06724877256321476
7 0.36422460758314257 0.41674959183340865 0.008512339784101874 0.03696116426728002
7 0.3442732419146992 0.40431294802647516 0.010064993871076622 0.042631625093160874
7 0.3104926568871976 0.5473682870699366 0.002518619316037418 0.009151817764745274
0 0.7673241134171547 0.5389242388825979 0.0657753846094854 0.032798380488957224
0 0.7812884212267953 0.5435109283170552 0.07944338473383827 0.03401797759493019
0 0.5083698486740995 0.5738027745137889 0.0649208680783443 0.08901908388684565
0 0.16267971098539344 0.5424952114188347 0.07551184720587344 0.036069467069550276
6 0.9058778766110742 0.6348673578144586 0.0380727454988975 0.1944866108616452
6 0.6371827263268157 0.5369122544535858 0.006716643271218792 0.046948761973164665
6 0.6463583231584289 0.5252645544191126 0.005913883093757066 0.03562039234351977
