7 0.28729002244635116 0.46012793135278257 0.01095465717773475 0.034783459590359334
7 0.21919907334027403 0.4105518349688301 0.011078458583881845 0.03968223613857974
7 0.2533870713519377 0.4214592202598534 0.009327286549541458 0.034723143833739756
7 0.2880310274172989 0.4877452997268236 0.010917848897560145 0.012451946261379576
7 0.2857443143349163 0.5258133920898981 0.0014476850975791433 0.004946101352283572
7 0.5827096598330235 0.4624609575437814 0.007005008016377157 0.03215901558042045
7 0.46147512103808674 0.437580660394573 0.005411588959568725 0.02717398407356303
7 0.5093954016947912 0.43758281523631326 0.0051420706842049135 0.027173954019057478
7 0.5780406025223699 0.5230607340991142 0.0013736215209586566 0.0045111846088286
0 0.5105353564955467 0.546261477168724 0.07582543060402364 0.048800535885837215
6 0.2773714081252716 0.5309130948243728 0.00716817216869986 0.04400327595940268
