7 0.5020295744778872 0.48166444254813445 0.00124462394462177 0.0071526738636116804
7 0.5020866586315922 0.4820774262031009 0.0012134092448531364 0.006973039506651568
7 0.5450117778628346 0.48727329759624405 0.0037072512020175363 0.009300563568602704
7 0.5091923538969201 0.479985957300188 0.0013789998899865763 0.007884027091822066
7 0.5232975006050571 0.47998463523143486 0.0014219302546542023 0.007885949107344359
7 0.6103534804453903 0.4750189362501458 0.008281348286421353 0.019793716664581018
7 0.5345378008154223 0.459478199325669 0.0030929762044709097 0.01688558061195644
7 0.5645337397944088 0.4594647530777808 0.003287002211190937 0.016894407494804642
7 0.6074310679839332 0.5130151967654257 0.0008902316022515455 0.002826416114474428
7 0.38099393488438593 0.47914163921581787 0.006856651824689641 0.01621705719368488
7 0.36622921121110397 0.46204326471965074 0.0035151121010734143 0.01573658029472569
7 0.36667321771426753 0.4751368923260204 0.008384196991762016 0.019646717815719084
7 0.44235536101529366 0.46009935258892215 0.003233231590943686 0.016602204379558394
7 0.41293297147159486 0.46011223962466763 0.0034141251451278443 0.01659368305663045
7 0.6378480716590382 0.46870709940700606 0.01075787632243319 0.025224202916385885
7 0.613039411065032 0.457137429075652 0.0038150837841264273 0.01792871914996924
7 0.6204205452623706 0.454347293380999 0.00412768472844105 0.01916608147923088
0 0.4890764901580983 0.5091442320479348 0.008552420406834571 0.014275253766075302
3 0.974876619980957 0.5581591415451399 0.050246760038086036 0.13570972851438312
0 0.47495284113066266 0.5080551650024364 0.01288292959895776 0.009284168930256742
0 0.5028636239419618 0.5211557948896153 0.014500801224208937 0.022865817259546506
0 0.48664722182855424 0.5125220883660568 0.010022824721287293 0.012843038033211296
1 0.4209610328238765 0.5102984537791302 0.11706884202456957 0.19673129913012288
6 0.735691806664778 0.5382116002264123 0.010055769328402464 0.05730209144690479
6 0.48086530184568904 0.5140493200074765 0.002365299978376978 0.02031614353639688
6 0.5006013562940705 0.5141507666082032 0.0025178833618210716 0.02065349591332677
