7 0.3844713832431471 0.47993034899801057 0.004315531479838097 0.0179176156608733
7 0.37045749661608 0.4607436273746363 0.004018716327230831 0.01745015718184728
7 0.3776116963253786 0.4630798211061743 0.0037431055673209923 0.01641850215412144
7 0.3853970726745821 0.4943402008235956 0.0054028204418875014 0.006459453446808872
7 0.540104808048282 0.48051069107121447 0.0033106428625976347 0.017121442375791884
7 0.47479282212585344 0.4671443248619494 0.0028123259295503855 0.014477608773198702
7 0.5005641949584232 0.467169640865111 0.00275472026207646 0.014467116980799721
7 0.5375833891096347 0.5131432836451584 0.0007112320239111014 0.0024234309346805594
0 0.5250890041738933 0.5161134336610796 0.018656182484458883 0.015234665828785188
0 0.37701406288657185 0.5507017357995696 0.05368315668614421 0.05911272065715922
4 0.4250038635611889 0.5201277089114169 0.007384106469335183 0.0199653093984955
0 0.46432604720286075 0.52806376581289 0.022322373944257512 0.026833223383602167
