7 0.47783986583451454 0.4868107443513247 0.001722261160905847 0.009614698085184892
7 0.4773088120234339 0.47787707360072695 0.0017307627331570319 0.008735200871300364
7 0.4781215720831785 0.47849354250947873 0.001675969366498331 0.008468807313830984
7 0.5317177260422701 0.48702535795346846 0.0017258771515624716 0.009580037587985701
7 0.5094309320777992 0.4795867778239478 0.00154172262488117 0.008079054861703905
7 0.53126443671794 0.49479180887272634 0.002766100888107581 0.003456089935067852
2 0.48592180649422456 0.5115153727330639 0.0145156885331022 0.02146634567687744
0 0.3346471825345887 0.510959134575666 0.022309124470764663 0.011886931183172189
0 0.5054470296861583 0.5117488922500941 0.01220262122802529 0.02082810489134046
0 0.5049672939658161 0.6092965554045475 0.08918101364160913 0.13180089520226856
0 0.5054187924812589 0.519930271564556 0.01651947885274807 0.02094125010552006
0 0.337538367496943 0.5098952789486897 0.02450850613048089 0.012358272589059194
6 0.6356988430176346 0.5287334616445514 0.006085074555752135 0.044651336717961176
6 0.23086281377560985 0.5260856878475387 0.005809455800751623 0.023248520169898645
6 0.35170000947968605 0.5090931201105088 0.002319864514713499 0.01567266674835932
6 0.3536557677998236 0.5069201615553662 0.00185368392214047 0.012507606247551872
6 0.22150419961883538 0.5277587956800387 0.007568594662544892 0.042805369517805114
6 0.5405860080599039 0.5089856744090202 0.001836169594505166 0.01409570998492804
