7 0.39937574716532515 0.4787855836353133 0.003784416863376938 0.01625567266702188
7 0.3883109821441669 0.46182105188295053 0.0035201812456034376 0.015605619250074865
7 0.3940451021262627 0.46372657261738115 0.0033055632259172407 0.014775285936453553
7 0.4002674320615325 0.4918708640040712 0.004869034473858891 0.005863846115797655
7 0.5409741882020074 0.47922873699347424 0.0029895081071406038 0.015635008559898023
7 0.481305999823021 0.46704458935442905 0.0025554915723169924 0.013202063010363141
7 0.5048278657516707 0.46705715201543224 0.0025160910632547884 0.013198732874978414
0 0.3494834641352361 0.6289891541101211 0.14594749287773162 0.15982817371595315
0 0.45145261283355376 0.5405390735481799 0.03730999900559745 0.04317735412098467
2 0.46349513912234386 0.5117931878413831 0.021012265108893424 0.022262900090449733
6 0.6257414453233703 0.5329415162074922 0.007104330296839323 0.05108740452181404
6 0.6044335792267501 0.5256105130645399 0.005518267694442858 0.0402306489568478
6 0.2978101897918418 0.5255810969295955 0.006342815041224803 0.040232073568127524
