7 0.6318720224128481 0.4917918986343509 0.0028545381289315497 0.007129716186250412
7 0.6326193800041942 0.485463502309307 0.001155276771127478 0.006364712918614124
7 0.6327685548948179 0.48577862282793516 0.0011302310372357516 0.006227217990667666
7 0.6720227873217319 0.49038876133928067 0.0034666936251989133 0.008333457513593323
7 0.6387497464636699 0.48415052487073096 0.0012470697193667224 0.006938056465401354
7 0.6517102372082172 0.4840433863107706 0.0012926556346277707 0.006984982945082485
7 0.7156550035493873 0.4820803369658884 0.006760868590126812 0.01548663809231876
7 0.6536731993223159 0.4709052710943607 0.002358250824555652 0.012757868796385852
7 0.6776759455471798 0.4705447153032916 0.0025280470312001313 0.012917430467759172
7 0.5357247925921651 0.48591088132352916 0.004978673144602763 0.01217974593529958
7 0.5288809544476343 0.48379813760244716 0.005726327475423121 0.014000482769935763
7 0.5832073102208741 0.4722707410349183 0.0023543911906344084 0.012154217183856175
7 0.5616743661961452 0.4725906450211189 0.0023968946115459078 0.012012849139624304
7 0.5876646680739217 0.49081529661092205 0.003223061621511203 0.007966109465294524
7 0.5894090214460324 0.48549898746689746 0.0012266099924204132 0.006348837644026439
7 0.587112210105106 0.4972980462762818 0.002354423592742183 0.0028796930042027102
2 0.6005299937372061 0.5044386203805734 0.014784916384516622 0.027006744293049945
0 0.5403281596629952 0.5330911919407226 0.030791864819772363 0.03389086023320387
0 0.5536451093524328 0.5177012457508573 0.027658376063593892 0.01631603208110688
0 0.6155315440216392 0.5133828128706228 0.009586631995136319 0.011183054641982992
5 0.6566767017848119 0.5270072830253862 0.008777528764012277 0.0253507195686532
0 0.6105819604412859 0.5174497384444472 0.031013349973632698 0.01857841561815121
5 0.6637453742553329 0.5285420778686513 0.012537995801812585 0.029556092064802586
3 0.6238283447576287 0.5228925211831027 0.020182549946095474 0.03442256968433699
0 0.2180003660434443 0.7786534565461647 0.3728224095195656 0.37847965480350554
0 0.06877640295796898 0.7694837429015251 0.13755280591593796 0.4610325141969499
6 0.5756812364004753 0.5084647308570674 0.0014244332774522306 0.01182457498802103
