7 0.4630018450230573 0.4852268846543547 0.0024025912250803527 0.012939386197747649
7 0.4612432370754499 0.47250846487327447 0.002430612537749788 0.012080574007004685
7 0.46279092717553044 0.47365666629215586 0.002323986952467494 0.011576883365657431
7 0.44789229927492324 0.47992717017875985 0.003447581716495951 0.01754997488706822
7 0.45157289033526493 0.4704563641449568 0.002653482756414416 0.012981739308416174
7 0.4492860059795057 0.4690081207158341 0.00279300671487015 0.013618440189062553
7 0.5352217724756756 0.4856039469163399 0.002395060125699011 0.012855830693812853
7 0.5053999507314437 0.4755959410598208 0.002069671470359302 0.010850853976449581
7 0.534608340725139 0.49600718361049 0.0037167829311790523 0.00462479386884479
0 0.34459052291864245 0.5164373461666321 0.02821297046201726 0.01412489261823846
0 0.2869624867487557 0.5154916504810532 0.03080508865445597 0.016121680541073213
0 0.5049854181207702 0.520424007967947 0.021085303513297737 0.019350740869141014
3 0.8858902122850416 0.5153958067669685 0.03773277650610485 0.022476550669098705
2 0.25391399841905415 0.5150315468494788 0.04520041645280179 0.02307292306009756
0 0.40940474472454325 0.5235740859137309 0.02305475671595164 0.022920137489326642
5 0.6037271260529871 0.5754566731178352 0.04931962063695039 0.07503976271255086
0 0.4764695327331836 0.519040063205545 0.015851413522823377 0.020477585184049074
6 0.489228576982578 0.5184901464468901 0.0037034325188550765 0.023406351687552673
6 0.7671169656221188 0.5720024453756785 0.017270905669002246 0.10259632180135769
6 0.25117326496688797 0.5250034427622632 0.006121293523549842 0.03516986151339607
6 0.3563455492638569 0.5141876705811259 0.0029272627638580184 0.01763696806000492
6 0.5533321006189315 0.5145563717314485 0.0021853682415458042 0.0182405864609676
6 0.8627195647729808 0.5148065557268682 0.0032946954467053535 0.011912196369285755
6 0.8356994413348799 0.5165180373460324 0.00432907797672033 0.023082598264505094
