7 0.34829955249297045 0.4742071110046947 0.006512810690456838 0.02418860424287511
7 0.3196730365116304 0.44540260562441913 0.006166659031293986 0.024911829398955143
7 0.33392448655279905 0.44999168804122713 0.005554644895709171 0.02286125219671431
7 0.34926683060548297 0.4935686298358283 0.007412921447383702 0.008697413973551005
7 0.5566019333121508 0.4753009055402174 0.004630101316134616 0.02281291190119633
7 0.4699566649826804 0.457551296977484 0.0037840727639438243 0.019289820466816876
7 0.50417386857827 0.45757332288054026 0.0036633142055795265 0.019278815891728862
7 0.5532683096295781 0.5185983465334036 0.0009585295399390237 0.0032189120824888118
0 0.7525388764400393 0.5339451990671398 0.06460746996377487 0.03113152966564392
0 0.49925014413568053 0.5690182136667157 0.04836177485410331 0.07205705710250954
5 0.4991042239792258 0.608209443007104 0.03195952962735604 0.10840535612549274
5 0.391795996783867 0.5330985614894208 0.013964928173513635 0.029260606426931735
0 0.418189808026996 0.5271409957683455 0.015981467829524865 0.020467861154949474
