7 0.5779755602704639 0.46203052369302844 0.007421032223695501 0.03328488731324414
7 0.576326966928109 0.4886203975186064 0.009679788224846941 0.011795066805862453
7 0.39243695297445 0.4603575437293756 0.007767763028951602 0.034143942686584716
7 0.3665709286988139 0.41223427071749597 0.008757839587264393 0.038696991953160564
7 0.38096354907001895 0.42265609577912583 0.007545055738418738 0.03396775377607597
7 0.18137974802098852 0.37803344557291685 0.040418524652967525 0.1108232715629619
7 0.30741498012451685 0.38802801435614886 0.01219191769073863 0.049803073839371215
7 0.2698839433532577 0.3647088463182524 0.01551003110913074 0.06066315411367623
7 0.18955715207541457 0.5735392390421586 0.004865367797454834 0.014635611924584513
0 0.9705457800932914 0.5443814297335323 0.0589084398134172 0.04177001014553183
1 0.5861809166257796 0.511807145336296 0.24951553456325298 0.18520210737716425
0 0.9999289781658702 0.5645987358371669 0.0001420436682595394 0.06609217388017685
0 0.9563642327898451 0.5478180414934983 0.08727153442030988 0.05280364164725537
3 0.8000762490241362 0.5394780854320446 0.13568411680247594 0.09084785828565262
3 0.8944904047407374 0.5378796149482916 0.08723898173859712 0.05516929554332106
6 0.06996192413796129 0.5397785474239203 0.010713009687495542 0.051759544397074975
