7 0.5288636046606119 0.48876493526687803 0.0017594285685685884 0.009755154172351566
7 0.5061701223167456 0.48116655612576964 0.0015692641276542352 0.008229334583678194
7 0.5284005622538157 0.4966742999712487 0.002816312120824449 0.0035177024512410004
7 0.4739728424848183 0.48849660059354927 0.001757522658813071 0.00979863525032526
7 0.47339002156006377 0.4793738874454898 0.0017668650687805432 0.008915307721163945
7 0.4742373471117115 0.48001065647929464 0.001709746511607102 0.00863794487636732
7 0.465571345672789 0.4856707322977624 0.0022677337305071488 0.01223215002168887
0 0.35305628052368837 0.5127955968193308 0.01999142815528776 0.012880832623371363
0 0.38644408341712094 0.5116276608724755 0.022108342079615872 0.01237558799642069
0 0.5020908361188945 0.5390750620226421 0.029865472600028586 0.052624541725247664
3 0.47632225741682793 0.5109085954864067 0.017095285390388515 0.01637521659313279
0 0.3960363430095789 0.5215038661249733 0.022310762116058536 0.019284043454569244
0 0.5349073342569517 0.5134647954438762 0.021818658788847145 0.010445946309560084
1 0.30677470996750866 0.5020768616774651 0.05189474716735215 0.03384913413663698
0 0.5161483377524589 0.5130384129335378 0.021484452672732135 0.013044437386802832
0 0.4480964569371785 0.5120669308269543 0.018138780267568766 0.012250302283099868
0 0.3571972620123721 0.6217696866068441 0.1357388856866763 0.15873557726453003
3 0.3530410058712704 0.5084340046238444 0.02778768486488631 0.01962840719601444
6 0.5069100188741659 0.5128551045397176 0.0019642843145670774 0.016596078270123105
6 0.031678892127437276 0.5110695138455755 0.0034829653845056506 0.015882373712838183
6 0.5432451832239322 0.5109181946923473 0.002244677499392167 0.014083656912891152
6 0.84160451552421 0.588092966761862 0.023523410794786925 0.12689915772679972
6 0.3682564259525709 0.5137066901834715 0.002796056282564574 0.019623186318909247
