7 0.42340535883359687 0.4578694443635424 0.005801599756319498 0.027083775930742016
7 0.4091106686581506 0.42396623589299764 0.006234867760004759 0.028675622081525798
7 0.41731911540837036 0.4299453481143306 0.005587696359000138 0.02599263144720887
7 0.32758363994529915 0.4212712789986596 0.01682631086370845 0.06009888008979569
7 0.3739845526668153 0.41144523230886465 0.007856632417118814 0.03432852962647681
7 0.35693987564930646 0.40080939617459854 0.009165202801471928 0.03916664774293771
7 0.5722031673933884 0.45885006815246 0.00568795850801096 0.026719798058274014
7 0.5110194014659466 0.4381199371509342 0.004314931748658157 0.02259858984567531
7 0.5708726103487032 0.48028281197350353 0.00778012829938346 0.009507133718899219
3 0.29996546323283957 0.5292139379193203 0.08114565284618608 0.05775974118695926
2 0.5000880397281677 0.6841172798141624 0.20700312250298952 0.3458875684330963
0 0.7639515014239405 0.5236900065892536 0.055282225789512474 0.034206636002241386
0 0.7896766277540437 0.5289765157917928 0.06915803832386658 0.03390384655348089
6 0.314875319272931 0.5501697680598087 0.0139122306283182 0.08698288964865508
6 0.11781521783621637 0.5599843300377977 0.01795694944492182 0.09166337871029806
6 0.6557345946451515 0.5401042456414171 0.01072970887879321 0.07306280141217525
6 0.12960634840776541 0.5560986270936821 0.01739192434227954 0.08678885299047623
