7 0.5316683031491041 0.4885938881595101 0.002143525410747138 0.011638808134056655
7 0.5046157720323752 0.4795256536394321 0.0018750231482429491 0.009827448676011874
7 0.5311138759097608 0.4980273614627925 0.0033658318699987255 0.004192524799919883
7 0.4661758813553596 0.48826479532195244 0.0021475749208162975 0.011708145059564912
7 0.4649380522722558 0.47710364075272127 0.002166720929773991 0.010825995473590588
7 0.46618476537733744 0.47798412490414044 0.002081527581790976 0.010419723373747358
7 0.45397701094249693 0.4844113513365005 0.0029523735205572166 0.015359524190667828
7 0.45658611020431494 0.47554823675691954 0.002342690496777766 0.01154424142229471
0 0.49975407377135 0.527432772719497 0.018267788603387625 0.024237972983233602
0 0.28633139554997783 0.5163204624211509 0.02532653476309199 0.018383476530171583
3 0.2773437525128801 0.5124852772004969 0.03546658675357178 0.023979390655123
0 0.476204873190938 0.5215551410428685 0.014516696922882821 0.020875659646319655
5 0.4997367920757873 0.616708862858107 0.029830173162425422 0.12379748949389091
4 0.6496042170798608 0.5426287510003944 0.024622967984139543 0.03944696942601522
0 0.4997899885817243 0.5234830596891177 0.014946628396314388 0.021232955330433123
0 0.4721826708931255 0.5240571751693255 0.018321387198901196 0.026190202796552597
6 0.3016433320221477 0.5165169099509095 0.003194792920316769 0.02022677772218917
6 0.28856821427550994 0.5158468663043012 0.002771092707596956 0.01937355102981486
6 0.4890883445079729 0.5178682366043986 0.002915711652538455 0.02060837067588661
