7 0.5301087808203553 0.48851528188025123 0.0019403077854366346 0.010646525013179198
7 0.5053418626864488 0.4802203927029729 0.0017145229399034845 0.008987342971366219
7 0.5296022157160883 0.49714926664838816 0.003077323862527681 0.00383775509517148
7 0.4701776200484791 0.4882226641179546 0.0019406319456194976 0.010701535088048053
7 0.46930838996019164 0.4781903672914031 0.0019541171090745046 0.009813627059905072
7 0.47033417173786196 0.47891777882720993 0.001884512418035278 0.00947860478982998
7 0.46008739507426605 0.4850796149443344 0.0025788970268720846 0.013672345711665979
0 0.501356952018948 0.5256659250151012 0.018246934761110167 0.023471237784258636
0 0.3085724037375157 0.5136633932435157 0.022416345748788147 0.016538539610221337
3 0.27261262357037075 0.5102425693991101 0.03213096926044545 0.021664606673445386
0 0.4788588799482737 0.5190875297649533 0.013487899106801426 0.01945046435563491
5 0.5006705428292799 0.6310336689119123 0.03398892768151074 0.1428270275255581
0 0.5009173715367148 0.5206931634445622 0.013825835031854916 0.01958523033818771
0 0.47351598352120716 0.5227575510292636 0.018170607285043217 0.02600784021468905
6 0.32453363752190584 0.5136716921547615 0.002751512104694598 0.017998025316190103
6 0.5441198813613743 0.5121576107493215 0.001713233356092414 0.014607850458909999
6 0.5100752451760661 0.5152655374093533 0.002131210349079149 0.01845281765200013
6 0.35863440436180316 0.5137399254497848 0.002733522263320687 0.018087998893894786
6 0.5223872440046966 0.5188924272801643 0.002987769513854155 0.010834237452995832
