7 0.38682466191603715 0.4549822094830217 0.00957957171718321 0.04023493219384783
7 0.34751476418464566 0.392147387373685 0.011372031010028927 0.04859090687409928
7 0.3692587914835563 0.4078536383192558 0.009425581874484168 0.041360198741305754
7 0.38622512795954966 0.5307170565979905 0.0013496227466094912 0.005718430930004237
7 0.25759509052534957 0.3520305600825277 0.017579130490496614 0.06737673015389123
7 0.1853974506519476 0.30725279827466645 0.024959638221140612 0.08888260750398869
7 0.6049604139568243 0.45671678401252713 0.009253218519604367 0.03942044569627906
7 0.5156220563067129 0.4262201696785071 0.006379699382991211 0.033376465194924765
7 0.6029805542596263 0.48810889454102646 0.011542582089998032 0.013907197686306716
7 0.5992900831149123 0.5307029302444383 0.0017200028080839314 0.00551830322817759
0 0.2525028993908338 0.7094307475312176 0.21882018981838017 0.2608317914295438
0 0.17706797444537437 0.5682829209379758 0.12445334010829232 0.07795905199423359
0 0.9393990111078387 0.5640460336185505 0.1212019777843224 0.06312763503878549
5 0.7441397471633584 0.5797183546653539 0.062293926760212615 0.07682232915283105
6 0.7647870549018462 0.5699860839256249 0.015834532238444998 0.09171017686391392
6 0.4739884248974384 0.544273692456885 0.008195014636750486 0.028799981451395285
6 0.4414954196228532 0.8248207298810777 0.04731455491179837 0.26937947242834015
6 0.00892646708590519 0.5471829035189802 0.0150848546414529 0.030805468526881707
6 0.7185456002868145 0.5366364126839119 0.00825059929341354 0.05083058065810109
6 0.851155351707104 0.5355437781548067 0.009444198191153164 0.049269087269444456
6 0.7164043990565346 0.5638593286172434 0.010482007417106809 0.0808949319924106
