7 0.4244184326882474 0.47035285846502783 0.005618855757693164 0.026467551688266477
7 0.41095536630920715 0.4376001375883507 0.006010142468450996 0.02784347697359363
7 0.4187376115290662 0.4432519995082753 0.005405373432962157 0.025306607217640942
7 0.33478249202041693 0.43637433585777524 0.015615547081284986 0.05716384100155347
7 0.3774249310263223 0.425852041221543 0.007505955349435989 0.03314561970080587
7 0.3615420257905807 0.41597141928823833 0.008697870111937067 0.03763553269517017
7 0.3366636287991196 0.5415251191723267 0.0020515655120157406 0.00783850731435709
7 0.5699873750745024 0.47131875088513864 0.005508911194907817 0.026110250797151513
7 0.5101303300788222 0.4510529656597372 0.004214623778364568 0.022073404352161596
7 0.5687098180382957 0.49227620870473077 0.007597902867300554 0.009300894299499707
7 0.5661775920887274 0.5207901742425242 0.001108680133092177 0.0036808853502701133
5 0.40034614710359684 0.5422651109719266 0.032626753582271795 0.038600565646748075
0 0.1897467951348819 0.5447716538665661 0.09687087750122603 0.047745884526417925
4 0.7367153265102913 0.5337428125923427 0.022212457617249548 0.03383601687503468
0 0.36250122420188213 0.545898232921809 0.06317839010667042 0.043290770619769714
0 0.27915866540706036 0.6893398040788706 0.22782373016637336 0.26258151406683083
0 0.7837430771463418 0.5341838338546869 0.07182388339471968 0.04316415110409311
5 0.4992528151905072 0.6582116399839174 0.048096482402621876 0.1688952679437652
0 0.21964753260834793 0.5415051549797725 0.08421788304242467 0.04032712119154158
6 0.7804678529131922 0.5518849588439328 0.012950930327802146 0.0726705285132534
6 0.6696538277978732 0.5243820622616914 0.005355555225364017 0.033448212834701785
6 0.13565375157495563 0.568234734193786 0.01591822980932253 0.08684656294245263
