7 0.41042415270967003 0.43873704525854107 0.005752360898150066 0.0267514353477441
7 0.4176530525658822 0.4440028981803338 0.0051955288842956415 0.024401335561964388
7 0.34114895522595967 0.43899122866176316 0.014237405066756914 0.053404173117397646
7 0.3789651763014652 0.4278901339339128 0.007115605112643086 0.03161744212020379
7 0.36455526284230766 0.4188968715756884 0.008180969108146752 0.03567748942138038
7 0.3427655511948362 0.537476265372745 0.0018854905438489555 0.007335910681348756
0 0.4038951104258928 0.5383849111191744 0.05920611567537637 0.03690488453946972
0 0.16650882586588484 0.7981352030468731 0.33301765173176967 0.4037295939062536
0 0.4946607542677588 0.6412550447329669 0.1107043283618871 0.2105116574424124
0 0.3352307863505335 0.6381947754989428 0.14156192453909272 0.16631372562267577
0 0.38580579818996585 0.5346623980861883 0.057385929555759774 0.027285892330292993
6 0.6288710986305386 0.5457582193844801 0.009795752754010234 0.06615503868715611
6 0.24452094653102102 0.5600916816505804 0.01249679409968188 0.07807558909656542
6 0.13774450512501996 0.5336967023192221 0.008545261272393773 0.04457112502825622
6 0.676466783417244 0.5482722207002539 0.01138496990328941 0.06972314540086855
6 0.6831737224510348 0.5713752904047031 0.016305825491031767 0.10316173267429307
