7 0.6593146865476105 0.45411448403512195 0.017107151702870804 0.039682080006559595
7 0.5081925155525641 0.42273191158490625 0.005890671892829102 0.034310249216740196
7 0.5682362299272832 0.42270560880662256 0.006656096175926773 0.034322200345270615
7 0.6535681447856051 0.5298267681456963 0.001867565909714708 0.005658967030260698
7 0.19415993646016072 0.43226300950678714 0.008499447196968463 0.029990264461711602
7 0.22343220564896152 0.43874579778130834 0.007396058108085468 0.027068000328819286
7 0.17521069137590323 0.4545341131585765 0.019002262670106962 0.03931693651100726
7 0.32694244244270376 0.4251049784901527 0.007765617923106816 0.0332320264987539
7 0.26883282339875103 0.4251296530419808 0.008475157694106839 0.03322083382686131
7 0.7726550678700286 0.41981496443988386 0.03225778003384394 0.0698021328254394
7 0.6722918597165496 0.4128233968101586 0.008994478723450605 0.03883119033265825
7 0.6990503732739128 0.39911297339150087 0.010846091644815092 0.04513700152281869
7 0.7659317740484766 0.5506357727736197 0.0031019269461495247 0.00980564403577111
3 0.35836911540288147 0.5555545621635233 0.12837341958278115 0.11368204174338947
0 0.9181778292219809 0.5419494692832949 0.09036964419412885 0.03951058681863184
0 0.05225332550044634 0.5398055765837659 0.09653306650156776 0.0425988105925349
5 0.4281216213969947 0.538330187510441 0.029499814678784653 0.035511142340461044
5 0.49778019842027976 0.8123721994525764 0.11882749339806015 0.3752556010948471
6 0.09139252098554707 0.57866724750105 0.020632715270045912 0.10164429515922424
