7 0.28728934021404684 0.46008650889026914 0.010953965877005256 0.03478362800711693
7 0.2191969366802647 0.41050666686040205 0.011077603674117614 0.03968247189169544
7 0.2533853667818129 0.42141562651982195 0.009326566015236681 0.03472329016668796
7 0.2880309800983891 0.48770378300825545 0.010917602608013555 0.01245160044087762
7 0.2857451447772358 0.5257720308670065 0.001447575833442405 0.004946039220713683
7 0.5827099579822079 0.4624074783643198 0.007004710171106043 0.03215944785282043
7 0.46147464273546157 0.437532385024307 0.005411208947659674 0.02717409129643461
7 0.5093951258890608 0.43753236434664555 0.005141734241150164 0.027174080773086806
7 0.5780415599935951 0.5230075938746852 0.0013735760424277155 0.004511096631168998
5 0.9721701635122826 0.5478928762924751 0.0441744500002661 0.04937272023072192
