7 0.5604745618925864 0.4292478486457171 0.006047714603774401 0.03167173586566546
7 0.6160930673136519 0.4291989597111564 0.006708206548304174 0.03169416234405559
7 0.2618711852823502 0.4374852936656335 0.007230662712040203 0.027897784782059065
7 0.2834315632406881 0.44306911624236034 0.006382265089524719 0.025351624201181033
7 0.2514857382793887 0.4586802355471604 0.016696767804346035 0.03631231997941431
7 0.3910659547556625 0.43133219788409005 0.006480706025781047 0.03071482949793919
7 0.33727259058871784 0.43137816234505155 0.0070846628213354634 0.03069377646806959
0 0.42600220133542854 0.565033118073007 0.049544633718168474 0.06753659888156727
0 0.3403327476184157 0.5708787313710788 0.07757207408244077 0.07543639648136924
3 0.46147353334620145 0.524650679853601 0.02777586903642293 0.054763685697962416
3 0.5018416274914606 0.7709713587499891 0.2576157805013365 0.45805728250002187
6 0.22546333307809382 0.5685653315008552 0.016141309594907838 0.0902664103358195
