7 0.33447709193570446 0.46022504761828265 0.00972329153335505 0.03477993944143082
7 0.2830328041799697 0.41069629638194605 0.010222148748530835 0.03968000171752978
7 0.30944961912884517 0.421581362204668 0.008666738000042917 0.034721396704740615
7 0.33569581054949166 0.4878437547186909 0.010662205640327715 0.012450964846058232
7 0.3334099584643584 0.5259120257609939 0.001317785093628343 0.004946448834898365
7 0.6264128191909915 0.4625309944786633 0.008060627845565493 0.03215639809927795
7 0.5056139466975006 0.4376589895264778 0.005106836191848929 0.02717295980095835
7 0.5535110206082547 0.43765823201439547 0.00555054506592334 0.027172956724943187
7 0.6217839588970953 0.5231313066054418 0.001442944704224458 0.004511320560686594
0 0.5920265890831145 0.5407295445134586 0.06902271381530822 0.04668608584946432
6 0.35602231640547755 0.532647364862583 0.006971975383294693 0.02150060874255444
