7 0.4881854801760184 0.48372536442321634 0.0012767418379574513 0.007156578453987927
7 0.488537484096904 0.48413237277798093 0.001243928371992442 0.006976749251039693
7 0.5300182542943237 0.48935596228528866 0.0036670039366737406 0.009303313863446683
7 0.49415204767435994 0.4820703149311971 0.0013886758867074356 0.007888290102322004
7 0.508264463679587 0.482067678656795 0.0013827099090182315 0.007889310740445798
7 0.5808840933715909 0.47739498728720947 0.008099638124652309 0.019803441246682207
7 0.504887722730265 0.4618418559783185 0.0029182823450075723 0.016902267542529492
7 0.5348995085862482 0.46183070083437094 0.00310997887113007 0.01690696214032167
7 0.356076991700893 0.48143786590562343 0.006992450942949202 0.01625133379751592
7 0.3467315122155107 0.4662583796793841 0.0034339692285025314 0.014924795684858438
7 0.3369148304290176 0.47752355589971485 0.008582302939804887 0.01969522900704007
7 0.41298092802313646 0.46244893219368266 0.003409895159436682 0.016630814733893773
7 0.3834851058018901 0.46245973447981215 0.003591968866827111 0.016626275183348027
7 0.4367309581595994 0.4893791169561046 0.00376881274805857 0.009284969149816247
7 0.4361389547766509 0.496943363304987 0.0027420837866821146 0.0033571476855393523
7 0.6009443766043739 0.4712312078621508 0.010465233789773931 0.025239867529965376
7 0.5871644336573383 0.456785742630047 0.0038967634857502986 0.019174703693959183
0 0.5016790923832636 0.5123420652015426 0.007596758842531137 0.012058295539786101
0 0.4873201789827582 0.512326667191978 0.008488525650289347 0.01170451291162855
0 0.4499142437480459 0.5426104751325498 0.03582289275434647 0.04760654610129322
3 0.809136853763479 0.5730863920613413 0.15843182192283467 0.1118720822636512
3 0.4670588046833075 0.5108102891267885 0.013716772799202248 0.0215014067484095
0 0.4637043228063913 0.5135978769098603 0.013431994903876143 0.019961005307512547
0 0.9784662139581835 0.5800844332083595 0.04306757208363299 0.09799823239734062
0 0.4044497739776435 0.5814923858945451 0.07641505773393226 0.09800501138770501
0 0.4449242552794528 0.5163513877871553 0.013262919330926048 0.015167073991475655
6 0.41291084214597673 0.5114253512668876 0.002267214853646171 0.015765685312450817
6 0.4339913729607252 0.5073765472919778 0.0013085309757408514 0.01016426935631276
