7 0.4907593597449793 0.48726634846900807 0.004590789245571991 0.011182428449487969
5 0.26334463537277836 0.5834483795090672 0.05495596818420889 0.08762459813547085
0 0.5942521776727963 0.5104178625481467 0.006508383204090529 0.009844434553524017
0 0.5528585898473419 0.527653490653103 0.022826567628001393 0.029874644574639175
3 0.6870372066390017 0.5302864393793794 0.05793012232447281 0.04134124294086494
3 0.7309238972955696 0.5273397873798816 0.056176643182557995 0.040687979946598674
0 0.5646457605265132 0.5103741406708675 0.009926943650656384 0.014844794295797326
0 0.5128759526362773 0.5525769066486568 0.04788311527224992 0.060480785440883755
0 0.55105176622346 0.5122194567799607 0.0094372046721789 0.011066785159803305
6 0.7100832682640839 0.5528095686243641 0.010450112749507245 0.07257212860906237
