7 0.5769604213672859 0.46835286554249445 0.006163001435164794 0.028589257003251267
7 0.5115321464845308 0.446178151305587 0.004618875452268578 0.024180808558150968
7 0.5755524097140545 0.49127583135194275 0.008333052875171387 0.010166658115439653
7 0.572794485113514 0.5224481525047979 0.0012206829893283144 0.004027372961362019
7 0.417743915002344 0.4672781768978753 0.006300085041361481 0.029010669989165405
7 0.4006789071843331 0.4299560566016529 0.006845314087827348 0.03127622854297235
7 0.4103637475783729 0.4368977728587 0.0060740472417838975 0.0281110447030824
7 0.4175616411872213 0.5222981012444464 0.0009079321473982049 0.004132933183256471
7 0.29866304363653 0.42261868719606993 0.020939416565759372 0.07049058031310929
7 0.35997581687647995 0.41503908562037684 0.008828791632796207 0.03812494230658797
7 0.33866567086883326 0.4019501940266359 0.010505672008182143 0.04418715996770156
7 0.30175923166563956 0.5510164385825957 0.0026789824171529197 0.009592599384400935
0 0.17458216331686593 0.809852985912281 0.34916432663373187 0.3802940281754379
0 0.8200165060965656 0.5381502241877083 0.08227873563354471 0.048517807981479644
0 0.21737913482189997 0.5401083631309215 0.10548609788136012 0.05984617583130669
0 0.8580265225249535 0.5389445714099179 0.07971500055441061 0.03583410523373354
0 0.7959120866747345 0.5554433187930381 0.09400293396840997 0.04721654839537115
0 0.7653115438971358 0.537292795758703 0.08026946761976417 0.03917643042222907
0 0.49961783462006254 0.7952362026502091 0.29114058890337746 0.40952759469958167
6 0.3923966895579561 0.5967678828125793 0.01826043974789171 0.06273342838141993
6 0.07253684927358563 0.586638121284075 0.02215382215759463 0.1094484217302314
6 0.6389355685356073 0.5419416192889954 0.007147745235767666 0.052642824300313196
