7 0.3294757308708871 0.4599419006464983 0.009803801708802518 0.03490497253323638
7 0.27748522686865046 0.41016490515181675 0.010325082093097904 0.039874972442670464
7 0.3041862014027378 0.42113104833234805 0.008744371547134977 0.03487031283810538
7 0.33070412167595 0.4876582666678106 0.01073391909293031 0.012497882341410693
7 0.32841336559938616 0.5258607395174466 0.0013284107813337775 0.004965127569395822
7 0.6218564775912985 0.4622696997315847 0.008033045825961205 0.03211551379764899
7 0.5012192813423264 0.4373761447917247 0.005111975150145165 0.02719357750972312
7 0.5491071651851043 0.43739656962003387 0.0055471744168946735 0.027172044146775987
7 0.6172519110211572 0.52279246708265 0.0014386198833302721 0.004506512317905553
0 0.8581992655452795 0.5509907886499021 0.0931198644913378 0.04430608271993852
0 0.7922646093430945 0.5552635826648951 0.10662112160207426 0.055272128531865916
0 0.6001983305779592 0.5502650459351852 0.0833160959447028 0.04858940602776185
0 0.5612481416128448 0.5270509706438755 0.02763481043848437 0.025206237463174297
3 0.5031304191399208 0.5278646311665289 0.02659095669972339 0.04292288255736176
6 0.22670661219453148 0.5472758463386351 0.011681595564337788 0.06734017148545002
