7 0.5538009674470543 0.4853761811098469 0.0026583930809072065 0.013227536930274342
7 0.5232038835649477 0.47507712275858327 0.002200514493250205 0.011166297178678342
7 0.5531596081297102 0.49607797340549764 0.003861806883667329 0.004757317316394782
7 0.4796200062963626 0.4849816141891037 0.002295751035951865 0.013318951507652443
7 0.47976966251721054 0.4718089066038088 0.0024261781880594024 0.012474549963665704
7 0.48054502913579655 0.4730286589406777 0.002319631623841356 0.01193820623502867
7 0.47023993987933543 0.47932795828450425 0.0032636073464942794 0.018255640675337803
0 0.3345546045465432 0.5625121265170934 0.0706337464241979 0.06611033010858425
0 0.37369120152230145 0.5177895639807626 0.029023549390303716 0.016068629397940182
2 0.20923721824982985 0.5140231340547665 0.043162956433986266 0.02122185465609494
0 0.5806273319083961 0.5170454161932658 0.02638221076763203 0.021426158141164664
0 0.9708295457037043 0.5337833228402855 0.058340908592591445 0.03576321875480304
0 0.5398240995035566 0.5208165711780672 0.01653143606629648 0.01682689880396926
0 0.29861486233833207 0.5154304327188398 0.038715287695728406 0.0222762907667029
6 0.09449374307493694 0.5446331583918991 0.01285506435156647 0.06281001354166993
6 0.5380531773698163 0.5150491313115177 0.0020296092330586157 0.011956105007447593
6 0.6480963815266712 0.5361168046517661 0.008172395017054357 0.023568242021772767
6 0.6111215973817179 0.5170403569575083 0.0037819261300198193 0.023525280192337128
6 0.5852239704418768 0.5174677983003221 0.002794137477529768 0.02412644318600443
6 0.24259096648589007 0.5330660775504776 0.007926203062645576 0.046293374205648274
6 0.5396574648128543 0.5196138792385843 0.00315136344088629 0.02449316154846093
6 0.5533000925635608 0.5244857403123141 0.004654177499229251 0.014579449250140764
6 0.5316599132304792 0.5194154405966095 0.003115070079023008 0.02476354963124905
6 0.24859385910191484 0.5331763894008565 0.007743797747261416 0.04645659118850043
6 0.2303329910877866 0.5326789124474207 0.007752337730440706 0.045752203697042915
6 0.5318335791209278 0.5200438576954283 0.003148559855840505 0.02499993423890179
