7 0.37789848293437994 0.45848999288690506 0.0052215122268181036 0.021845556587915316
7 0.36124300522655906 0.4334723644094457 0.005110562231536997 0.022039517635363992
7 0.3699332593733028 0.43711971582191034 0.00467505307381838 0.02042074568930935
7 0.3791099602370016 0.4759952083171475 0.00659326800662835 0.007858661573234171
7 0.5642208116101611 0.4597135062132267 0.004515028152950684 0.020500802424480935
7 0.4864905390095237 0.4435327052430924 0.003292496534493594 0.017423819091663073
7 0.5173247963464842 0.4436389814750396 0.0034678528848056667 0.01738369298765219
0 0.5119570631465509 0.49720704582298936 0.026780095554460925 0.02007307890625648
0 0.3835006208688485 0.5267306577199219 0.03920033061657652 0.04185434522251397
0 0.5305472905888736 0.5033903758062839 0.013791193156102333 0.01614031136341909
0 0.482410800801155 0.5897458082641183 0.07488050875809404 0.10870240943146914
3 0.5532789357258192 0.4984688589334171 0.024105020000155575 0.021822184847191783
0 0.5281694132553829 0.5012776498463123 0.025255434092673057 0.016381943151765777
0 0.5073086580312135 0.5111313706186671 0.03611745192759552 0.02393192007945044
0 0.47961844714757873 0.6860576887107643 0.14941285386239023 0.27008013946650855
0 0.5702421631714436 0.5599208815484227 0.06933090888192006 0.0783026863987446
0 0.9176543260986456 0.5122653391981408 0.06655800655038457 0.03732681110804664
2 0.47507800800801225 0.498508475887493 0.029621459713699227 0.023227161009188202
