7 0.39772721356259366 0.47746162576862006 0.004548196607872035 0.019858246925815837
7 0.3846174796859556 0.4555155169789108 0.004414701240100849 0.019673678306403486
7 0.391574190044104 0.4584367405865181 0.004082218801436943 0.018372234973179413
7 0.3988440225334564 0.49341183319517995 0.005936006679252315 0.007152882611462519
7 0.5683454949188549 0.47818712606228175 0.004069128050054771 0.01886338513041258
7 0.49667357547961777 0.4634588623172288 0.0030255508591237046 0.015965502696022815
7 0.5250276745125935 0.4634902163801915 0.003175266052541148 0.015949594717236892
0 0.5307189379725534 0.5127033053619563 0.025451424317083027 0.018526063001755633
0 0.42005364762376945 0.5324445963334752 0.026883598412030363 0.030360665974906387
0 0.5316760884615596 0.519373906107758 0.012972428985821294 0.015661640983899328
0 0.4951083301258079 0.5781397449071 0.05340601896969782 0.07507406908139369
3 0.5506177255695648 0.5145589476328973 0.022823896597056192 0.02119340256482416
0 0.5271364081465659 0.5173071883094034 0.023867176224635522 0.015910216190898496
0 0.5487735382334566 0.5272315236878746 0.039956083585886315 0.02329303891702872
0 0.49549715211856177 0.6158288075576424 0.08077449069907428 0.13746610652006475
0 0.5636572091741696 0.5608956933424716 0.05231332272069844 0.05959202564139754
2 0.49474453999548373 0.5137291129845464 0.027893874551234987 0.021087326380494487
