7 0.4441473261836956 0.45666104636459937 0.007482103472464696 0.03824589027701497
7 0.43032680142435653 0.3990426473654135 0.009344117464056001 0.04523682879282115
7 0.4395838960015985 0.41277999612859023 0.007951278745019441 0.03890408729921335
7 0.44421503133741436 0.5287603888349182 0.0011106220844205872 0.005439204118600771
7 0.256682581130274 0.3221020070400382 0.05171634610425599 0.16940223668422721
7 0.3761303408062101 0.36513401319736444 0.01358345026162161 0.06109944021250269
7 0.34357620064311356 0.32916062368633286 0.01803877923270153 0.07828635422934627
7 0.26609208611277513 0.6098111680310274 0.006262066989608739 0.02163699593065893
7 0.6510649385699694 0.4582534957698374 0.01010720563517531 0.037515780260329035
7 0.5664712772917462 0.42922015987939177 0.006623551995124433 0.03176108510506476
7 0.6491013602221407 0.4881695037306285 0.011263661183163687 0.013253612282672023
7 0.6457025642187206 0.5287745529907177 0.0017240813758666595 0.005258262867091523
0 0.5946860969601181 0.5817488058041037 0.15683294362470046 0.08538457976628089
1 0.05232561696977831 0.5322112716179163 0.10465123393955662 0.3773437479994403
5 0.9799312486464602 0.5578637797321166 0.0401375027070795 0.06038271217761271
0 0.5925227087258014 0.5677608849631404 0.1249974045503558 0.0744714531457552
0 0.06579220121297394 0.5512191549798279 0.13158440242594788 0.0784190928303341
0 0.9468842226359091 0.5522018375551374 0.09240692160482711 0.050038732336630476
0 0.20812798148729172 0.5708025237074558 0.13188190596119975 0.06594628097810684
6 0.004979374952292543 0.7302512262537462 0.009958749904585087 0.29890003736910664
6 0.9324146889897449 0.5329188799706845 0.00964717746454069 0.04633565023500452
