7 0.4441473261836956 0.45666104636459937 0.007482103472464696 0.03824589027701497
7 0.43032680142435653 0.3990426473654135 0.009344117464056001 0.04523682879282115
7 0.4395838960015985 0.41277999612859023 0.007951278745019441 0.03890408729921335
7 0.44421503133741436 0.5287603888349182 0.0011106220844205872 0.005439204118600771
7 0.256682581130274 0.3221020070400382 0.05171634610425599 0.16940223668422721
7 0.3761303408062101 0.36513401319736444 0.01358345026162161 0.06109944021250269
7 0.34357620064311356 0.32916062368633286 0.01803877923270153 0.07828635422934627
7 0.26609208611277513 0.6098111680310274 0.006262066989608739 0.02163699593065893
7 0.6510649385699694 0.4582534957698374 0.01010720563517531 0.037515780260329035
7 0.5664712772917462 0.42922015987939177 0.006623551995124433 0.03176108510506476
7 0.6491013602221407 0.4881695037306285 0.011263661183163687 0.013253612282672023
7 0.6457025642187206 0.5287745529907177 0.0017240813758666595 0.005258262867091523
1 0.029530257500080127 0.5500968894823411 0.059060515000160255 0.8998062210353178
5 0.9799312486464602 0.5578637797321166 0.0401375027070795 0.06038271217761271
0 0.9468842226359091 0.5522018375551374 0.09240692160482711 0.050038732336630476
0 0.8578321375556344 0.5710552670775064 0.13808152975668142 0.06543529552620198
6 0.058040764837465564 0.5417587277253672 0.010327710542970624 0.034196875897615886
6 0.8078039447025656 0.5326654272828826 0.008363574641602534 0.04596590306998116
