7 0.45725471599956 0.48323761139372545 0.0025426898301462164 0.01351303088121203
0 0.45886102224460634 0.5314094565745571 0.026302720619038822 0.03287485384207922
0 0.47533152034556814 0.5161476842685158 0.01448126113486925 0.02076117729354221
3 0.4975783521890974 0.5129518702135403 0.015611685997057922 0.028697753761190326
6 0.689118140967138 0.5448940978833132 0.009976127497240084 0.06530002747959296
6 0.319861209732102 0.5146123941514351 0.0032633422915537835 0.022295237880203156
6 0.5196757656651808 0.5129534338222554 0.0021797041082012303 0.017944196961650394
6 0.4844674825846349 0.5124113686302063 0.002179190825093158 0.018222227649456912
6 0.2591836357692301 0.5239886575884746 0.0061305347760087225 0.01649602862362176
6 0.3210897383084011 0.516028197041814 0.003912576708257398 0.024308585276678674
