7 0.3860711360438366 0.48278106782855984 0.004301033769051055 0.01785501288916813
7 0.3721773134124772 0.4637006831452476 0.004005468221543074 0.017379092171842747
7 0.37927576396692353 0.4660101071685391 0.003731648728660608 0.016355549712497697
7 0.38698979178892734 0.49714416866296396 0.005383908348065125 0.006437846261369007
7 0.5412319711275109 0.4833324550885971 0.0033047865585003056 0.017076751418253044
7 0.4760855391280947 0.4700127494953438 0.0028047705647836207 0.014434404100964693
7 0.501785730608137 0.47003313997293494 0.002747441160979802 0.014425773923983198
0 0.45346636150300434 0.5384714379547907 0.03141284261095462 0.043521791722164416
5 0.4986283734874183 0.548260571473979 0.012496367149913035 0.043430419670630216
3 0.07900742459286351 0.7480415783826647 0.15801484918572703 0.5039168432346706
0 0.5019474489692115 0.6249694446283182 0.08006936335729364 0.1349733870535148
0 0.42784483505120374 0.523663133702141 0.018689465301648 0.019176333343316143
0 0.5045941835259522 0.5248865333210924 0.035914125310895884 0.02392223939500082
6 0.6210863872488008 0.5374330326369241 0.006818533521098291 0.04823209643131987
