7 0.3297726360980169 0.470317495997825 0.007767206086526313 0.027415096486592905
7 0.29130826980688806 0.4358567023627941 0.007470705666401289 0.02909730266725996
7 0.31042847043555544 0.4419894572670551 0.006602406623338608 0.02633822734163732
7 0.3307111078718965 0.4922094545783148 0.00846709317842792 0.00984497110168292
7 0.5648286703420482 0.47176167769220406 0.005338057621581682 0.025688172189710423
7 0.46747851788781375 0.4517962196859657 0.004280183151266104 0.021720759263870848
7 0.5059385580479958 0.45181916639995634 0.004121744367608482 0.02171070514985224
7 0.561083964560235 0.5204123181726595 0.001085320639033438 0.0036185979194778284
0 0.453942631526012 0.5378208482946863 0.03250852405708454 0.044902234338026537
5 0.5000939224464724 0.5565271029887511 0.01530087032839128 0.05427372261535679
0 0.3240412855965497 0.670909877775383 0.15686809446415914 0.20392808576156585
0 0.3547260286302243 0.5434635043965564 0.048677431054279685 0.04214797586694341
0 0.4899985388867786 0.5244871660477923 0.02883017609377747 0.025245325184953593
0 0.7929625277101677 0.5405379087155138 0.03863779687353108 0.03238541919742677
