7 0.405679236078682 0.482864130122443 0.0034664763988595526 0.015197524553494823
7 0.39625808627243053 0.46733942068377043 0.003223503547651052 0.014460686799483202
7 0.4012033433158918 0.4689626626472825 0.00304206145892838 0.013744881679013554
7 0.4065391860866271 0.4951143104791129 0.004541095364173964 0.005485114602677976
7 0.5383283665498257 0.4831955774541913 0.002774957428324787 0.01465302903562854
7 0.4823429698858046 0.47178369103982626 0.002392168413571205 0.01237279764144461
7 0.5044075944617432 0.4717906818369303 0.0023580458178880104 0.012369763113058596
0 0.46292704023463216 0.5306350297923303 0.026621387748793246 0.037209249824995294
5 0.501765652252138 0.5330995495371444 0.009057267324472207 0.03156000256367919
3 0.3808975282520416 0.5405421333977751 0.06530725099310741 0.08166759212483182
0 0.5021269168100635 0.6229667779323923 0.08082902646735446 0.13760098532682585
0 0.44625106017647054 0.5168296334981617 0.016364203261730215 0.015363098416578347
0 0.5348838348127326 0.5201619352738535 0.03420026652439012 0.02082655044455639
0 0.6799785564459071 0.520589167000571 0.017916566172849202 0.016353223539995687
6 0.5923967546931839 0.5255775251887859 0.004783567590835758 0.03562360707052492
