7 0.5328086919211945 0.4487423561603006 0.017967340349860583 0.04400702945759716
7 0.36154156380629254 0.4044302983514299 0.007781073605585387 0.04267456086770549
7 0.43442155566691437 0.408581649929391 0.008152287492820043 0.040715604960960605
7 0.5270614725215744 0.5319291193497719 0.002003876099297086 0.006261654500270608
7 0.0944588770833584 0.39307527561342404 0.013599250554418366 0.04809121509031716
7 0.686488671912444 0.40772250724154707 0.03302584418097254 0.0808454526362764
7 0.5526390076757777 0.40238091040810237 0.009934475934475162 0.043562441358723225
7 0.5888363491750295 0.38617163451624503 0.012026651874453953 0.05117122645564948
7 0.6778426362180563 0.5561537598182273 0.0035642985399871874 0.011175098913019599
0 0.3897678390256435 0.5440654881295304 0.07656717237743305 0.04322947564387514
0 0.0806514169202421 0.555795503752359 0.1165190930453561 0.04711466916260887
