7 0.5327971082976659 0.44879782624471115 0.017973475829196395 0.043998987837976844
7 0.3615221047698651 0.40457724287141694 0.007787006195847657 0.04266945185716037
7 0.4344032843188996 0.40869018437675486 0.008157857101444232 0.04071143228459523
7 0.5270616845397631 0.5319879013079036 0.002004754067469139 0.006262523499178774
7 0.09443628581977587 0.39335820330334226 0.01360719743388586 0.04808251574029915
7 0.686467557170719 0.40779113793548155 0.03303647554473299 0.08083086627886915
7 0.5526199988797522 0.4024430697897867 0.009940223155819883 0.04355896188831959
7 0.5888141516815195 0.38623716992748436 0.012033258194461549 0.0511671852664316
7 0.6778418057464568 0.5562229653614074 0.003565762187586863 0.011176186515211128
0 0.31026406519806343 0.54645429754596 0.08342418198299573 0.04493573991920541
0 0.004810781490981181 0.5604302878387927 0.009621562981962362 0.05116117883487403
