7 0.5327878705898665 0.4485872130840454 0.01798355718553768 0.04399173278114743
7 0.36149886268309905 0.40448601754341307 0.007797316546962529 0.04266680476745999
7 0.43438242832216933 0.40854738269152957 0.00816731225366607 0.04070988809000181
7 0.5270714986231633 0.5317820508308371 0.002006180348732012 0.006263216261239601
7 0.09440769974135946 0.3934586779212212 0.01362191958519321 0.04807517757344226
7 0.6864489472568497 0.4074203413047084 0.033053312668887225 0.0808263893985185
7 0.5525996646777377 0.4022076841015786 0.009949617483739681 0.04355941475425196
7 0.5887901039168886 0.3859634008565386 0.012043960510469631 0.051168978782886676
7 0.677853555491615 0.555863955366242 0.003568034946058507 0.01117521541621902
3 0.252884818583506 0.5262055131926892 0.037877632473252654 0.06020042184726632
5 0.6621907313451244 0.534469291696769 0.030525133318865416 0.037563931428173825
