7 0.49913333404251653 0.4871961079974375 0.0016077398937447418 0.009239932956527974
7 0.4992132891350156 0.48787228437639274 0.001556079517190334 0.008942410537663259
7 0.5561499538342762 0.49407870926313624 0.004974813927724586 0.012358150077624586
7 0.5086221069341914 0.48435197457430046 0.0018412775120015823 0.010496438787814089
7 0.5273596023986018 0.4843645437565724 0.0019143587458417821 0.01049767498274956
7 0.7253563616326972 0.4605802292805588 0.018956298753214695 0.0417484107605014
7 0.5670443934987555 0.42743351018072206 0.006996104492668187 0.03611097240518635
7 0.6302397330895991 0.42745227418504916 0.007867390574528565 0.036125664848028705
7 0.7195501498725355 0.5402491097332086 0.002116333080898203 0.005966288890657978
7 0.2861329170442143 0.4751850610979794 0.012955464177080322 0.02861388387844549
7 0.23132813555133933 0.4375842868700891 0.008544579784463657 0.03135153578864275
7 0.2581244148189918 0.44460631744325557 0.007410425527534792 0.028172711562808317
7 0.2846447066223902 0.5301582750189251 0.0012288358189307402 0.004138834251494972
7 0.2158639455647856 0.46063908370613216 0.01957044313618811 0.041330546142965774
7 0.374808034209439 0.4298916731830868 0.007593446443653951 0.03491463077460388
7 0.3137792808657769 0.429872514632318 0.008396582611521985 0.03490092032756631
7 0.4323749226126534 0.4940090643249093 0.0050254551725188445 0.012330139679740115
7 0.4366866727004585 0.4864980122940354 0.0018866444531854265 0.009524697626182688
7 0.43439905659513833 0.4857281884296143 0.001961811390767232 0.009862957792949212
7 0.4315950598365369 0.5040466066857052 0.0036460468796905565 0.004453759752247488
7 0.9026374982704717 0.4217130251256044 0.03870136710316585 0.07643256609714216
7 0.7487935240406702 0.4166076669021752 0.010777263720237573 0.04115689980814369
7 0.7901676109217439 0.4012244141643939 0.013334062203151587 0.048308194760923406
7 0.8929420985634424 0.5647850330081627 0.004171597935867966 0.01076460871129059
0 0.3969627753457031 0.5526070789476702 0.04456911442258055 0.04691494385342421
0 0.5408779193245709 0.5223194120901529 0.018060712546794644 0.013189779610364272
3 0.49941998611518174 0.5504060203246441 0.029994143555143737 0.0617281119776526
3 0.0303248651714092 0.5504596778916007 0.0606497303428184 0.08659090570441763
1 0.5004214074624873 0.5115325599307452 0.02431412303152458 0.04661294122541387
0 0.08536126647335818 0.547917442794297 0.08679450652816013 0.03723866759596317
1 0.8501197768726216 0.5196721505221912 0.2525745997279032 0.15812159404833187
0 0.26256484604467195 0.6168801601635423 0.14763040110991535 0.11820602788900769
3 0.016855415492173627 0.5262754623242102 0.033710830984347254 0.02717151891356706
0 0.8756620323807851 0.8311651387909954 0.24867593523842968 0.3376697224180092
0 0.4423991570303128 0.5593896642136295 0.04247425583757114 0.04890361311079694
3 0.46901621636256874 0.5281029128656973 0.024031801700881983 0.03996285748822059
6 0.615776829292942 0.5332562512462105 0.004974291393221253 0.03484703943252876
6 0.5494885526693603 0.5203106014312543 0.0026921651527476165 0.016727979657650494
6 0.6691246492260887 0.5338378324560042 0.00527991308160336 0.035610498530075474
6 0.4366061096885789 0.5202583152538878 0.002147313374410653 0.016777668693917946
