7 0.42018514992421013 0.44876336804303607 0.00535416644088349 0.025039175459013296
7 0.42655415392891227 0.453383187041237 0.0048677882811785644 0.022968475633091234
7 0.5649241135311869 0.47855904510934066 0.004982167753950439 0.023997579417884496
7 0.5097918332047018 0.459930878936924 0.003873595032854449 0.0202764740084056
7 0.563761692107094 0.497848934935599 0.006982955803412794 0.00856376595048175
0 0.5001546122662833 0.6148876480054571 0.09339185098826186 0.13889643762322335
0 0.450130220198569 0.5358607471318755 0.0533475243260465 0.03234244463565139
0 0.550225935071828 0.5386444539565263 0.059552562397774844 0.03513711208760906
0 0.4404329993305812 0.54474151364417 0.03347294588706523 0.032580972473962966
0 0.7170268448640811 0.5368617281020325 0.0618363963954367 0.0305100180408423
0 0.5944754928372304 0.5367491255478309 0.056558216966371866 0.030777420175977732
1 0.28345196472284195 0.5406727074459537 0.3390373551506535 0.5209139543383912
0 0.7008387614789506 0.5392447239978184 0.06577509670247006 0.03298961685358992
6 0.13857829291144128 0.5275680542223118 0.006182545729873146 0.03102001350654615
6 0.7345329458121537 0.5437410033739486 0.008576449041054257 0.053919346713327876
