7 0.49913333404251653 0.4871961079974375 0.0016077398937447418 0.009239932956527974
7 0.4992132891350156 0.48787228437639274 0.001556079517190334 0.008942410537663259
7 0.5561499538342762 0.49407870926313624 0.004974813927724586 0.012358150077624586
7 0.5086221069341914 0.48435197457430046 0.0018412775120015823 0.010496438787814089
7 0.5273596023986018 0.4843645437565724 0.0019143587458417821 0.01049767498274956
7 0.7253563616326972 0.4605802292805588 0.018956298753214695 0.0417484107605014
7 0.5670443934987555 0.42743351018072206 0.006996104492668187 0.03611097240518635
7 0.6302397330895991 0.42745227418504916 0.007867390574528565 0.036125664848028705
7 0.7195501498725355 0.5402491097332086 0.002116333080898203 0.005966288890657978
7 0.2861329170442143 0.4751850610979794 0.012955464177080322 0.02861388387844549
7 0.23132813555133933 0.4375842868700891 0.008544579784463657 0.03135153578864275
7 0.2581244148189918 0.44460631744325557 0.007410425527534792 0.028172711562808317
7 0.2846447066223902 0.5301582750189251 0.0012288358189307402 0.004138834251494972
7 0.2158639455647856 0.46063908370613216 0.01957044313618811 0.041330546142965774
7 0.374808034209439 0.4298916731830868 0.007593446443653951 0.03491463077460388
7 0.3137792808657769 0.429872514632318 0.008396582611521985 0.03490092032756631
7 0.4323749226126534 0.4940090643249093 0.0050254551725188445 0.012330139679740115
7 0.4366866727004585 0.4864980122940354 0.0018866444531854265 0.009524697626182688
7 0.43439905659513833 0.4857281884296143 0.001961811390767232 0.009862957792949212
7 0.4315950598365369 0.5040466066857052 0.0036460468796905565 0.004453759752247488
7 0.9026374982704717 0.4217130251256044 0.03870136710316585 0.07643256609714216
7 0.7487935240406702 0.4166076669021752 0.010777263720237573 0.04115689980814369
7 0.7901676109217439 0.4012244141643939 0.013334062203151587 0.048308194760923406
7 0.8929420985634424 0.5647850330081627 0.004171597935867966 0.01076460871129059
0 0.1864983859720237 0.6485156592141301 0.21504901280359184 0.1731581167796249
3 0.50023319642558 0.5321790862012373 0.016880918828282965 0.03418787564114689
3 0.037813828461574814 0.5504526482463825 0.07562765692314963 0.0858674719023299
1 0.5004214074624873 0.5115325599307452 0.02431412303152458 0.04661294122541387
0 0.0703472272831895 0.5479056360544903 0.08768368873325263 0.0373670140861706
0 0.8016039304235305 0.5481106089021675 0.08196101494115682 0.03867862575632497
0 0.8181213792816453 0.786742347031848 0.3222936471981439 0.3634868432033106
0 0.18498657626619092 0.8014465350807144 0.36997315253238183 0.3971069298385712
3 0.45030049923629356 0.5406347405924758 0.04111323631239944 0.06517787463152425
6 0.6807101993863587 0.5331858806207037 0.005447518368273396 0.03467268844510174
6 0.5164535041562306 0.5216351261546541 0.001964769157656865 0.01678485924416462
6 0.7429049349875874 0.5340626308593914 0.006109099548759378 0.03583548115342372
6 0.5516600985914123 0.517923846488964 0.002129916767137585 0.01337265762963169
6 0.47577852840690443 0.5211561379218184 0.0020975892334482715 0.01678230692956506
