7 0.4777696617111841 0.4886287480906974 0.0037100982662080506 0.009495920088521959
7 0.47798178305827177 0.4797793846144183 0.0015541385213155845 0.008670507654733206
7 0.47848577522722213 0.48037920677581447 0.0015058071383567406 0.008407958323971731
7 0.5292840598159945 0.48631148854860523 0.004543794500369347 0.011485861724762958
7 0.4850248419059636 0.477280576429598 0.0017225165278458854 0.009765495163621851
7 0.5024626179852716 0.477288870520964 0.0017139246032068511 0.009761886156811395
7 0.6268350700387 0.46118718488713645 0.014033639102204454 0.03321696024327725
7 0.5000653551641734 0.43475422958385723 0.0049335938704188065 0.028702050938469392
7 0.5504418357127885 0.4348232567853366 0.0054593201215946685 0.02867093750027866
7 0.6220077706597552 0.524682756248645 0.0015204613755075425 0.004739338178059382
7 0.2753649257126861 0.47117693542354677 0.011152050748970355 0.02454101730206526
7 0.2291605568901971 0.4411804990828607 0.006969814672987629 0.025803585458698153
7 0.2512904524929056 0.4460633754260518 0.00619251565484083 0.02361029343215021
7 0.21732811681240766 0.4610613456019939 0.01572208914502804 0.03332519022562508
7 0.3464521302442352 0.4361738426106535 0.006331246867571916 0.028060485077580244
7 0.2969126409269063 0.43610763772099514 0.006859551827503696 0.028090296279010663
7 0.41397057780160773 0.48629705191745837 0.004729027037691902 0.01149790296110731
7 0.4189414070230122 0.47917477934116803 0.0018022402803222204 0.008935169085405203
7 0.416441170367561 0.4784966534592101 0.0018704761579153018 0.009232255626257957
7 0.41328958976595787 0.49566025165836414 0.003425491741703146 0.004152561229072815
7 0.6974459767523491 0.43972752622335237 0.022944842045951153 0.052004644240116304
7 0.6345453366233826 0.42817363489591265 0.006995033656535754 0.03168331432736077
7 0.6520141970488157 0.4192205551884303 0.00809726213868256 0.03576093117231449
7 0.6934485836334632 0.5378989529598849 0.002065286662547683 0.007338006154576471
4 0.40456476543777675 0.5109285252231179 0.006602173034779779 0.011377042594703846
0 0.08734609520946848 0.529881470634275 0.08851881810372463 0.04540762279983657
0 0.019691747042722214 0.5351865643270375 0.03938349408544443 0.03456228794046445
0 0.69447189102899 0.5286818824126489 0.050679329018771035 0.03793155504185708
0 0.030368683484566582 0.5493453460763388 0.060737366969133164 0.04819705431111321
0 0.05760321161368433 0.5315458067602012 0.07404015855681667 0.03401169353986144
0 0.7166948042373649 0.5487567756276597 0.09337409336856084 0.047077483439226464
0 0.09160215794456689 0.51715494841834 0.03265898833267698 0.014839859059185945
0 0.4936435707733987 0.6906647356120188 0.13210072983476556 0.216381335945665
0 0.2891824070133635 0.6773175293582339 0.20995296011044365 0.2213620428542733
6 0.442123558009604 0.5236726262858611 0.004592344128493131 0.030362172414813426
6 0.41374783345925725 0.5082716672224206 0.0015953029795177098 0.012097283055033214
6 0.3532953128302423 0.5205568917365835 0.004249664856107449 0.02967863905273893
6 0.42131759311132233 0.514018058505916 0.003110837155108237 0.009363453865232962
6 0.3566497498228204 0.521255155125378 0.0044890590241011274 0.030170648150269708
