7 0.5378418690043922 0.47875399693207776 0.003637424460949945 0.01850743611348238
7 0.4951370527633535 0.4642929028078947 0.002988361590656352 0.0156678139211216
7 0.5369504095258691 0.4936758057799453 0.0053539213800812835 0.006630391568502481
7 0.5351219360511572 0.5140112682000666 0.0007714935258785749 0.0026200573482265677
7 0.43392680894643965 0.47804073453425566 0.003713726145721352 0.018780762472057233
7 0.42852327331930684 0.45765267704049895 0.003827409829897377 0.018429801405083657
7 0.43205931010419363 0.4602377461593011 0.0035709386605111693 0.01728319697535252
7 0.3981625388148591 0.4649449937743525 0.006768069222449491 0.030351506545473417
7 0.4108747827352308 0.45272041898683163 0.004403856113793292 0.02062291953655193
7 0.40494486448549594 0.44901217418578826 0.0047973280894523795 0.022276516063472918
0 0.445369153358146 0.5286542321383554 0.04637050513744162 0.025563751626902942
0 0.4928156849500618 0.52273143723093 0.03952489876066473 0.027513787944888568
0 0.48738361171618305 0.5540144110545977 0.03454119229305158 0.05423315447401378
3 0.5940486728909617 0.5204108559474478 0.06501756340542852 0.04227561486824477
0 0.48735410167525905 0.5738727886795718 0.04892208837048723 0.0796542596804567
0 0.5597390079746414 0.5259816109070843 0.04700768888450613 0.0255917756367412
0 0.4274520001939972 0.551058950470818 0.04045703897815178 0.05257172223470041
0 0.5160752572822876 0.6996814479037521 0.1459798067019023 0.26664412960994444
0 0.48756815787695756 0.602409706479718 0.07257083513606666 0.11029317417056328
0 0.04446504967674321 0.5261049695128299 0.05257196096488994 0.022201789790711968
6 0.07297053270889886 0.544406030258064 0.013219154189159463 0.06347632808333903
6 0.5097283006464538 0.5320023550381014 0.005149227549238633 0.04122077534380386
6 0.09340198815138666 0.5341686222124498 0.008221047292152867 0.028316630164855416
6 0.4236326065070022 0.5296509123406496 0.0050882429789601 0.0417254166970259
6 0.27276281530947233 0.5171725731676757 0.004180941182168774 0.024688588400948785
6 0.5272449488021571 0.5313219953172961 0.005199273257833981 0.04050063728349762
6 0.6039748090142361 0.5248296369287369 0.004168673789706978 0.0355810908761659
6 0.5553504931146589 0.527871137304021 0.006394477427166145 0.03994037555076346
