7 0.5303450823721257 0.4885383550658852 0.0019012817620809308 0.01046246467452927
7 0.5060202667515181 0.48039064168963075 0.0016833194074831193 0.008827151559367419
7 0.5298480247973532 0.49701795759535794 0.003021717433012827 0.003770775138197513
7 0.4714935622990424 0.48824820089163934 0.0019011593807418126 0.010513608535591579
7 0.4706877565044931 0.47834347343870887 0.001913535558184798 0.009621834624960635
7 0.4716743292394888 0.4790794405049129 0.0018467391564652158 0.009299564959686757
0 0.34289662767651075 0.5148145403346946 0.025037409502671082 0.012489015574727258
0 0.501652977477541 0.5190661720205043 0.0115723143457373 0.017229902346148074
3 0.4158020870703879 0.5106875793175123 0.032355538502784775 0.020894522081659317
5 0.46336692347869113 0.514401766071596 0.010074897245571812 0.013056907424887965
0 0.5016538197109908 0.5208493821486402 0.012944029477428454 0.019409326284013928
0 0.3822367275638777 0.5139911184232848 0.02521424048420967 0.012848693649883725
0 0.4608415581746357 0.5351852100717857 0.025585515333581554 0.03411439128741822
0 0.5815719671584327 0.530110257438723 0.05191953722713771 0.029501146988485827
0 0.5016421671939757 0.5255652887517257 0.01695357343708248 0.02342718691689294
0 0.40033751024133746 0.5141501376641924 0.020655996251346898 0.011287676563574878
0 0.3276793210778922 0.5140610588782781 0.027095230246345137 0.011463536994098633
6 0.5540071360904231 0.5129169509779858 0.002583722553274437 0.01761731141986589
6 0.3197546010260187 0.5100596356300332 0.0020553385779228384 0.013572936645736888
6 0.5459309733083626 0.5134249075615744 0.002090748680248944 0.01659601064741234
6 0.2951357638843782 0.5192325879025275 0.004231084342611546 0.026579102260342324
6 0.5445708826367477 0.5125030552253902 0.0017853047433469271 0.01531295883716044
