7 0.33988009002922054 0.47201747089180124 0.006490502126082931 0.024087477553237813
7 0.31150957478921626 0.4434057594394266 0.00614781282011484 0.02478731187289579
7 0.3256378089614162 0.44794365579149364 0.005540147400293183 0.02275695191411886
7 0.34086446376455903 0.49129734204743924 0.007412362374622006 0.008661019355476418
7 0.5469578739787706 0.47330286844822006 0.00455413081600875 0.022562427044250488
7 0.46115776630146355 0.4556076281537741 0.0037575150562552118 0.01914114657504229
7 0.49510184467737106 0.4556849534670535 0.003627031505231526 0.019107228670303844
7 0.5436583080995223 0.5161252708009024 0.0009450783448990974 0.003183683963619899
0 0.4893533059282874 0.579228002690625 0.05112832797952094 0.0822928374325298
4 0.518172440972879 0.5152240812285218 0.009044420990282354 0.015830674107517706
0 0.24920044668535823 0.7112854409018066 0.23114268700524565 0.2648321014622782
0 0.3972942845751141 0.5782990605243451 0.07065734635472432 0.08802578606527067
0 0.5490401835257145 0.515969566151248 0.024502903648422558 0.012650007709464228
0 0.9607334478747293 0.5401955347114715 0.0785331042505415 0.038926226636682215
0 0.5351872997465945 0.5190472947918181 0.027700650933068727 0.018295832963097003
4 0.7585720295318834 0.528618529785881 0.023147146642426786 0.033972736533767534
0 0.4884870384369163 0.6684077267933846 0.12292059814870554 0.1976948842122359
6 0.7416978557979392 0.5698798375729035 0.01673136854890578 0.1000744176607613
6 0.7743148744869437 0.542042234773975 0.010824971484714063 0.06011934583760348
