7 0.6222288557766147 0.44287834067823895 0.021519117128475318 0.05096299445053609
7 0.428323578596662 0.39633636004783923 0.00843683418241803 0.047794174636253794
7 0.5091017520183145 0.39891834579292396 0.009325077556909256 0.04638114591112519
7 0.06649548176685383 0.4596506918895039 0.020948107136770706 0.03882361793151978
7 0.004098656767901003 0.4144738737153676 0.008197313535802006 0.040412092822501744
7 0.15507862461882838 0.3922457260488744 0.013904967613562191 0.050404354861147416
7 0.05601658928983122 0.389226314855975 0.016482051702190942 0.05207727198689638
7 0.8597747073847171 0.37394989340358453 0.050665773554701254 0.1125012340542702
7 0.6496414162361095 0.3857269898465855 0.012643787616341329 0.05223111214128412
7 0.7010923201366429 0.360627882131198 0.01632878422110684 0.06407194262516402
0 0.36280642277936326 0.5458793476953362 0.03357404508916001 0.04207744890178278
5 0.7238662392576247 0.5507786775898207 0.04165336434096911 0.04702616693392103
5 0.7489401627979573 0.5426418688119008 0.03206182176237515 0.04243850135603899
0 0.9609963716160302 0.5693886098239023 0.07800725676793951 0.08081153448821454
5 0.41933644805069903 0.5779117433902328 0.021186982348814054 0.08371586682096954
5 0.6907407978211886 0.5458354822301217 0.03697152167615192 0.042118472207185786
