7 0.41657504865634654 0.43853153659628386 0.005626780710019819 0.026247899444310996
7 0.4235315305198146 0.44361063926281746 0.005092433012210629 0.02398154661554397
7 0.35052271049012196 0.43953214648010464 0.013608716964878975 0.05172364824685821
7 0.3861355145139268 0.4281391048726714 0.006924679715796633 0.030907928409827812
7 0.37241920439790926 0.4195627496371729 0.00793176781357774 0.03477703481630834
0 0.5009750212551138 0.6413935096496612 0.07352128980037065 0.1384889829405721
0 0.5039642020184182 0.5363921245316385 0.04825903625542849 0.036502503107956774
0 0.34805174597991956 0.625505265158407 0.14472666342386387 0.16549615987766708
3 0.7768294276370881 0.5228052242094161 0.08362893109524072 0.055529297164603975
6 0.6229337741355254 0.5467468610597279 0.010682980151170307 0.06937995806209352
6 0.0017149785289842054 0.5503727050952997 0.003429957057968411 0.07462682826342792
6 0.3553599631806865 0.5500259003918557 0.009223097739294694 0.0737062837445035
6 0.6805449324805013 0.5667924122957797 0.015403079703737999 0.09831523710276868
6 0.41147307031084257 0.562095785390678 0.009952032149025847 0.05192983094519765
