7 0.4204118752810959 0.46830952940195747 0.006046929377879762 0.028084173658590728
7 0.404733972365982 0.4325579444759292 0.006531146413962019 0.02999619238822321
7 0.41368527333343325 0.43907148327298373 0.005824565483061317 0.027072617307776103
7 0.31312848767545076 0.4272213937464925 0.018763585712008035 0.0652634751306495
7 0.36681034776786436 0.41873621076232004 0.008321760815100554 0.03623994078055742
7 0.3476663258508127 0.4068007974298752 0.009802006135733954 0.04167521000485913
7 0.3156981619608588 0.5464797678567161 0.0024251980719955935 0.008894971322551348
7 0.574611862546951 0.46934639255608956 0.005921705265097277 0.02769024305447282
7 0.5112258065723156 0.44787112197184176 0.00447029845224145 0.023408987622792254
7 0.5732528770048961 0.4915487458003552 0.008063872877689171 0.009851533640119148
7 0.5705786656943348 0.5217457501152691 0.001179684460128172 0.003899620059767517
0 0.5002233903314613 0.6288061715526407 0.06541096647880212 0.12278501247784379
0 0.05052116985267854 0.6123228908372933 0.10104233970535707 0.11144195622089936
0 0.31788028672791085 0.654227006561239 0.18285766136201834 0.20611392675604556
6 0.6043183982961511 0.5325966361640484 0.005741572533997874 0.040897170882828626
