7 0.4230415899496741 0.4857918069806312 0.0026934335446507363 0.01248088215123272
7 0.41721740347334146 0.4736232923488287 0.0025109502670629946 0.011608348132103263
7 0.42042852775049744 0.47468505728977545 0.002398650573337602 0.011142505407269576
7 0.4238095727069541 0.4958735042376835 0.0037013981019273223 0.004509804154998964
7 0.532444136653861 0.48596987793151625 0.002238735058385566 0.012114935716932507
7 0.4860676339717792 0.4765330316219443 0.0019694113193465257 0.010225100890219996
7 0.5043331137274103 0.47653652228637355 0.0019495767556794164 0.010223552630615085
0 0.5020196516165181 0.5224498722402293 0.015189952441036714 0.019720654518324943
0 0.4750268322896803 0.5225290191756382 0.015758112878721087 0.023047761660972443
3 0.5009172058017487 0.5447177520441426 0.03826599110721857 0.06704290770631871
0 0.197111857314194 0.7620390762646139 0.3584736181698026 0.38372087597839477
0 0.5005964960817727 0.6085066041083115 0.08392024966307221 0.13336111386765626
0 0.5468117918785291 0.5182237800760914 0.03132420450091811 0.016778414205365855
0 0.41518254457183623 0.5659087312030191 0.06080035535819911 0.0920349181691098
0 0.4648146259746261 0.5271547438754705 0.02668855981709911 0.04125187294815191
0 0.6308098652629381 0.5161661476722972 0.026692652978862808 0.01468701210627088
0 0.518081573740497 0.5100229924635835 0.016816112693110563 0.011578036302712813
0 0.4508492395266698 0.5439555788252798 0.034103758108751825 0.042435364023197364
0 0.48040166494183745 0.511737752838458 0.016485118314657488 0.011326143112491804
6 0.5674651081698516 0.5183980458918646 0.0033095398847065027 0.02570953011835142
