7 0.5312705734057838 0.5002251594929498 0.001767163371037439 0.009779296628648348
7 0.5085163055483735 0.4926016888337059 0.001573154202869964 0.00824675209665493
7 0.47566121114132165 0.49080586276757887 0.0017750077401846864 0.008932687367600667
7 0.4765133054723788 0.49143999436404207 0.001717417575216984 0.008654334220688675
7 0.4678037782435872 0.49713545384223656 0.0022816487490027737 0.012261258984186174
0 0.3291429678187185 0.5242130502134399 0.023784830110666233 0.013349447781990875
0 0.6339433538498633 0.5364832012998123 0.048807966687092974 0.026527652276976177
0 0.5043452499419663 0.5328241507743086 0.015586959345469942 0.023493117805183705
0 0.5044232560437333 0.5263364209153751 0.01094668981166147 0.019429633944510027
0 0.4731070837393646 0.5232879960666167 0.020992990624467522 0.014238613062081074
0 0.4844795188304919 0.5282648410441901 0.011495997396167745 0.015928815494570703
0 0.45136374828709197 0.523068790894851 0.015787198323675145 0.01133325604532498
6 0.17935806879205343 0.5394272106268484 0.0075572578081388175 0.03977791846783907
6 0.38293838119512646 0.52423821508221 0.0027103744348186964 0.018256893458533874
6 0.509777333419118 0.5241919140185236 0.0018769112929729603 0.016348824672218765
6 0.3941020985041469 0.522053702302215 0.0018248814704712735 0.013653283793293003
6 0.628641928145359 0.5404176276390255 0.0057373617011359235 0.04083316675350579
6 0.3736931076782439 0.5251055769554418 0.0028321673599215336 0.019480441751066224
