7 0.5292100948743399 0.4898754557960356 0.0034352099808173664 0.008724415022389742
7 0.4955770195988882 0.48306326726200843 0.0013018228419217626 0.007392960461328368
7 0.5088074494897435 0.4830539641495192 0.0012960349500679147 0.007394283335067975
7 0.5719883903601384 0.4799192921074449 0.007049739440714076 0.017350643694146017
7 0.5053589016856632 0.4663443606674629 0.0025549991134156125 0.014780385086102521
7 0.531647440877103 0.4663200282113463 0.0027026241710181864 0.014785678713314931
7 0.3721643689793321 0.4832339751926197 0.00619321279826246 0.014550520235212472
7 0.35811463897336027 0.4683949199785185 0.0031473455814408635 0.01390025498493852
7 0.35813912130092795 0.48013482743312424 0.0074112908254903576 0.017251562700399292
7 0.42473700486352994 0.4668619129868018 0.002934452984922009 0.014567252340823122
7 0.39886811023702046 0.466885699379542 0.003073970926104286 0.014562116177491702
7 0.441743403804528 0.4899396252728907 0.003522913462524202 0.008704994286992063
7 0.44117899492051604 0.4970310939254109 0.0025657296900865045 0.003148981430907194
7 0.5867100456756885 0.47528244267496417 0.008777818161350703 0.02138558509816957
7 0.5721816081452766 0.46453896566294317 0.0030820766766743724 0.01556955742406041
7 0.5762146531427569 0.4624614251250419 0.00328764767361589 0.01649427293100103
0 0.45915498656512194 0.5365727918158362 0.026901565497367552 0.03588266511455762
3 0.5289879244942353 0.5399287046493885 0.06684585679303656 0.06078303612088054
0 0.4498212076929685 0.5452584537198324 0.033295444715413236 0.04326914982588714
0 0.5025992974529894 0.509701760591704 0.008436479329494484 0.014355728347511643
0 0.5017022121917952 0.5318661394433318 0.023542861539454674 0.042275175435908974
0 0.4677624677390513 0.5129700235386792 0.010821410451539615 0.016558943953222216
6 0.5768391476072731 0.513083023878687 0.002461586070033439 0.018381393031821958
6 0.44237118706115636 0.5090700125586956 0.0017377432108767188 0.012666313357344028
6 0.42007354803913577 0.5136150644377897 0.002384080061321514 0.018415484910638935
