7 0.3500204660086357 0.4708544033615981 0.0064907776760954605 0.024137945363786995
7 0.32148979178354076 0.4421826583753869 0.0061427372582761874 0.024856627035348078
7 0.33568565968404185 0.4467259798098043 0.0055349327791115455 0.022814742419911105
7 0.35099864161356564 0.490180894035001 0.007390034198419604 0.008678804374686877
7 0.5579917252625096 0.47191197965674736 0.0046249893287699795 0.02279537497468792
7 0.47141686735722743 0.45418938223260563 0.003779659569353555 0.019269649464953187
7 0.5055972079005993 0.45420480432782295 0.003659042858640049 0.019262639830829154
7 0.5546473121794685 0.5151773093462091 0.0009576341833965607 0.0032159431505763836
0 0.5899566671245005 0.5398525577687219 0.05584651962331544 0.03958905574311078
0 0.30732884937180194 0.6541941573378894 0.18193480148330646 0.23069243329515388
2 0.42390915197087964 0.5545209001795943 0.06892207839921843 0.09177627720494652
0 0.500386372857902 0.5530534288225416 0.040485192293248706 0.06283592511261116
0 0.5002885584330536 0.6052946222374361 0.07409724814807872 0.12502963817011437
0 0.3617775184025225 0.5396371476575512 0.027625833858181792 0.034339688694391524
0 0.19767741456204999 0.6348641443479601 0.19443669245405198 0.163061336264407
0 0.45154142922050144 0.5405867494732913 0.03050112696536339 0.04070635718139792
6 0.7623634819905891 0.5720364780358685 0.017786168807466862 0.10399592481619813
6 0.6473203842015713 0.5310857182149045 0.005958028939778703 0.041281159002097834
6 0.5105785787827808 0.510324608173824 0.0026433730755101026 0.0166792023250375
