7 0.4078822468176184 0.4827285075325024 0.0034178034444167227 0.015037074803356809
7 0.3986939449766802 0.46742671839568806 0.0031779719716376054 0.014289810540705106
7 0.4035264123417215 0.46900507964973903 0.0030013708690782015 0.01359040558543384
7 0.4087375573051397 0.4948529851180929 0.004489573709899886 0.005427822414551975
7 0.5392026085235813 0.4830365584849029 0.002745327885192883 0.014513085027642925
7 0.48374426074431986 0.47173932187571055 0.0023681841334540765 0.012251799561806442
7 0.5055969451120454 0.4717435063843489 0.002335514171602826 0.012250156999373651
0 0.5028214763894201 0.5321792590047015 0.02164876915241476 0.030245010689255114
0 0.49121180259240604 0.5149807948767859 0.014262494049293972 0.01464492118761429
0 0.7420094972038809 0.5189381172638519 0.033990202415127735 0.02421566835543032
5 0.5023376813986105 0.5180213561074822 0.005374555678017701 0.017143638254047855
2 0.45846461687337625 0.5320791734762085 0.03622716324631492 0.05050986467225338
0 0.5032990602349573 0.5387462717156266 0.028418650166883774 0.04258111787638297
0 0.5038853133539573 0.5623737016430472 0.04197557624110004 0.06747694876794219
0 0.5169167441791298 0.5128069934780803 0.010587904334136589 0.010345113795987682
0 0.4825856266791003 0.5150802604338618 0.013902543134898193 0.019326309503293948
0 0.49863103206263326 0.5136070549969263 0.01826383814954652 0.012640931627891816
0 0.46539451824614686 0.5323214547619429 0.022388802084895687 0.030524113541751996
6 0.5920473607935752 0.5249520288437155 0.0046895360118094365 0.03501312510565169
6 0.7840763589865465 0.577399690756046 0.018649810585399718 0.10920250424902034
6 0.5562572627793059 0.5139080074727383 0.0031242794887386127 0.01947909714303031
