7 0.41978211015963607 0.4861426077205424 0.002836536582313698 0.0129969025063435
7 0.41334342133700724 0.4733582253098849 0.002642187432653098 0.012139926111120247
7 0.41685208219159153 0.47451608717891297 0.00251830351172988 0.011631379898761507
7 0.42056860459297396 0.49663703679990673 0.0038604457181702356 0.004695311460703233
7 0.5336193861446963 0.4863447841515721 0.0023399542373369053 0.012600149141617278
7 0.4854024513048916 0.4765313760846772 0.002050120826980417 0.01063511670365097
7 0.504394846776274 0.47653506990440997 0.0020277079600661274 0.010633384152291259
0 0.4722910668074836 0.5253589288856935 0.019294701764220434 0.02587083148204361
0 0.5019611621381392 0.5269563015832941 0.015911808434347363 0.023521297250780004
5 0.6342971957057374 0.5179144091407442 0.013941980303739276 0.015806091347655316
0 0.5022087525059387 0.5355507195348771 0.021373927932183512 0.03250136444522145
