7 0.4047061140657051 0.46124586434248427 0.007600212822352237 0.033656777026825624
7 0.3797943068419294 0.4141986931446136 0.00853176735631328 0.037964183004579266
7 0.39366842208117736 0.42424968235410376 0.007373859481174139 0.03340030505952696
7 0.4043775640782101 0.5248479233874859 0.0010842818383481334 0.004786747204106212
7 0.2052982883253297 0.3837371079234418 0.03759575146438668 0.10588518110139333
7 0.3228335970134204 0.39113158290670225 0.01175740851836965 0.04854725673538901
7 0.2873055238299539 0.3690584496671008 0.014838375626215872 0.05881600232698547
7 0.21273518870186267 0.5713620361028864 0.004549976827173952 0.014040463010839388
7 0.5884056798377499 0.46258667435236667 0.007392408549616869 0.03308430744217056
7 0.5130269811788628 0.4369552034257073 0.005346814169661762 0.027991636563380662
7 0.5867624351584703 0.48902925922181034 0.00965700292243632 0.011723969412752222
7 0.583609762110089 0.5249509945359159 0.0014247153235487087 0.004645639411008706
0 0.834216039295181 0.5444328901547335 0.07354230374353632 0.042815196473830586
0 0.5468371119211677 0.5639657181907922 0.11651192444769198 0.07109588865230687
0 0.9767406454842951 0.5494698812121342 0.046518709031409755 0.04969758861453877
0 0.8842588041844699 0.5506730949781327 0.10911594523819712 0.04841713512127388
6 0.7165631062387925 0.5285639251650408 0.0066865039187781194 0.04085909450409475
6 0.7585470542814683 0.5683929629381501 0.0161706229752403 0.09337831203198832
