7 0.49759247879739166 0.4904213277557361 0.003213945341449864 0.00831746392521543
7 0.49870431521926634 0.48283101061011896 0.001307265444439376 0.007517314363496341
7 0.49876485862355774 0.4832860421754206 0.0012728560911314801 0.007319148296272393
7 0.5440653816628294 0.48866452787068015 0.003916246830480752 0.0098171714578828
7 0.5062658919073675 0.48096996373001466 0.001456574982014014 0.00832850953815073
7 0.5211571854107834 0.48096900200036263 0.001503567023708463 0.008329014477846453
7 0.6205249502287611 0.47411777155059376 0.009392892518414686 0.022284558377672847
7 0.5352984291831371 0.45658061037193975 0.0035100630813108546 0.019058732170442794
7 0.5690710185823105 0.4565750675257906 0.0037518479083202827 0.019061387239663052
7 0.3651064368695634 0.4792104074578185 0.007646399725659059 0.017906598476267188
7 0.3459944548006719 0.47423734420070496 0.009589713838719371 0.02217859593335031
7 0.43147663210526876 0.4573332152532137 0.0036952929805285084 0.01872425475362388
7 0.3983103822525659 0.45733855067673646 0.003926744761627243 0.01872169654433764
7 0.4456012139995497 0.488681425536164 0.003947342937231979 0.009801644349312244
7 0.44811514119331847 0.4823980739953482 0.0014867920455542416 0.007705628080145133
7 0.4449463955535583 0.4966662494873907 0.002879183560343057 0.003543143972802809
7 0.6568103043388265 0.4658480228837573 0.012705475054546889 0.029414002947839135
7 0.6245779572720978 0.4536195834293888 0.004429330808938814 0.020374542341001722
7 0.6341808424815463 0.44999665646144493 0.004852488908299146 0.021987614113181675
0 0.5178380251701442 0.5149759088141874 0.009626555525204084 0.014618782384736018
0 0.5159365050659468 0.5125246604659539 0.009323076144597264 0.013288548872299022
0 0.5670573015006144 0.5580718666431597 0.0483505304950671 0.054051806426070104
3 0.5004866181415257 0.5090344028838379 0.008929333389173677 0.020444975105113172
0 0.4324735096229996 0.5106034753199064 0.017938687016998245 0.009460891266450888
0 0.49957517090112585 0.558256423587423 0.04186556451611112 0.06168156717695228
0 0.47938931651652994 0.5171640873006114 0.011562336417746788 0.016106587026789132
0 0.45933905731748115 0.5172875317624408 0.014508350403271753 0.016064428090792005
6 0.42588000368509193 0.5118370801981027 0.002045638111150161 0.01659628612378572
