7 0.6397253975350025 0.43542524961710355 0.027323983893260406 0.06523302846259438
7 0.6852179059944995 0.3565500467281597 0.017680765066520054 0.07054626544218706
7 0.7745957282852441 0.3109532979781185 0.02524879032255445 0.09363546770945119
0 0.23221237706394798 0.5195196883644551 0.030684853881427193 0.0142416760295353
0 0.7659103579354171 0.5725839610933321 0.09978745179354664 0.05491719548444063
3 0.29097437789381586 0.5166232117457841 0.038735106732830815 0.02352665258068709
0 0.057536236964804796 0.6734150820908136 0.11507247392960959 0.2040166723543606
2 0.26844156073551817 0.5176302629730694 0.03811388614297975 0.019831641009075862
0 0.8488015043888955 0.568150606409558 0.08796417546222357 0.05558895488452853
3 0.7034385608906182 0.555415057919376 0.08815210771846482 0.06581202750177362
