7 0.45679579827212824 0.4349231523901358 0.005587923308679632 0.027907055761089816
7 0.460550646076632 0.4406684976848346 0.005055311260080242 0.025359265043006285
7 0.46140898439574834 0.5182260319195746 0.00073943689213396 0.003772699543727165
7 0.4114373229634878 0.4330494777202114 0.012438145242396503 0.05740593685196721
7 0.43159633747159887 0.42297378207559533 0.00691118812089675 0.03323371145333859
7 0.4227327830904273 0.41291894626865966 0.007936364457312717 0.037748757143929224
7 0.4120812337505537 0.5385213186676683 0.0017338642635186252 0.007852773059353058
0 0.5001714528070095 0.6565252319002419 0.12190474352727931 0.1969596062315695
0 0.29430252193328316 0.556472777127792 0.08444453735027613 0.05879365305984818
6 0.43753182630400156 0.5551434547426856 0.01010065556806039 0.08169576275559076
6 0.07536918444870133 0.5809404742226338 0.018208165210883587 0.06486424266619883
6 0.7781340661397157 0.5612299667131448 0.013441054844761657 0.05270378365890005
6 0.8424073231097433 0.5414999756976275 0.011428240769461584 0.061830125937995195
6 0.6916808722828182 0.5444200343144616 0.00991275910298195 0.028931397444923124
6 0.7350073573448095 0.5577531154976949 0.01485843753847138 0.08580450776700665
6 0.47440624021687977 0.5575012167939031 0.009784491447232146 0.08355821531534646
6 0.07397556095943597 0.5562182338828349 0.01746033849618052 0.0837774559998159
