7 0.45677706444070865 0.45433474826556675 0.0055756747714778565 0.027807473399103444
7 0.46052512024434633 0.46000296173407057 0.005044693997141525 0.025278860212272436
7 0.4613883567991557 0.5373943849132343 0.0007391820996347498 0.0037770804036796335
7 0.4115539922717092 0.45296923940872336 0.012452317897577225 0.05711580353280421
7 0.431648582692551 0.4426082563355789 0.006911016195164599 0.03308708623683565
7 0.42282306801201175 0.43271185181042987 0.007939712075308136 0.03755586421648138
7 0.41208376405906527 0.558193239777188 0.0017408993756430347 0.007864490992737116
0 0.5001490309188619 0.6770445396858602 0.12201808124540092 0.19835310565979036
0 0.10338708871688351 0.5548569508176937 0.0742715905031105 0.04818707883675766
0 0.8283107292504557 0.5546805789572864 0.07435658182598048 0.03423406516521099
6 0.49987798104513503 0.5885679054576941 0.009291653547364831 0.05780229099515011
6 0.7235954010844621 0.5794439959877327 0.013037104437368607 0.042435673089602166
6 0.6708579114571828 0.5513011953421485 0.006653786604601697 0.04390206148425768
6 0.10532537826978024 0.5716316520868134 0.013954114139295981 0.07662205880542772
