7 0.45679579827212824 0.4349231523901358 0.005587923308679632 0.027907055761089816
7 0.460550646076632 0.4406684976848346 0.005055311260080242 0.025359265043006285
7 0.46140898439574834 0.5182260319195746 0.00073943689213396 0.003772699543727165
7 0.4114373229634878 0.4330494777202114 0.012438145242396503 0.05740593685196721
7 0.43159633747159887 0.42297378207559533 0.00691118812089675 0.03323371145333859
7 0.4227327830904273 0.41291894626865966 0.007936364457312717 0.037748757143929224
7 0.4120812337505537 0.5385213186676683 0.0017338642635186252 0.007852773059353058
0 0.5001714528070095 0.6565252319002419 0.12190474352727931 0.1969596062315695
0 0.18588132890766634 0.5344887897135537 0.06969329726770304 0.047913165423546844
0 0.8283207098982035 0.5365704896578771 0.07411078105463498 0.03411675134750347
6 0.8738004338037912 0.5873619861722428 0.025399748160269353 0.1294069677348596
6 0.4703145309879094 0.5683115279443471 0.009470932151111389 0.05776154106611209
6 0.7269865960601521 0.5581847884309543 0.012017164787788248 0.040562019308151065
6 0.6788497715135913 0.5344129410606638 0.006905265482839984 0.0463000192598233
6 0.1051973432893554 0.5509234924993625 0.013388758083443184 0.07650479629210027
