7 0.45679579827212824 0.4349231523901358 0.005587923308679632 0.027907055761089816
7 0.460550646076632 0.4406684976848346 0.005055311260080242 0.025359265043006285
7 0.46140898439574834 0.5182260319195746 0.00073943689213396 0.003772699543727165
7 0.4114373229634878 0.4330494777202114 0.012438145242396503 0.05740593685196721
7 0.43159633747159887 0.42297378207559533 0.00691118812089675 0.03323371145333859
7 0.4227327830904273 0.41291894626865966 0.007936364457312717 0.037748757143929224
7 0.4120812337505537 0.5385213186676683 0.0017338642635186252 0.007852773059353058
0 0.5001714528070095 0.6565252319002419 0.12190474352727931 0.1969596062315695
0 0.7833987697999167 0.5348440270434458 0.06855771654529708 0.04835876896241087
0 0.7287627752355281 0.5365078599296298 0.06946178533123548 0.0342067784459551
6 0.6771696168498909 0.5590853880467914 0.012624381052984912 0.0791085680912843
6 0.27391926205098727 0.5592126702686124 0.013499055136057037 0.07957128737077568
6 0.26160322239660616 0.5783945251425027 0.011043146158077832 0.06225095071452191
6 0.7001908819704465 0.5472739459961312 0.011679986232475681 0.03114120350584426
6 0.7533531871982094 0.5485862343595114 0.01134518231222903 0.07229685363695604
6 0.24569484848315248 0.5601586691857983 0.013419853264026727 0.08100839624417355
