7 0.4223608238149066 0.48118220457962263 0.003439467986973921 0.016009843458733464
7 0.4147490156461838 0.4645842715580035 0.0033159693003397273 0.01533877420081503
7 0.4189971790246526 0.4664092900517416 0.003122956491143025 0.014535828681464358
7 0.423348485040864 0.4940771803886856 0.004737539658618839 0.0057759844425058215
7 0.5610740129487497 0.48157413814148053 0.0031856583059997057 0.01540328135280672
7 0.5023792227721011 0.46957704449433046 0.002471132321711811 0.01300846560411606
7 0.5255523765370029 0.46958602407456607 0.0025736239526120697 0.013004613282467825
0 0.5010941192342397 0.5262723521782469 0.018651878901509766 0.026300395232453866
3 0.4989883379878311 0.5126209586933838 0.015876704376616035 0.018410775530338874
5 0.5013765729310803 0.5322235252063396 0.009947952024858875 0.03340586251618216
3 0.5421116312635799 0.5290288967010386 0.027965995571979874 0.04496756007280778
0 0.48886526256541285 0.5147075204851312 0.010911882985921106 0.01223203213703905
0 0.5009028105963761 0.5186420038442531 0.016729419879335017 0.028679401517832437
0 0.503249291986674 0.5955154429233496 0.06609013197749569 0.11387500389162131
