7 0.38478650756730515 0.4728606170255276 0.005707036743566707 0.023609787406409788
7 0.36477061986782655 0.44499633944124706 0.005607680010512317 0.02418843615884908
7 0.37514417438632586 0.4493474929029011 0.005086498926982319 0.022250568552646954
7 0.3859837505256898 0.4917641841436919 0.00709563292511578 0.008490574072226642
7 0.586517564885576 0.4739043134081341 0.005019779170857719 0.022308234714903896
7 0.5020243582488062 0.4565477848409597 0.003565652266103503 0.01885837281839059
7 0.5354574367179448 0.456568112386047 0.003778711457268158 0.018849436061593783
7 0.5832712473144384 0.5162525202996944 0.0009693679725640836 0.0031475097759005033
0 0.4996040858364041 0.5278156389558794 0.0194916044705552 0.02745568490168737
3 0.47128502099799574 0.5219815914493291 0.018663094343424724 0.03144005475065048
3 0.6691829939260596 0.5354515537104749 0.07004634936446019 0.05331812504525413
0 0.4478901861911262 0.5244116550782816 0.014560375321334362 0.019920626558435406
0 0.5091856366895254 0.5187914357736517 0.02638548937603513 0.028348672931193475
0 0.499681312133466 0.5914532853906561 0.06291689237026493 0.10765215163988007
6 0.448303405755669 0.5182020356459418 0.004238534568878571 0.011868957929206392
