7 0.3725283856881228 0.47007698191073943 0.006576707874081711 0.02624494896881091
7 0.34674287563255474 0.43750684487421176 0.006542683737951749 0.027536494831246316
7 0.3600048370636781 0.44315100721428746 0.005849281037999421 0.025052785283247225
7 0.37376003351718673 0.4910281893182282 0.007923759280186626 0.009425743010152254
7 0.5955902258464516 0.47144738062145675 0.005701223978134773 0.024650418023228815
7 0.502469396832448 0.4522875135639687 0.003934725684600071 0.020835332153154473
7 0.5393415942953402 0.45231028865861167 0.004195078832638588 0.02082497285623308
7 0.5920226562088178 0.5181321749307429 0.0010793894926978131 0.0034704861918950503
4 0.5987922603534326 0.5175483778069916 0.010658308291115248 0.020121724863267576
0 0.9651672839579424 0.5350888128515487 0.06966543208411535 0.034451870559662146
5 0.4837581770112036 0.5206127782236409 0.011664150824334751 0.01929853039180407
0 0.5132776581320397 0.5215005979536361 0.02198629208406988 0.027829200100092155
2 0.5198359178187162 0.508307319714669 0.04178476874828657 0.03951801834557156
2 0.4999780994620647 0.6533628741180998 0.16446404082344734 0.2713321481745741
1 0.46223099640566334 0.5045451742923752 0.051480627066812945 0.08863636083629473
5 0.2622714506816113 0.5984393047968393 0.06324739407221525 0.11416140906587713
6 0.27729919785984586 0.5386769289047065 0.009017072861328024 0.05548084634760264
