7 0.6543279942231972 0.4818192306886152 0.006664938646181118 0.01577843794022432
7 0.5929299002288922 0.47001824844528217 0.002409180552841228 0.013197699891757841
7 0.6169330605659915 0.46979913431796316 0.0025599900867283587 0.01328831705865896
7 0.4637354218269121 0.4829503764200068 0.006107234508995585 0.014900210444676265
7 0.520873041742596 0.4710261683766164 0.0024339733291950383 0.012774118320018735
7 0.4984027354430538 0.471229011318701 0.002509763955020783 0.012690356898764077
7 0.669883368778617 0.47796297860869497 0.008138479760333772 0.019000554704923234
7 0.6550263443363464 0.46803356795262757 0.00292964936197182 0.014047213059063535
1 0.578019771702579 0.5033238834140357 0.05627456377301987 0.04792089671637889
0 0.6010048762747396 0.528585785289337 0.02091921066923841 0.030186424933226097
0 0.5658309011152405 0.5287085517920413 0.01868236573118509 0.030317692705028043
1 0.6599827655034174 0.5035882637914453 0.07912207239618851 0.05396612679427193
3 0.49981294777542185 0.5175947235829577 0.028689223961291088 0.026005777119930795
5 0.5393838203599817 0.6700771456315667 0.051342707707651036 0.21037607844403583
6 0.9505276159810172 0.5552113000753951 0.01703073454221382 0.08108653739383398
