7 0.40862560599494246 0.46340502625725377 0.007241963534146301 0.032406142622299294
7 0.3860216690582686 0.41902639714328127 0.0080542117758296 0.036095737747966816
7 0.3986584102631317 0.4282028436232499 0.007012411266618113 0.031945235447408904
7 0.2354756483584553 0.39617735679423527 0.031820046715595574 0.09446189792463583
7 0.3339411394905336 0.39835591024396394 0.010891162999078385 0.04553254825439956
7 0.3029502190178843 0.37906097360630264 0.013507330616417346 0.05445051932609796
7 0.5857547512658442 0.46466587521584 0.007059754614628266 0.03188550753936603
7 0.5130315388406974 0.4399653042362127 0.00515161894068028 0.0269671889950166
7 0.5841768916132098 0.4901676307361368 0.009304204248501424 0.011309226644233894
7 0.5811314612796004 0.524821814865448 0.0013702933124748462 0.004480268587623848
0 0.5350600701574998 0.5920688105242993 0.06104070529207761 0.08399560622952118
0 0.3778422496335219 0.6000274047759773 0.10332671824173312 0.12498436987770467
6 0.6399366362429109 0.5425922458803663 0.00794675123084787 0.053783522853369514
