7 0.49912347058237444 0.48195525016409535 0.0013882481067105656 0.007983776692799371
7 0.4991888378778043 0.4824701725057031 0.001349515939678525 0.007760627258128983
7 0.5475884724428233 0.4880626865658425 0.004195408184423655 0.010493134510181357
7 0.507199428078656 0.4798326312690542 0.0015585378977284181 0.0089050343089086
7 0.5231139224038118 0.47983304243403935 0.0016122237727058675 0.008905868473859269
7 0.5460252683416336 0.5082668382229643 0.0004414020002353469 0.001499603722528886
7 0.6415241917120749 0.4697185293355012 0.011159224319289174 0.026100942243622527
7 0.5418849555090752 0.44914810766140356 0.004160615912490506 0.02237368688552982
7 0.5814263926489711 0.4491419333033797 0.0044920444447530405 0.02237896828714475
7 0.34790239564930414 0.4765006011845655 0.008765399043845268 0.020280961738330272
7 0.3232252367849341 0.4534573765349561 0.004860096244932222 0.020450860044923413
7 0.33525495074075884 0.4566342586052069 0.004446575675330633 0.019048121275942853
7 0.32069397726914417 0.46985936693320984 0.011410595171278792 0.0259405516523164
7 0.42060218655858617 0.4501776476367495 0.004405485155008215 0.021909332831239248
7 0.3819121945425906 0.4501834455522591 0.004720227868113103 0.021904275908638027
7 0.442392947840326 0.4880705422419533 0.004229059221952269 0.010473400974364666
7 0.4453402807172433 0.48145850242641186 0.001591001026832517 0.008195710987003835
7 0.4436453997589066 0.4808834885134154 0.0016444316393254277 0.008444982866186224
7 0.44170480607084517 0.49660142531284446 0.003080905503609621 0.0037850214483882705
7 0.6481383948796859 0.4450221803516635 0.0054567535756701036 0.024213481804222337
7 0.6618361812058098 0.4398357932619298 0.00610193417479532 0.02652589930601429
5 0.47744796951561874 0.5190774506320508 0.00573730104972997 0.017955940035320195
3 0.731227572255529 0.5186551916647252 0.06158453509878903 0.042127895256293346
1 0.49982309376797407 0.5029435808531002 0.021524859809733288 0.04126954399810068
0 0.4555862657789832 0.5188631376337915 0.016283097988844586 0.01782322652648627
0 0.5000844800718762 0.5209388403175261 0.01278251077322301 0.01881417269481689
0 0.6953388570412966 0.5282770699456399 0.05508235299899811 0.02724826564327909
0 0.5010789321330348 0.5142380937335259 0.008652881468206308 0.012780307988640827
0 0.500130009910609 0.588385888566952 0.05770429401243782 0.09384725726472809
6 0.42893957836513796 0.5105823694579429 0.0017328672187841843 0.014567830178600971
6 0.4265423772453517 0.5146887360776181 0.002419265690629724 0.01180683003188654
6 0.42861346224466745 0.5106759664283129 0.0017627563571856464 0.013243450193875295
