7 0.49985434914351523 0.48249104490461375 0.001475198373006803 0.00848825736529979
7 0.49992546557569406 0.4830711676685614 0.001431528118528147 0.008236458025288218
7 0.5517254450951566 0.4888811287429151 0.0045049418163018995 0.011234913561843862
7 0.5084922363381974 0.48007627815077136 0.001669983523374552 0.009537552988325315
7 0.525529702150735 0.48007317182240883 0.0017322335949249146 0.00953903607957457
7 0.6698168321801616 0.46543233195523415 0.013621642275866597 0.03123380899736178
7 0.5508539760172833 0.440820609893889 0.0050597527117810515 0.026847061012804874
7 0.5981473797840624 0.44079510524169185 0.005539155530632334 0.02685883300738362
7 0.6653205938724834 0.5251808010827246 0.0014938321840165525 0.00445705163145016
7 0.2871230770976928 0.46573756201290906 0.013935855709512002 0.03096611318444792
7 0.4391521839405566 0.4889105971197577 0.004539117625014133 0.011208237587977565
7 0.4426105078027589 0.4819410978462103 0.0017053246284691181 0.008726611702981835
7 0.44068977110543756 0.4812891998031136 0.0017667762652382457 0.009009785139029225
7 0.43842917885046107 0.49803922449830323 0.0033023444109985256 0.004048807766281581
7 0.7520814409756564 0.4467956011270766 0.021756394650569333 0.04730081402970698
7 0.6807927011061591 0.4347839080620959 0.006996576988267611 0.029551964230230487
7 0.7014704449529225 0.42696799945933817 0.008062438428062868 0.03306956402085087
7 0.7478450272913647 0.5363013653174005 0.0020681974375982293 0.006683090793520807
3 0.5213293303891225 0.51410633190561 0.014134042645094658 0.024869266370985965
0 0.7291194303430348 0.5324008312730001 0.04739354210049829 0.030073400277257134
1 0.5020948737176204 0.5042907693588011 0.022735575911630612 0.03529658713425693
0 0.5019394007147095 0.5172708772458283 0.009380004824557309 0.013675001625271466
0 0.5988769251256657 0.5833994407404876 0.07008191249818219 0.08526113299347893
0 0.8458974606220697 0.5351082678507162 0.07217952733160748 0.03261574314031157
0 0.7720844801932578 0.5130266397377861 0.02320861024358889 0.011579583685622619
0 0.5009535921701185 0.6046075545277421 0.06774157154615318 0.11304922665917971
2 0.7583592526814434 0.5296143613790978 0.084978735462929 0.04368241982152943
6 0.4282748110477218 0.5230934488645476 0.0038835189789361846 0.02882649725942732
6 0.5595264521650094 0.5107557143484209 0.001858605157329607 0.01234932672329836
