7 0.4395365280911322 0.49433059754733133 0.0026639216815599887 0.012982234373009771
7 0.4351016873684118 0.48157404914699753 0.002563962558321864 0.012122280157625287
7 0.43777467553234267 0.48272594422476334 0.002446585850910954 0.011615296471650438
7 0.44038262032870545 0.5048144813007966 0.003821796908212438 0.00469339640418609
7 0.5527474030539558 0.4946039333385649 0.002511490170037378 0.012595271522873375
7 0.5046208994971711 0.4847669298443805 0.002023018872897575 0.010626174947843958
7 0.5235963215522185 0.4847819043970085 0.002091062395290999 0.01062578480420484
5 0.3908215805833628 0.5570160081983251 0.020461213904812314 0.04655416850285843
0 0.11391292470889883 0.7318876107587138 0.22782584941779765 0.3831230479848363
1 0.6698150449268554 0.5127526105213034 0.07260222921807502 0.048454086664819485
0 0.5036574529980542 0.5339533094620459 0.018909854707735152 0.02676235044851405
3 0.5262953722409369 0.522813139557786 0.014643429851954326 0.0305631887552692
0 0.5554283518908252 0.5203429737018443 0.014797653462667593 0.0096218555241675
5 0.48467111530091267 0.5248934578288025 0.005016443713889818 0.014800771972372173
0 0.8640180440374641 0.8299209845733018 0.27196391192507186 0.34015803085339635
0 0.532807065902104 0.5344072437212466 0.018181388747559146 0.023234871402305735
0 0.5031560823298751 0.5241935301527085 0.009616307238587252 0.01481758141442402
