7 0.27194870586177367 0.4761356179392997 0.002013087570008898 0.010367464621242217
7 0.2723597127352794 0.4769181394320268 0.0019451221725828027 0.010023893337343992
7 0.3375482821974488 0.48460575437360176 0.00552310152571206 0.013251430223065352
7 0.28222380203472247 0.47308011474244327 0.0022146696767425533 0.01172138074514345
7 0.3045782319332687 0.473560438563166 0.002214424223220879 0.011528581302269136
7 0.4926875884450704 0.45238740186306203 0.01697547170570768 0.0416967624913292
7 0.32810148220593927 0.40805784027700687 0.007880236342477642 0.04126570570063487
7 0.39908454826809636 0.41311064015783794 0.008019222458917508 0.038974644658729185
7 0.4872274467859533 0.5310854574749014 0.0018998291726031735 0.005925149065695079
7 0.054483446141366354 0.3922615455082611 0.013920583576658485 0.04844605396473528
7 0.18313727923083867 0.48251911476455034 0.007058844321179564 0.014794498117770394
7 0.19035160500516304 0.4737786779893868 0.0026436626521271767 0.011335758269751361
7 0.1867337993726748 0.4727704049183403 0.002765752929783649 0.011777105483222694
7 0.18211050148280178 0.494495156498903 0.005115989384554709 0.005337680459748584
7 0.631251557196385 0.41948667039137455 0.02847831618725627 0.0715825386415394
7 0.5117841060726411 0.40964361449673536 0.009282736910445344 0.04068599225562464
7 0.5454111282216996 0.3962434295339302 0.010972701690574294 0.046996047705079036
7 0.6238460393655008 0.5511467321040202 0.003067646213629871 0.009904727459198237
0 0.05254791990376465 0.6490256486608925 0.1050958398075293 0.17516227647290905
3 0.25394993405023575 0.5124422790449616 0.023064204145186062 0.018708176353445793
0 0.2738089067555398 0.516409348904671 0.013161827282658356 0.016560207697032925
0 0.3623540085577527 0.5148108765995684 0.020111646559111906 0.013053940704481848
6 0.17643192785634493 0.5320883486505729 0.00778428022854305 0.04310470270611799
6 0.7558984642358053 0.5189534479566342 0.004614060823641464 0.025770925163865033
6 0.7051780514822188 0.5198511968662942 0.004706197060280526 0.027197581241005908
6 0.31427349287024153 0.6155099572930229 0.018050714470352947 0.15040845253232282
6 0.346149395203441 0.5123026746646782 0.0022480384745013904 0.015598787949434478
6 0.3459408471748481 0.5117706180728607 0.0018650846465878002 0.01491935377564546
6 0.17779543403216597 0.5127476921945884 0.002677187734895198 0.016652773628494932
6 0.5933929643961076 0.5778513940288733 0.017465453819369925 0.11128551276282361
6 0.07499685138476417 0.5300523090498765 0.006866569733230368 0.04359530479741702
