7 0.6160790552962847 0.4715856461378153 0.012268519949198087 0.029206656325855673
7 0.504380313133614 0.4485166274991145 0.004323678384832941 0.025097229860880255
7 0.5486358416251935 0.44852093220154576 0.004744101105722098 0.025096105780756106
7 0.6118475437491001 0.5275191824648031 0.001323400353830495 0.004172228045773885
7 0.3014620303103709 0.47968951967121365 0.009921160175418942 0.022151708788081648
7 0.2649402429065614 0.4537533937051298 0.0059139206619112095 0.02274095765385803
7 0.28240659700586074 0.45759825829673506 0.005334462613411861 0.021019861663412687
7 0.2571661054713331 0.4717185828748295 0.013408555218893115 0.029077995343798624
7 0.3695898071025142 0.44975559049129576 0.00539809143107689 0.024537567591462695
7 0.32629210720165314 0.44975141747275377 0.005801221340285767 0.024538648755080494
7 0.6671980319912709 0.4560369889458893 0.01859748774942027 0.04280269225280492
7 0.6211657503818884 0.44338342141727277 0.005923902046660046 0.027412896002174447
7 0.634134875814207 0.4367513305592017 0.006705335552176228 0.030414131200815098
0 0.7235599886407098 0.5321742081984863 0.06958760023216881 0.039969132878876046
0 0.1153220998351321 0.5365778299371535 0.060973743077577 0.024008159108406812
0 0.17536334976567736 0.5359821336753648 0.054050748215997785 0.025553843850915525
3 0.49795391882086115 0.6010746111600269 0.10587589292998989 0.19507706163465666
0 0.6839361282770968 0.5351286697421943 0.0448427100052865 0.027125860056424367
0 0.45089026552455713 0.5261188832806933 0.017016084663584508 0.018373996300331874
0 0.4532399809595804 0.5437232763247988 0.03241417863747492 0.03870700739423183
6 0.4119333817054698 0.517612217027569 0.0026558011911642643 0.017227762723011852
