7 0.3359552076365028 0.4685012006426229 0.007334596771364499 0.02634076264187757
7 0.3009528433088397 0.43596947659999274 0.007014061959503715 0.027680163380900014
7 0.318345169625333 0.44156119023296325 0.006239522144853071 0.025171649904776383
7 0.33692054364308266 0.48954955124494126 0.008111198998482394 0.009461581669608587
7 0.5620906816755414 0.4698321641234852 0.0050978198286733 0.02473400892001698
7 0.4682989325289665 0.45059789096938574 0.00411440525340484 0.02091712295727044
7 0.5053504654726269 0.4506216652552545 0.003969204835442497 0.020906551254636974
0 0.9286382296817908 0.5378282099076364 0.07466875313999943 0.035995154533965956
3 0.4996312969777005 0.6274594314753874 0.09556254098006756 0.20313456341993363
0 0.3090028724784538 0.669357667566393 0.17726099954245578 0.1917006262478148
3 0.5309794509874272 0.510493899323442 0.03138458893801599 0.026819617784532235
