7 0.45801733768700037 0.47904541213309193 0.0026831034516629493 0.014253161815383053
7 0.45560822804990164 0.4646755614945284 0.002723661835938307 0.013453583739388597
7 0.4575213000671297 0.46610857322339594 0.0025904907748629524 0.012831945644625808
7 0.4393079907400498 0.47224255900403794 0.00404301913982591 0.02005636749256079
7 0.44440155397803893 0.46207480538958223 0.003006565323963206 0.01458116660864911
7 0.4414987181975935 0.46021719345464024 0.0031867710119993786 0.015389145226803125
7 0.5374006009178484 0.47953036195111703 0.002673109713429822 0.014145550570336063
7 0.5046437623328828 0.4684983227243289 0.002279783174769512 0.011943271763829644
7 0.5367197798354684 0.4909631108945521 0.004091245547927502 0.005084740241275476
4 0.30799463475013766 0.5123934356319357 0.010988365561157565 0.017250030233322167
0 0.1061511592264002 0.5151566983742227 0.044637102186863245 0.018392480217209295
0 0.29025926328069096 0.5151537603829829 0.03010757038855777 0.018730075303845073
6 0.5489630150217398 0.5121161727920618 0.0024182431333978904 0.021044269725598697
6 0.04350841264412597 0.542759212255953 0.01225500956016537 0.039876163832528344
6 0.563600075820347 0.51297402924969 0.0037720817054479605 0.024764707334572145
6 0.32443813176554626 0.5122763681373381 0.0026820763460357333 0.02212089034584419
6 0.059566644241958656 0.5436395884677019 0.015006092823293168 0.07028637670250681
6 0.24098751565367663 0.5191900213848484 0.006024880516839026 0.015687753042162633
