7 0.48668430102930565 0.4791813626862569 0.001367468687148432 0.007651740772367133
7 0.48708203719741117 0.4796573388675692 0.001329934191834914 0.007446544028474056
7 0.531588995652482 0.4851001088384281 0.003953754007182786 0.01001205345764733
7 0.49301249833625627 0.4772340517982482 0.0014968003667023555 0.008493872930145419
7 0.5081957072739187 0.47724059693047505 0.0014911563820811935 0.008494681900681977
7 0.594295069253616 0.4693680631906699 0.009631441365751336 0.023308538438279403
7 0.5050140108017027 0.4509799746555659 0.00344251159708997 0.01994508674115658
7 0.540317043237307 0.450989193339442 0.003709698222957858 0.019949561952074757
7 0.3351862155192416 0.4748487967054673 0.008101314742654964 0.01855279727182657
7 0.31080583680920104 0.45438500200882237 0.0044718495528338065 0.018401352909536484
7 0.3224866271914302 0.4569981231565159 0.004122157661639647 0.017257918209188927
7 0.30768269590093067 0.46936372664254217 0.010306384206521357 0.02317782570018656
7 0.39715290267527853 0.4517631333618145 0.0041164845837421415 0.019574432196161173
7 0.36253544615020006 0.4517539025473788 0.004370401897261178 0.01957012787745538
7 0.43124640397577796 0.4850661584485061 0.004070622115512235 0.009993677468747797
7 0.4348733678651958 0.4787023107386401 0.0015544364404853073 0.007846026020570829
7 0.43294661941222945 0.4781726614281292 0.001605223614599527 0.008074165420743629
7 0.4306248447972406 0.493205157002476 0.002957097328747771 0.003612940314310198
7 0.6237678340072479 0.46006165111679315 0.013160181511915003 0.03122188067779752
7 0.5964531309554272 0.4477398824913812 0.004427354926207716 0.02139489045891302
0 0.5117647362982511 0.5747523631550642 0.07194446470052579 0.08941905797116778
3 0.5007809690882057 0.506506529999188 0.00981866815678456 0.022477140895503178
0 0.324892572924635 0.5184196967200964 0.04225377055489338 0.026258302915873832
0 0.484096630658859 0.510313820318843 0.010679760742359712 0.014608193225702726
0 0.5011182071437859 0.5094121508176306 0.009252540364654505 0.013596700275500306
0 0.5000947100659855 0.512434931014793 0.012435268250195586 0.018952140276363716
0 0.5015535499702116 0.5217382981470433 0.04241422611996232 0.03097604517960051
0 0.48285164463139896 0.5123260385933937 0.008007545233254643 0.012745415944328431
0 0.48547554678459026 0.5089679959877138 0.009041412491819278 0.012318748939329716
6 0.43069037599483817 0.5071464786928039 0.0020640321201621514 0.014780203553103388
6 0.40779519890177285 0.5075796903720714 0.002124236916604294 0.015429616890079878
