7 0.3344835942136952 0.46017932298304354 0.009723066846730577 0.03478140879132513
7 0.28304217458133213 0.4106298274525103 0.010221946856573294 0.03968089586151402
7 0.30945778759341525 0.42152467520169634 0.008666579750011116 0.03472208462573473
7 0.3357020346931032 0.4877974573730361 0.010662146746302392 0.012451246621490997
7 0.3334157159021414 0.525865640582292 0.0013177631032949 0.004946282096363497
7 0.6264184461533195 0.46249794967653834 0.008060728414702845 0.032157457088879626
7 0.5056200230833339 0.43762195446032737 0.005106857747178006 0.027173339826169374
7 0.5535170092904156 0.43762261261028573 0.0055505668754606274 0.027173323635151347
7 0.6217891634821098 0.5230980166681001 0.0014429490165132064 0.004511242017289807
0 0.846077101782168 0.8042506094548743 0.307845796435664 0.3914987810902516
0 0.9629604789317079 0.5555412442951557 0.07407904213658423 0.055830199440591755
6 0.2494069008422362 0.5440791903751594 0.010582889780594268 0.06273831863990209
