7 0.6450086983178043 0.4590531667000891 0.00953865428334355 0.03597050194494772
7 0.5637983005026849 0.4312099831757672 0.0063267201423296004 0.030442161851570726
7 0.6431333752416315 0.4877537970942934 0.01077879711378893 0.012719766271927613
7 0.6398537073631367 0.5267180071307431 0.0016444939841128159 0.00504289473209496
7 0.43430543034696134 0.4036874587054155 0.008760389768929067 0.0426076737676262
7 0.44259685220156375 0.4160878644389804 0.007523554521428499 0.0369431733205825
7 0.29274009218569474 0.34684005208021085 0.04058975255753117 0.1420460524657413
7 0.38535180444943545 0.3738832789527774 0.012406645346237699 0.05640153052755226
7 0.35801637748800663 0.3434586145388141 0.016046296512084834 0.07074299999142492
7 0.2992568480696488 0.5922410702955281 0.005052573287690654 0.018404029388071286
1 0.3865082512260785 0.5114896527267973 0.2063700872330836 0.21470304633302467
6 0.9821282280859951 0.680545833370056 0.035743543828009705 0.1265594058974172
6 0.7426537638870777 0.5317055949685452 0.007881838104594863 0.04586786903297779
6 0.7347104069154774 0.5462889709468779 0.0096894195187478 0.06003725007213623
6 0.7486113313093743 0.6714134505103275 0.03785058790278928 0.23061710445708028
