7 0.4913091172504479 0.4535441705826708 0.01633624018237434 0.04011317763935612
7 0.33315255594948034 0.41187002920735893 0.007481370879289739 0.03934336003043126
7 0.4010102050874417 0.4162808657580276 0.007630438103498893 0.037298488760054704
7 0.4860587084135381 0.5293761116721654 0.0018230000846747307 0.00570613188515634
7 0.07548153294629269 0.39845143922572746 0.01274008779580979 0.0456091896158492
7 0.6180841148029403 0.4233635848213674 0.026885296302757378 0.06724841153122446
7 0.5087986124025415 0.4127323033770447 0.008823965933071554 0.03894953050089783
7 0.5398179892814796 0.4003762685753094 0.010359528319179856 0.044723301140930594
7 0.6114373478092032 0.547481312544303 0.0028375310435664325 0.009327061737905873
0 0.23487895368641992 0.5655601432353485 0.11539167959024507 0.07948216528743202
3 0.03487939615933974 0.7204701316684785 0.06975879231867949 0.36889373583273233
6 0.16302185435570224 0.5308899207179179 0.007029143764406998 0.04224288147211552
