7 0.4613857568206438 0.48256451296579 0.002519773790837565 0.013487698986128005
7 0.4593668175861079 0.4691698737843174 0.002552638706340926 0.012650272195362688
7 0.46106144855216713 0.4704302056347708 0.0024353446144901314 0.01209904613878704
7 0.4448374189305583 0.4766869929615254 0.003688916893006766 0.018573981038395804
7 0.44907098592873396 0.46690517056628156 0.0027993561781057275 0.013641936239876584
7 0.446539224031258 0.46529748763005313 0.0029549682792010534 0.014346788876604899
7 0.5366110873918446 0.48296231745747176 0.00251005445575625 0.013396638493095192
7 0.5055538585536805 0.47253474344117785 0.0021568591863770914 0.011308142589306569
7 0.5359703152310633 0.49379850167087624 0.003873887681639876 0.004816955513605892
0 0.3697524834778718 0.6091235673703435 0.10999393835237253 0.12979848564283014
0 0.5000304204186732 0.522534191973165 0.01813882823540952 0.03237086492967489
0 0.4683463042851964 0.5250282564215559 0.019156232106650684 0.025924479096768538
0 0.8645501166660532 0.5749609839975638 0.16269279530136627 0.07926536833753739
0 0.2898640030173716 0.5146333814881233 0.03440978896401192 0.016070921296165386
6 0.5539268611803738 0.512271074922221 0.002157311822825303 0.01799230297140586
6 0.6228165765010341 0.51519833647999 0.003537889629885882 0.024138875706044116
6 0.6207752503392032 0.5316159627969266 0.006160870900784432 0.047774199600964296
6 0.23019767290033377 0.522144724837835 0.006191512222924717 0.034134828448415755
6 0.5637913119223015 0.5176315851842328 0.003843008065039677 0.027637981529339828
6 0.18587290191532557 0.5154217767035532 0.004541140766047724 0.024456045556514927
6 0.5584796986401273 0.5145781376516718 0.0026707136547723387 0.021555733632861007
6 0.2273573162048731 0.5149154256150443 0.004333650557500596 0.023738699883531722
