7 0.4262479554155346 0.4679779297572759 0.005204708890278742 0.02488440546947296
7 0.4147869918512701 0.43793838980744787 0.005519146642682049 0.025796191826068626
7 0.421515018565399 0.4428663224253355 0.005003477919627186 0.02360432922120831
7 0.3514049550334222 0.4394137476888982 0.013093891966125759 0.05025859440233954
7 0.3851819089865024 0.4278728228429103 0.006768824915230842 0.030288870111608912
7 0.3720420421973185 0.41962915079083457 0.007729818142873046 0.033994412531126894
7 0.5631704599872174 0.4690255121360618 0.005110014373786775 0.02453076117733749
7 0.5068942011696154 0.4499057647053998 0.003964960013930541 0.02075022199552412
7 0.5619638966425822 0.4887251427747417 0.007128091973997996 0.008751190336123149
0 0.7580160166696219 0.531750811250764 0.059804924947989946 0.032033433827175495
0 0.14579187920017495 0.8085397200811779 0.2915837584003499 0.38292055983764406
0 0.4966605176861648 0.6181212218455171 0.09455952058850192 0.17798339981168243
0 0.3565334604649225 0.6175703801051139 0.11872073777802461 0.14149904241408495
0 0.7404475103154791 0.5308089615437228 0.060657992211143985 0.026330363640433285
6 0.617818105489831 0.5302409759550057 0.005857820861029817 0.04316012187804541
6 0.5314541533585894 0.5508150501277596 0.00824049103947 0.07077782314073755
6 0.08986599851558226 0.5526796776010348 0.01504665664175825 0.07306869446840136
6 0.12071278583064857 0.552195974184964 0.014267611259313487 0.07238130073577065
