7 0.43563027711679175 0.4770902667684549 0.004429237919730711 0.021772262405289955
7 0.4275624412967386 0.45218309006133783 0.004622732336312774 0.021935426019196624
7 0.4325068910180819 0.45580155755359864 0.004254625373081411 0.020329757679409866
7 0.3836013434909953 0.45761059515177904 0.009347699657816622 0.03901054962257605
7 0.4046226964319809 0.445070280043127 0.005477007524876232 0.025101440150331333
7 0.3957170264084476 0.43949209812167134 0.006094866210587857 0.027595169416198773
7 0.5559135435926235 0.47787557887550725 0.004355936530239801 0.021510084952887587
7 0.506410416113836 0.4611404558936101 0.003470300517146585 0.018180064392084694
7 0.5548718200245235 0.495186765064739 0.006242901185191774 0.007689504111816126
0 0.19158380206579367 0.7714997665468399 0.34687536900263694 0.37880383247540983
0 0.4975471252041971 0.5748905723274236 0.055333708319418695 0.10184838113226613
0 0.40898996818366895 0.57816964679763 0.06541612789090251 0.08202818910375032
0 0.015505846059448814 0.5296265434662464 0.03101169211889763 0.02730454274203431
6 0.5967574395124992 0.5296213176532912 0.00455509212888483 0.03496095936799937
6 0.552027359721376 0.5446180052361307 0.006616771941529764 0.054334695206443295
6 0.1240377378321258 0.5409608726212537 0.010798274319041026 0.05533651555065178
6 0.1441309793521841 0.5409097442276893 0.010715274900421207 0.055243147751481536
