7 0.4568013812830517 0.43633166640908905 0.005568075441605258 0.027807425484269455
7 0.460534615469008 0.44199618299282645 0.005038834284279536 0.025276809637026165
7 0.461383970824734 0.5192815896655565 0.0007372518240228443 0.0037638920988192215
7 0.41177101808173194 0.4349632949922445 0.012353869489073577 0.057040490078876294
7 0.4317195742841335 0.424565477775689 0.0068826447139226365 0.03309318032834724
7 0.42292531562673097 0.4146723368383367 0.007899246715863062 0.03756795185427508
7 0.4124052783230428 0.5398571431384893 0.0017231834698655524 0.007815129100248175
5 0.33175471877512486 0.5407768713003361 0.03418161500013128 0.0385180983336606
0 0.5000004044171529 0.6664458637381456 0.1360199237490468 0.21001638675172318
0 0.6520745662224805 0.544154922849361 0.06477649554209197 0.0445102363961023
0 0.9185439554552959 0.5408948500843896 0.09126961724831162 0.03898443147714992
0 0.23769286001114476 0.5590417210443435 0.05463470437813392 0.06472365492796872
0 0.825659826831006 0.5326219663978 0.06430477260070833 0.043602436570159386
6 0.1546344307710189 0.5685951677773513 0.015224809952379237 0.08965490057456105
6 0.17242090484904884 0.5370612890354248 0.00882845389398873 0.04884203762551165
6 0.76351118558939 0.5490995312088944 0.012096329580556064 0.0709061940046608
6 0.10091496052151913 0.5792181450941755 0.022022404287224698 0.05083241497545132
6 0.43362577242346595 0.5686373313967694 0.009326148347437724 0.05768991798274847
