7 0.4568013812830517 0.43633166640908905 0.005568075441605258 0.027807425484269455
7 0.460534615469008 0.44199618299282645 0.005038834284279536 0.025276809637026165
7 0.461383970824734 0.5192815896655565 0.0007372518240228443 0.0037638920988192215
7 0.41177101808173194 0.4349632949922445 0.012353869489073577 0.057040490078876294
7 0.4317195742841335 0.424565477775689 0.0068826447139226365 0.03309318032834724
7 0.42292531562673097 0.4146723368383367 0.007899246715863062 0.03756795185427508
7 0.4124052783230428 0.5398571431384893 0.0017231834698655524 0.007815129100248175
5 0.6731444456138638 0.5408983695401588 0.03442107166191477 0.03873881440282434
0 0.5000004044171529 0.6664458637381456 0.1360199237490468 0.21001638675172318
0 0.7164876105759546 0.5326441003250966 0.05903306421345533 0.04378250354254798
6 0.17242090484904884 0.5370612890354248 0.00882845389398873 0.04884203762551165
6 0.11163247326205113 0.5433645060441437 0.011360381151309079 0.057479777542830846
6 0.6420050603363261 0.5305023521505765 0.005910216298890547 0.039576103655033834
6 0.3035564179072867 0.5767055426425072 0.012124261983570861 0.059278414227261544
