7 0.609433213250673 0.4693968151474635 0.006467776419318061 0.026930099316525236
7 0.5480558689846423 0.44850759225649883 0.004634847605736736 0.022764974314886166
7 0.6080700689215374 0.4909989920882265 0.00798889684242643 0.009585941627720251
7 0.4598892118323954 0.468400509380411 0.005066460307260823 0.0273021413960971
7 0.45497994855859675 0.43409474185162067 0.0058081780263550264 0.028946755675308244
7 0.459007693485987 0.44019186329167526 0.005234837266628545 0.02621478238954411
7 0.4055584558219135 0.43080393102174874 0.013485216990267113 0.06119676324104856
7 0.4283628708610422 0.421288485646504 0.007250384687524203 0.03471945188797526
7 0.41863824424811 0.4103713962650421 0.008385853030183188 0.039677386739204734
0 0.8711162455719251 0.5354394384405852 0.07998804601924814 0.043127060282379004
0 0.7586091896154448 0.5459503018287812 0.09428187915974973 0.050051785327353104
0 0.4587850642814174 0.5496344096626604 0.054270489280359546 0.046098885333878736
0 0.7921514265256373 0.5323942747720298 0.06923775416988731 0.03928060745460249
0 0.28426798124068564 0.5393874280560198 0.06493150885397242 0.03692522093078765
0 0.013428430610605094 0.5449072712997138 0.02685686122121019 0.035524308398743654
0 0.5934819984345837 0.5676528280408826 0.052367097579298916 0.08099848317325586
6 0.7176989288865938 0.5571879260889724 0.013633731506782487 0.08222630091439909
6 0.21660155473727882 0.5246590747788127 0.006384664792607214 0.03529119249154411
6 0.6737265634250295 0.5243454134587767 0.00496575140676514 0.03484344940862094
