7 0.4521684621685548 0.4768433695744213 0.002075156771024045 0.010038213085522496
7 0.45401389544008053 0.47764517986585475 0.00199721125259672 0.0096879798063359
7 0.5507736946777066 0.48729438349948384 0.0020663984889878195 0.010679625923933844
7 0.5259948016678033 0.47899254919384976 0.0017636398774225626 0.009004407834468098
3 0.536103887664244 0.5160907643744996 0.017715481726007454 0.03653060587272644
0 0.4934949023110021 0.5132022746797575 0.009028067234045867 0.01179804714593935
3 0.5089126096516434 0.515755103683659 0.01634104524875768 0.037408669326413624
5 0.4530929533725795 0.5466079305740486 0.01707194895305736 0.045284276715979566
0 0.4534560985648429 0.5226826704228761 0.021156077030295872 0.024778957927855005
0 0.8416487553496512 0.7984515028979633 0.31670248930069744 0.4030969942040734
6 0.45876053925524507 0.509136762935666 0.0017455595680928582 0.013025575156511371
