7 0.479291158637992 0.4839819393927877 0.0023709380436326977 0.013725229352219204
7 0.4793742834607797 0.4703021035223403 0.002510469118290559 0.012898413983770118
7 0.48020431265795155 0.47160784905978526 0.002396569326928888 0.012325840817017597
7 0.469289950491737 0.4778808901784655 0.003416364991373322 0.01902750532901909
7 0.555696283091129 0.4843899945145712 0.002754549457304356 0.013629364126531207
7 0.5241850625851664 0.4737806212464668 0.0022693412760566023 0.011505273646850445
7 0.5550343533346722 0.4954133998113973 0.003980794281591371 0.004900099862855722
7 0.5536861410625582 0.5104494972662436 0.0005758693058249831 0.0019342492070497652
5 0.9825971837778316 0.5339945192196702 0.032262856269938855 0.03312903981353088
0 0.26350267802848826 0.5170263910434998 0.03591355535031232 0.0218960281751025
0 0.1532590320385428 0.5176578833969125 0.039817325783382235 0.02114581657302461
3 0.21210323313211027 0.512975939753483 0.04601637816491527 0.030035621265129375
0 0.5447776338834472 0.5369562326095885 0.028045271856732557 0.04025599729734941
0 0.5468176552938409 0.517457215086065 0.023710954951968954 0.022986826665289395
6 0.3525411814496767 0.5190157189107066 0.004344360060028196 0.02716347011099085
6 0.5873763166251349 0.5161397388994164 0.0030777594145585674 0.02213660620101454
6 0.590328036242622 0.5246934756041863 0.004326320957425023 0.020398948850260723
6 0.32603320819383597 0.5123386096152207 0.0026891399994264376 0.017600969875698702
6 0.3494375127325 0.5192105016358606 0.0041824317658501475 0.027422500872139377
