7 0.462780775192943 0.4841564317183823 0.005407002134984018 0.01360159922233889
7 0.651115102855055 0.43418608992621704 0.024212659984599094 0.057006790412790664
7 0.4353211350601562 0.3812476060938812 0.00926515894660973 0.053615381163331255
7 0.5253263598088401 0.3844780312445215 0.010435354585693446 0.052038997315283664
7 0.05401587732424527 0.45278896869315866 0.02234680158797537 0.041281683902521904
7 0.13315599561326685 0.3761778236776373 0.016023997430658216 0.05619411640650629
7 0.02382942646701995 0.3724329663032601 0.01911165201280478 0.05803620877922566
7 0.3207862061949678 0.48365981168822425 0.006137427466668954 0.014190081389441056
7 0.3284438769683813 0.4753156538607747 0.0023216361920070927 0.01084593649130472
7 0.3247981618051563 0.47432909204043994 0.002431293129441958 0.011281197192789305
7 0.3199786436093218 0.4952002741973216 0.004428190573307678 0.005115967382784303
7 0.9753364462547052 0.33535571035535383 0.04932710749058966 0.1471915596318042
7 0.6863639876345504 0.36764694052491975 0.014858568978821762 0.05991140437460435
0 0.42121585654842486 0.519000569626065 0.012079477529115923 0.019272720094102525
0 0.3493367487659832 0.5255641920699923 0.0295212957301611 0.038957345319421965
1 0.3958850604448084 0.503603238148534 0.030460632331903437 0.053900951741573055
0 0.4140134139387603 0.514372475485068 0.0183639999932651 0.013497557866075205
0 0.42373171121818654 0.515622812409251 0.02172266410218171 0.01295453999831675
0 0.17558118132509387 0.6448325495365145 0.11954639170136862 0.1683271777652886
0 0.9980989420309678 0.5430326984448257 0.0038021159380644542 0.05778684319187377
3 0.3798548284696227 0.5255824914629884 0.03236883872380991 0.05213876844974935
1 0.7957536174480744 0.5081464795699061 0.19173333908060408 0.13088378353723668
0 0.39351065146191566 0.5220202069464641 0.017399982477976472 0.023987856405270347
3 0.7951845051166904 0.546044469099459 0.09519170689862744 0.06765783268499093
6 0.24564622650536472 0.5227250865157589 0.004819480181733532 0.03189648186703109
