7 0.5030392229455387 0.49074766220781074 0.002960290857333736 0.00765283363331809
7 0.5452218311596427 0.48935240579801964 0.0035501987239145993 0.008911383316707988
7 0.6030481062944141 0.47876809836033585 0.007530904550213657 0.01809989756122171
7 0.5336686856576758 0.46448279565190953 0.002816072653262558 0.015410264608184565
7 0.5610914071158347 0.46450520897956094 0.0029786707791192857 0.015420997818510307
7 0.391728212491475 0.4819567214985508 0.006318043466680412 0.015040391211078252
7 0.38551354890865924 0.4680613902054799 0.002982842336104685 0.013717602806483598
7 0.3802891110316252 0.4785662594052601 0.007593436765686135 0.01794488335804373
7 0.4493910456973221 0.46489656369992866 0.00293481091383363 0.01516378851642819
7 0.42249884027600715 0.4648742434929597 0.0030836548691864363 0.015153412759638274
7 0.4553328260376441 0.49646466436085035 0.0026012585818481204 0.0032144781868989614
7 0.625338246460237 0.47367314950145767 0.00952496719636442 0.02253207973430066
7 0.6049283593975194 0.4626321867734727 0.0034139477062701262 0.016283214821395164
7 0.6109734258636723 0.4603556069670191 0.0036631125649893015 0.01729709594629547
7 0.6241290840568942 0.5167537872306137 0.0007744614778968373 0.0032048200482046596
0 0.46991393390868386 0.5148036286430564 0.011866376720945426 0.013247601437708423
2 0.48728706726400933 0.5118341993559838 0.012819062311635432 0.01919244040127277
0 0.42110440860862763 0.5250190378568931 0.03289595878372237 0.02387317493775032
0 0.42071400892506794 0.5340580237096749 0.033223006658333165 0.03872615809950686
3 0.5044190950924627 0.5272740454136401 0.027199153219054473 0.06225149675546526
