7 0.43682694907734176 0.4687885749712256 0.004781396078923972 0.023225983694997232
7 0.4272469780371426 0.44155517336336336 0.005026095891226212 0.023717734398162882
7 0.4329819068446126 0.4457449784296129 0.004593984797369111 0.0218518563902097
7 0.37504358805677107 0.4455259678542975 0.010915914148976524 0.043925449030582264
7 0.40137828057675656 0.433189878882427 0.006046077821383888 0.027454050484020887
7 0.3906648156785988 0.4264885204084101 0.006805964841453127 0.030464596334544847
7 0.56507805475547 0.4696352597132837 0.004732484424267769 0.02298896977440673
7 0.5122423554468456 0.4517755405117586 0.0037112281130192715 0.01941710223081078
7 0.5639481746294582 0.48811888675461335 0.006686538258094066 0.008208856412311227
7 0.5616838148020602 0.5132734274675699 0.000971420849316007 0.003244603678171698
0 0.04290044083961384 0.5294437307760685 0.07324568089956653 0.03297887393966681
0 0.24026608220120063 0.526303662181201 0.05312754901572975 0.03207309431589056
3 0.02151679911450252 0.5213215897157109 0.04303359822900504 0.058836122267879876
0 0.7306783464672942 0.5242168881481545 0.05688925049014992 0.031194175741029007
6 0.5750109848592875 0.516849094019901 0.004728153600313534 0.030076077851323157
6 0.6376049321839272 0.5312207432645348 0.0072777893299961205 0.05054048594871485
6 0.5990323286565278 0.5370005836511051 0.00940658847143705 0.05893060830659902
6 0.6005685021477195 0.521436108521768 0.004301289718864565 0.03298645818625989
