7 0.49570671605044503 0.48211755804089607 0.0014809873887431935 0.008519056924455037
7 0.4957786453767845 0.4826968629676616 0.0014369877264938102 0.008265457983911983
7 0.5477432012321635 0.48856124626654834 0.004515585421461243 0.011270864500398381
7 0.504376607521575 0.4797088896175928 0.0016764871608824228 0.009575006499209171
7 0.5214745612450151 0.47971347633609207 0.0017377040650804476 0.009573769440879676
7 0.6670575092236346 0.46519234675250193 0.013711730489633367 0.03149443252326134
7 0.5472025502725293 0.4402401177406453 0.005112134235086274 0.027130647590882517
7 0.5949156486645579 0.4402669369233908 0.005592064786071327 0.02712074629395539
7 0.6625302931734967 0.5254431357371208 0.001504576870803187 0.004495509741000991
7 0.32064036330724827 0.4743773710455079 0.010346067186191688 0.023489929123651776
7 0.2860075001736234 0.44619463710555807 0.00611706776803661 0.02443941697503399
7 0.3028450436378664 0.4506048973585177 0.005489305644600373 0.02246288129612617
7 0.27978949564243716 0.4652329881298638 0.014213517964552613 0.03142437898057404
7 0.40089503654198766 0.44161721953577815 0.0054805836462557544 0.026503323114879296
7 0.35417775563984827 0.44159145099622726 0.00594696894353397 0.026512786520134446
7 0.43469209436950806 0.4885562068354605 0.004567833814704325 0.011265126958749205
7 0.438191570817647 0.48154420152714683 0.001715803210046496 0.008767553631791436
7 0.4362521268689066 0.48089152433512017 0.0017779956781295292 0.009053429402194557
7 0.4339656103890194 0.4977304589465175 0.003323025101375332 0.004069385208359644
7 0.7510754483940396 0.4464338368262974 0.02199590885404168 0.047902144199368446
7 0.6783092947460592 0.4342747838217383 0.007061557857041989 0.02983183363778419
7 0.6993971981824709 0.4263718968363718 0.00814898416322929 0.033420350523816034
7 0.7467304531640431 0.5370602317388904 0.0020992301311251182 0.00677078643923712
0 0.6998728304338332 0.5327285774030757 0.06132012211986737 0.03728528672504938
0 0.12798128361665373 0.5340488738452399 0.07249271614191358 0.027837821058258383
0 0.7170310648573 0.5141206109460368 0.02465896265800316 0.011750196294114668
0 0.11801419584073662 0.5302247293356105 0.08213241532136353 0.042799352743071006
0 0.7092051074428296 0.5315698068372856 0.058482547126982753 0.032650522580506824
5 0.8376750081076925 0.5344433762404053 0.032678917673290786 0.03406070131153949
2 0.2172342566045892 0.5276699776434131 0.08043484455768318 0.04064482379257173
0 0.8217522379808448 0.5319243814824254 0.06498117219461552 0.032451989319773666
3 0.4966698500697751 0.6477980044839513 0.14355746664822255 0.32892308329158065
6 0.4277343371259299 0.5118998570658295 0.0016831921619863688 0.012990501786035447
6 0.41903462128912194 0.5159470945942364 0.0032268469410801637 0.009312303735213856
