7 0.37726358778057667 0.4614785784969103 0.003802398685317343 0.016659625421736213
7 0.3837913362284432 0.4636235197688909 0.0035541744319846913 0.015716812446169515
7 0.5396310363511578 0.48026116462179247 0.0031722794819476485 0.016484500413345093
7 0.5015451302399059 0.4674100078997977 0.0026535693554513573 0.013925415473060254
2 0.42252421965169196 0.5174021399276849 0.023702517724236427 0.0281377363807207
0 0.46832567086552607 0.5237808916557523 0.019310741138417242 0.02638715436054795
0 0.4633627146799337 0.5291405435947766 0.024275149586551414 0.028625324016273934
0 0.5521529069753224 0.5120053870153289 0.016981806542650024 0.011623071082405456
0 0.7897672345685407 0.5240631023053892 0.04182324999063258 0.024547467184616423
0 0.4932875595659415 0.5414490947857452 0.034571905510995815 0.04180910741739319
0 0.47408872863434687 0.5199806553140633 0.0155646022867032 0.01942127551443973
