7 0.49888216782950656 0.4791453458505669 0.001547200336750043 0.008905203624151425
7 0.4989584147752688 0.47978084085467043 0.0014992317267903399 0.008628461952148891
7 0.5535784620926429 0.4857737986445174 0.004759160662609396 0.011851152830464617
7 0.5079876627049813 0.4764809871137781 0.001763149037758538 0.010066824279183706
7 0.5259602543865323 0.47647872880802394 0.001831753993126184 0.010067809811491024
7 0.6970163256623265 0.457036005048869 0.01619356368875091 0.03650674358696954
7 0.5583540354012012 0.42818970546149293 0.006007874101650934 0.031503877505109024
7 0.6136183445724419 0.4281682645737622 0.006656211469093343 0.03151355611464679
7 0.691764127004675 0.5267504396774374 0.0017899259174373183 0.005206084541889311
7 0.304850299796272 0.46916614195134787 0.011587960388409313 0.026054999698682024
7 0.26077860701725974 0.43636170207234454 0.007212204022405522 0.027825337121155314
7 0.28222392804656815 0.442017019161836 0.0063680008458104065 0.025291776521778164
7 0.3037712718288903 0.519221886694383 0.001068913231945412 0.003759659002126048
7 0.2505255600694723 0.45738965772056334 0.01665823434066127 0.036201099650147395
7 0.3897437425311401 0.43020772094844 0.006453061826911022 0.030593556693120694
7 0.33611678182311466 0.43022793501245626 0.007057525882731341 0.030584444658918075
7 0.4348390501494605 0.4858026217071139 0.004800361042821777 0.011826620278558408
7 0.4387533054102404 0.47853769018983294 0.0018003905896388783 0.009169939676952232
7 0.4366328565556722 0.4778191507358456 0.0018689433044936088 0.00948313266753581
7 0.43409031962802946 0.49543380007754556 0.003489335208199773 0.0042706278082487725
7 0.8199311049829052 0.4294220197115013 0.028969898082470635 0.06054182589166063
7 0.7136648970762904 0.4198611056555184 0.008733714626165567 0.035274202447791
7 0.7435291462881106 0.40860801032111516 0.010406679800328833 0.0404025392333785
7 0.8132312533944452 0.5433176570955439 0.002926256660344184 0.008521209887961234
0 0.49952491782754205 0.8082218516952941 0.2626683763466242 0.3835562966094116
0 0.46556005135340406 0.5144522591684924 0.010873449980632943 0.014164810904451985
2 0.04220164383538617 0.5312674703976903 0.08440328767077233 0.05009964742765172
0 0.035107660350733975 0.5211567503641819 0.04772165837989037 0.02043860600823133
3 0.4736055087940325 0.5159660199319767 0.01972592217406194 0.033780940671181925
0 0.16827189373389065 0.8097404378001061 0.3365437874677813 0.38051912439978797
0 0.5201654860669589 0.5159099955300148 0.01224446005364832 0.015301800714524916
0 0.42745075930044196 0.5734709438378542 0.07070647501586769 0.07169944173701881
4 0.5012420971205952 0.5145502594253075 0.0031382937008181955 0.015440206910016907
0 0.5234281521148911 0.5174650614376356 0.014801674121627584 0.021593418949998
6 0.563906261774082 0.510463125605178 0.0018227676446750385 0.0153599462711691
6 0.38324433766185473 0.5260656922941505 0.004537737513534201 0.017484703578028227
6 0.7651126666968637 0.5222866374525946 0.005531244119945433 0.03234054060047997
