7 0.49888216782950656 0.4791453458505669 0.001547200336750043 0.008905203624151425
7 0.4989584147752688 0.47978084085467043 0.0014992317267903399 0.008628461952148891
7 0.5535784620926429 0.4857737986445174 0.004759160662609396 0.011851152830464617
7 0.5079876627049813 0.4764809871137781 0.001763149037758538 0.010066824279183706
7 0.5259602543865323 0.47647872880802394 0.001831753993126184 0.010067809811491024
7 0.6970163256623265 0.457036005048869 0.01619356368875091 0.03650674358696954
7 0.5583540354012012 0.42818970546149293 0.006007874101650934 0.031503877505109024
7 0.6136183445724419 0.4281682645737622 0.006656211469093343 0.03151355611464679
7 0.691764127004675 0.5267504396774374 0.0017899259174373183 0.005206084541889311
7 0.304850299796272 0.46916614195134787 0.011587960388409313 0.026054999698682024
7 0.26077860701725974 0.43636170207234454 0.007212204022405522 0.027825337121155314
7 0.28222392804656815 0.442017019161836 0.0063680008458104065 0.025291776521778164
7 0.3037712718288903 0.519221886694383 0.001068913231945412 0.003759659002126048
7 0.2505255600694723 0.45738965772056334 0.01665823434066127 0.036201099650147395
7 0.3897437425311401 0.43020772094844 0.006453061826911022 0.030593556693120694
7 0.33611678182311466 0.43022793501245626 0.007057525882731341 0.030584444658918075
7 0.4348390501494605 0.4858026217071139 0.004800361042821777 0.011826620278558408
7 0.4387533054102404 0.47853769018983294 0.0018003905896388783 0.009169939676952232
7 0.4366328565556722 0.4778191507358456 0.0018689433044936088 0.00948313266753581
7 0.43409031962802946 0.49543380007754556 0.003489335208199773 0.0042706278082487725
7 0.8199311049829052 0.4294220197115013 0.028969898082470635 0.06054182589166063
7 0.7136648970762904 0.4198611056555184 0.008733714626165567 0.035274202447791
7 0.7435291462881106 0.40860801032111516 0.010406679800328833 0.0404025392333785
7 0.8132312533944452 0.5433176570955439 0.002926256660344184 0.008521209887961234
0 0.49952491782754205 0.8082218516952941 0.2626683763466242 0.3835562966094116
0 0.40377343373679175 0.5123909208512184 0.01765111073637393 0.011978960316726628
2 0.04220164383538617 0.5312674703976903 0.08440328767077233 0.05009964742765172
5 0.52239392403162 0.5177316358088682 0.005866754078272862 0.017438160842506822
3 0.4821126254935319 0.5113493519457282 0.014208047417175518 0.024060757662031695
0 0.7296832888784692 0.5395769978998465 0.06624195402770272 0.034238265300469584
0 0.5201654860669589 0.5159099955300148 0.01224446005364832 0.015301800714524916
0 0.8522035851889724 0.539668154673105 0.07268378645513973 0.034255172274777035
0 0.4045857828183934 0.5110456892528443 0.02093416118669361 0.012037758195090786
0 0.43780825522640965 0.51205870562594 0.009720649411689097 0.010028662807916255
0 0.6843261298148989 0.5317280629613625 0.06273996918389724 0.03888444022042259
6 0.43887331043781397 0.5671253165995627 0.011110769980462176 0.08722304805656023
6 0.5561390829334554 0.5102472035402257 0.001605616910329899 0.013496366433030427
6 0.4986547124292777 0.5692198375321953 0.01015387822408459 0.08994349443753524
6 0.6136375791206676 0.5222955985589484 0.004402871561085209 0.03235307126757714
6 0.20527775993496772 0.5228685216505062 0.005732044036217215 0.03318404286667975
6 0.561091190189652 0.5105001658657007 0.0017087259267248855 0.01382123412948999
