7 0.6356350570265534 0.48593273434809825 0.001147562153871129 0.006281515643888846
7 0.6358330809679957 0.4862400327431866 0.0011229918601919353 0.006147927462025415
7 0.6743481505411875 0.49079886302985626 0.0034168418178400772 0.00821769611539469
7 0.6414845404567162 0.48465284037101597 0.0012379382996490218 0.006838502743461927
7 0.654279504472919 0.48454527912146106 0.0012693572403151832 0.006885737922439628
7 0.7141951657714147 0.4828050553585792 0.006547497787787959 0.015060591758500996
7 0.6538692056533657 0.47194629164828694 0.0022704473836844263 0.012400251087281322
7 0.6772150363249421 0.4715931812369616 0.0024325177719759505 0.012556426417777045
7 0.5325684384744787 0.4844861217188604 0.005571124703553032 0.013606718798519324
7 0.5853880714935129 0.4732732035549365 0.0023027121390019056 0.011814424251491984
7 0.5644518820436284 0.4735864749694343 0.002340647389689532 0.011676058548326984
7 0.5929141859113427 0.48597745144016624 0.00121484031007002 0.0062606928938590545
7 0.5905526113927728 0.49761281237265487 0.002323818451040016 0.0028372341872597295
7 0.713996470339368 0.4698269596977854 0.002805188934428715 0.013335705504373241
7 0.717284437231775 0.46836547107802806 0.0029598335958788136 0.013980538457066427
0 0.5888762793379114 0.5720232573737781 0.05274670156145922 0.06648051749299122
2 0.6221565582049406 0.5222542454453385 0.023612330345307853 0.03497329524524717
0 0.6358800935557087 0.5100179215193882 0.008233668799937255 0.009563080744152241
0 0.6353060999259015 0.5099858369569537 0.0075825712613342144 0.012492770037935697
0 0.6338713033599703 0.5121032834912995 0.008136072759586832 0.011150489140582809
0 0.8484092262156882 0.5388012924471999 0.08307755927671256 0.03810323788143888
3 0.6187510980332094 0.5092226680377916 0.0112164335895798 0.018125791368540756
0 0.648702193765335 0.5111471324716186 0.008260886474108498 0.00991993505381783
0 0.6910162434408337 0.5166817061934088 0.03099950246173222 0.016119487870537186
6 0.5715801864132866 0.5097033325254449 0.0018284790491002179 0.013223139013767593
6 0.5856013682625723 0.5076528603850219 0.0011731517089135224 0.009265516389944106
6 0.8684204819140287 0.549247037560588 0.010272099188104455 0.07022501475816378
