7 0.499001183256667 0.4888094410964459 0.0034062257411496266 0.008816579844829642
7 0.5001767859606647 0.4806864584050681 0.0013912071112985869 0.008003176745500495
7 0.5002421874988457 0.481202188637639 0.0013523035707461717 0.007778954082947764
7 0.5487799111618533 0.4868007816591404 0.00420885031028484 0.01052328325959656
7 0.5082748887982482 0.47855765460928623 0.001562497014252262 0.008929507960128702
7 0.5242336666358505 0.4785539892699404 0.0016169171734361498 0.00893095849576786
7 0.6436014133609231 0.46835008849358795 0.011255895150776296 0.026291634303015066
7 0.5432360348973331 0.4476691801247954 0.0041924355468122565 0.022530527004532896
7 0.5830597583391572 0.44764757640132846 0.004531123671356885 0.02253977647841271
7 0.6397636960791737 0.5187145456882422 0.0012238052315356462 0.0037519048569887303
7 0.3482913497504945 0.4752601458227411 0.008803799579701344 0.02037295598714811
7 0.32335340627964454 0.45210137219948054 0.004890759785895371 0.020562599905327106
7 0.335504893279497 0.45529894831429785 0.004472334052384674 0.019145077665021326
7 0.32073417920185604 0.4685883460580055 0.011477336184451237 0.026092821915697395
7 0.42118096099160207 0.44875577459891147 0.004434863904427433 0.022048129693365504
7 0.38227303799231444 0.44877646719013875 0.004752233244759929 0.022039284367029455
7 0.4433120626613406 0.4868318989812018 0.004238389287336108 0.01049871478454062
7 0.44627484415387053 0.48020225266883104 0.0015943775105163316 0.008214260829003006
7 0.44457264939967794 0.47962672286740216 0.001648049663002471 0.008464682748629604
7 0.4426241576835993 0.49538330649636053 0.003087578733857954 0.0037936716861369235
7 0.6503588488431074 0.4434551605891052 0.005514763566007552 0.024408198342958598
7 0.6642834083747164 0.4381977582582617 0.006173553942348309 0.026759638020545373
7 0.6946402047014237 0.526100704136118 0.0014640880524376954 0.00521425637350359
0 0.4996589734331731 0.6895460883185186 0.13293925185480487 0.21679481760720476
2 0.5012788903408145 0.5794112507259856 0.08310056463589821 0.13535183630642134
0 0.4107770899631261 0.5102343123275899 0.019117089148362687 0.010076875271523678
0 0.4632243432638965 0.5090565838773338 0.016303449609705867 0.012836261380099523
4 0.4868445209548543 0.5101780067589798 0.005978618128729796 0.011396377478407604
0 0.7289565170495382 0.528753636371291 0.049206673215393404 0.02493794541992156
0 0.5226406687429072 0.5175422088310928 0.014090653366143568 0.017450631749056034
0 0.5010676906513577 0.5109817418247655 0.010330446721042108 0.011288497000063624
0 0.26283714980422135 0.5271883683506546 0.05696147470162902 0.0274305807539873
3 0.36275534124632774 0.5286342352560007 0.08161132066821519 0.061949857669707786
0 0.6995408404056322 0.5235086838985767 0.048732389130265674 0.029355650428681268
6 0.46779388276420697 0.5095200979974064 0.0017847671406308052 0.014260987396337854
6 0.4212806279176937 0.5144705650822223 0.0027705640710710133 0.010067148466432196
6 0.2727510744353774 0.5346760743447384 0.008485805802505686 0.05096436570746632
6 0.40050248732638527 0.5168950693541358 0.00334951793090138 0.02536231451649984
6 0.4639515013489631 0.5188288880118943 0.0032043475764667595 0.025476088037866718
