7 0.6593146865476105 0.45411448403512195 0.017107151702870804 0.039682080006559595
7 0.5081925155525641 0.42273191158490625 0.005890671892829102 0.034310249216740196
7 0.5682362299272832 0.42270560880662256 0.006656096175926773 0.034322200345270615
7 0.6535681447856051 0.5298267681456963 0.001867565909714708 0.005658967030260698
7 0.2549697706274966 0.4680058211066418 0.012716985164467398 0.027631034589323977
7 0.19415993646016072 0.43226300950678714 0.008499447196968463 0.029990264461711602
7 0.22343220564896152 0.43874579778130834 0.007396058108085468 0.027068000328819286
7 0.25340551740254846 0.52107759627279 0.0012444557366695919 0.0039900937261904135
7 0.17521069137590323 0.4545341131585765 0.019002262670106962 0.03931693651100726
7 0.32694244244270376 0.4251049784901527 0.007765617923106816 0.0332320264987539
7 0.26883282339875103 0.4251296530419808 0.008475157694106839 0.03322083382686131
7 0.7726550678700286 0.41981496443988386 0.03225778003384394 0.0698021328254394
7 0.6722918597165496 0.4128233968101586 0.008994478723450605 0.03883119033265825
7 0.6990503732739128 0.39911297339150087 0.010846091644815092 0.04513700152281869
7 0.7659317740484766 0.5506357727736197 0.0031019269461495247 0.00980564403577111
0 0.892414318486411 0.5419642812798112 0.08900713315089015 0.039334100055865795
5 0.09143283439277831 0.5381893634517461 0.03662374364505472 0.035285529843373964
0 0.501026798695902 0.5169993866818039 0.01088033605651434 0.01611565410123117
5 0.3973613661400156 0.528766616375645 0.011885065676094875 0.02739199862398023
0 0.40832445907400683 0.5263666910853159 0.026379187470148224 0.025152070595461984
5 0.49778019842027976 0.8123721994525764 0.11882749339806015 0.3752556010948471
6 0.38792804123043323 0.5256948075562751 0.005499553198505369 0.033914172605704174
6 0.4614734414138541 0.5267460842605098 0.004389496148892502 0.0342661301718058
