7 0.4551827376971569 0.46786173500695183 0.0028338417283982342 0.013962640004906657
7 0.45724103411360817 0.4693817360971858 0.002690120743168045 0.01329414191245365
7 0.43768690300600055 0.47559687012787355 0.004277988263254484 0.021018757280843015
7 0.44337828365760024 0.46509621894622477 0.003139925485657058 0.015180616894610977
7 0.44022328909715513 0.463105910001427 0.0033367118120744554 0.01605853258600931
7 0.539916547724947 0.4832418224837892 0.002773238833866487 0.014623548055280378
7 0.5060489725545236 0.4718625991352743 0.0023550181854087304 0.01234541102183273
7 0.53921619158867 0.4950622897298659 0.004231469298340174 0.005253616492790603
0 0.5377314610032938 0.5218521401221285 0.03564829762872579 0.022031856080395373
5 0.4587264293876461 0.5343558668159631 0.01136246383093803 0.033244730721646465
0 0.37531716002084836 0.5201761874130973 0.033910796628287 0.015617519896782062
0 0.08159624472193171 0.5179665325316551 0.0434633644753146 0.01944476829890851
0 0.9268543333990475 0.6245427781473796 0.1462913332019049 0.17684378773520237
0 0.23296752872284085 0.5175376666870649 0.0475270394293445 0.026291626591338435
0 0.29516013198366614 0.521246114497391 0.04091422583114912 0.019679864116418755
0 0.3050474013473745 0.5198513753893415 0.037861013135559396 0.018385309325212762
0 0.509763746984766 0.5237604745040667 0.025216056715980317 0.020621748119994177
6 0.4667686391178134 0.5223518632006132 0.003981326271038477 0.02921893713179491
6 0.27576153421338956 0.5133445451651171 0.003223280027242259 0.019070939454128966
6 0.5671928965724875 0.5219198858248637 0.0038408404283946096 0.013630330623675913
6 0.4485876054379039 0.513082828166656 0.002338459828427897 0.018695708151627466
