7 0.397495728258663 0.4588269393117204 0.00844886901781322 0.03654446063062633
7 0.36677718881615373 0.4051812886138596 0.009706400509364554 0.04244872006522876
7 0.3837974772946083 0.4175067309482319 0.00824203439938831 0.036823537956409524
7 0.11854289749191436 0.34932580796371715 0.05725508814746741 0.14062922642795084
7 0.2970611814413727 0.3756082495425418 0.014018578337276377 0.056121198255978555
7 0.24857456438773554 0.3454827949068834 0.018518480625386136 0.07030326588493002
7 0.1316663444828587 0.5925774533812536 0.006644189153159952 0.01824705605976429
7 0.596414354785187 0.4603133242294011 0.0082025297795566 0.035889481717341576
7 0.514835046433613 0.43254217162294684 0.0058030965044360006 0.030366156433815794
7 0.5946239445171962 0.48895108867525383 0.010493350255694756 0.012692697201721503
7 0.5912316080141391 0.527834673051535 0.001555120421843581 0.005032558662899644
0 0.43434413412644945 0.5655404242001933 0.14920252338617807 0.09927241358213545
0 0.7089949854496973 0.5483850680078378 0.0946021226566911 0.05198060476988897
0 0.7288644960388746 0.5600249374883117 0.10476703056951076 0.04761893005166706
0 0.48032261242634133 0.5574667917198407 0.09059236291532624 0.05230425398376215
0 0.6357813267705519 0.5771139180721493 0.13906035619960389 0.07655540832862906
0 0.8227421004911717 0.5509442606834557 0.09704243944364921 0.04559021546851927
0 0.9523821574928227 0.5562773106730381 0.09523568501435453 0.054274251622266956
0 0.9195416243792951 0.5506075499702426 0.10989040519340265 0.04753840246323282
0 0.5398713785301007 0.617344870011783 0.10788377711283398 0.12365808618816221
6 0.006100431816176559 0.7060491652692158 0.012200863632353119 0.17691218699731626
6 0.7323097440783073 0.5793819000047427 0.017615180905294014 0.04920295581197032
6 0.642784004688702 0.5462392334769341 0.007981368437682157 0.05839160130922583
