7 0.37112472023670867 0.47028445057260226 0.006782234632233264 0.026830074277753246
7 0.3438239449482178 0.4371356506028309 0.006767364159581513 0.028339934277403167
7 0.357845721584118 0.4428477766269178 0.006029185827953143 0.025716020432408504
7 0.3723654862919533 0.4917456008034531 0.008115419936786161 0.00963959861706587
7 0.5994079306974764 0.4715621889389217 0.005876422226262057 0.025200489790892955
7 0.5041084666821243 0.45198833099933333 0.0040258452115286 0.02130819428752334
7 0.5418383574525838 0.45200123376509044 0.004299054209156772 0.021302357624050416
7 0.595748240881479 0.5193415079349175 0.0011072821000908117 0.0035542601487980052
0 0.5017826376508538 0.6690414931672303 0.12899003531688508 0.22255306255328833
0 0.6759534459925062 0.6571665937453293 0.1517928598474152 0.17591723186800678
0 0.6441507840988102 0.5357130338418801 0.06641793028220833 0.03842820733614449
0 0.542165153993885 0.5212923934634004 0.024467616532842018 0.02119877532586767
0 0.5270883929608483 0.5240327766861943 0.024362316807156503 0.01978844256830936
0 0.5710291954086781 0.5226474804492887 0.027371041225589865 0.017563690040733992
