7 0.4243621515317718 0.4832900813464678 0.0033292575954957937 0.015586729210668837
7 0.41723853885930384 0.46734431852717184 0.0032083449691227006 0.014884903911381364
7 0.4212458478421781 0.46902190411653777 0.0030271954635766596 0.01412759574654765
7 0.4253323002592966 0.49585987934812764 0.0046118553739867285 0.0056260937677730105
7 0.5596001662634682 0.48363118076079925 0.003090763815199904 0.015011322768714919
7 0.5023445538404301 0.47193333870011867 0.0024100869710786954 0.012680604524328787
7 0.5249463802679282 0.4719426303773351 0.0025074238680216077 0.012676964647717004
3 0.7844483715627208 0.5174288149445485 0.05686271550134281 0.03254938449126732
2 0.39237468508624535 0.5423200761719982 0.057056369134775076 0.06487446111796169
0 0.5027372944953447 0.6105035699514465 0.08150982901065568 0.13432822668176636
0 0.5496104273580344 0.5432049998485831 0.031659833427553075 0.0397221910989326
0 0.5008856919862477 0.5224916681896051 0.013514002690521276 0.02163276362279709
0 0.5009092446827721 0.5265479286306405 0.01657681563950325 0.0215823547643762
0 0.24468091904270806 0.7333393219664542 0.2813513198800003 0.31005863389528177
0 0.5273858352479218 0.5252700678601935 0.016128073791125574 0.019057309881562068
