7 0.30344361526619873 0.4874262740768541 0.004632415178745686 0.011103846124111083
7 0.30397407230133155 0.4770105074978461 0.001944890699052071 0.010202541330365245
7 0.3044984055946923 0.4777668371329733 0.001878140664847372 0.009861643572905088
7 0.367177868385079 0.4851519019602958 0.005381664657371998 0.01314708081372351
7 0.3133484956626199 0.4739934476352043 0.0021504265661919653 0.011564703936450371
7 0.3350097488095134 0.4743498037795356 0.0021271179429402376 0.011403692100575125
7 0.5176351230806482 0.4521940712259458 0.017616205363699122 0.04320984640587949
7 0.34820098812945055 0.40818290505363125 0.007757272322779285 0.0421766714080537
7 0.42059150878271395 0.41250448459854644 0.00805976995730917 0.040114088777749246
7 0.5119695236396998 0.5339461622856181 0.0019643353734390967 0.006160352141327707
7 0.07884194120952258 0.3957960906953403 0.013749638101204525 0.048129217702570115
7 0.21866515073580067 0.4837353894820675 0.00668664493130966 0.014420625130844578
7 0.2259851816731746 0.4751205853933037 0.0025110362561841237 0.011055149002328568
7 0.22237703851289542 0.47416843532161407 0.002627062261654073 0.011485340763700447
7 0.21772523016741974 0.49543275610925996 0.004842934834893953 0.005197179838770161
7 0.6639954568133488 0.4155550521942301 0.031450239862191975 0.07762133227474333
7 0.5367741634505716 0.4073318640225042 0.009670813766828101 0.04258433809734602
7 0.5715729555360252 0.392450334946226 0.011616555186813371 0.04974913856050356
7 0.6558800170632939 0.5583694199208447 0.0033719866330814696 0.010781165158431416
0 0.017925055275194276 0.5573325863253947 0.03585011055038855 0.055306105099841796
0 0.681105284735849 0.5385052691249734 0.06048858910159183 0.030225808880706917
2 0.3229468633069294 0.5450162384089655 0.11665835066052 0.0695124949030812
0 0.24316018734065808 0.5155805187649893 0.02367769622221072 0.013371071384352007
2 0.21942442186233288 0.5253892350012039 0.036983718758868245 0.039115335624363645
0 0.24840131964818568 0.5499649687533821 0.07149244552332468 0.046660574991444825
6 0.7979288787706385 0.5199590409726746 0.0050271440579621185 0.02718084154366962
6 0.17613046024637702 0.5178110564309089 0.003704367616810006 0.024273989366286552
6 0.1773092966515025 0.5141426655554115 0.003345220124962023 0.019301970984738404
6 0.743201062932039 0.5209300265571999 0.005057518950701612 0.028499615074706885
6 0.7972165184277076 0.5079270174903794 0.0017941300154277195 0.010877442187788966
