7 0.4868311887620206 0.4890102418234977 0.003742243341959106 0.009582410349860904
7 0.48703750558231285 0.4800976410101352 0.0015690620383901344 0.008756458491074592
7 0.4875491760980566 0.48069524015165754 0.0015198091529761149 0.00848875161363144
7 0.538974347364475 0.4867092238214644 0.004611609686129947 0.011636499842403947
7 0.4941451060353733 0.47759659056129283 0.0017420328387849904 0.009878064257737407
7 0.5117906753358659 0.47759037718791497 0.0017361163987738015 0.009880800196731265
7 0.6415656848876581 0.46122267223248226 0.014725254846294167 0.03455458287945817
7 0.5096594960141563 0.43403231832692846 0.005116116071287924 0.029736821710882266
7 0.5619476011228705 0.4339783416203905 0.0057017688517631004 0.029761644204992665
7 0.6365224207537891 0.5272814719750047 0.0015972895626996664 0.004934168030686137
7 0.2808776639364796 0.47185162907072964 0.011297467804538774 0.024962316174328703
7 0.23277017481553203 0.4413450237177505 0.007131075744160914 0.026361729208420615
7 0.25581120713202654 0.44631575240252014 0.006319841295655826 0.024076663564229883
7 0.21993734996891878 0.4616918640010458 0.016043518538575746 0.034132505451767825
7 0.3515467724386904 0.43589266444228536 0.006531184611372143 0.02887684151002562
7 0.30094197230260644 0.43594353893997934 0.00706428783707036 0.028853480672257126
7 0.42248198781444396 0.48675193983863924 0.004760342507855508 0.011599051438043517
7 0.4275503473671055 0.4795393364683933 0.001814374078926928 0.009006843531334796
7 0.4250110744630572 0.4788658625721198 0.0018835782294848724 0.009308804271699722
7 0.4217999360557638 0.49619749079505737 0.0034471269808495353 0.00418851506733392
7 0.7199915083333157 0.4383733828129714 0.02480686319813652 0.05535465121491767
7 0.6502531138432591 0.42673488619874866 0.007418455827859605 0.03312230888645329
7 0.6694719228723984 0.4171295719274335 0.00866075621708784 0.03760490735166944
7 0.7155086764319927 0.5427686772377712 0.0022605270809448186 0.007820769737707511
5 0.42245566926446354 0.5226216869721643 0.008805741130021971 0.022163318830378476
0 0.03389879160624048 0.5362390849930787 0.06779758321248096 0.038308786728094235
3 0.5573247925683724 0.5089954196713155 0.02685972729004915 0.020015004171397344
0 0.5030261273465291 0.8022297119121942 0.22402208492256792 0.3955405761756118
0 0.06458882676867268 0.5347557813144792 0.06473488067381988 0.030935791702127236
5 0.0019476085886437808 0.5218008479080554 0.0038952171772875617 0.022685790493148672
0 0.5091699340894965 0.5145279532839244 0.017540530257081022 0.013450102389598984
0 0.40864031472502205 0.5121259165562824 0.01945295700554306 0.010964290070062943
0 0.7157659553406805 0.5347730040971272 0.061354431219507344 0.03263246115104046
0 0.17875900020007235 0.8053530309434436 0.3575180004001447 0.38929393811311297
0 0.45022711142171334 0.5226541213357834 0.018861360018141315 0.02206724926591752
6 0.4177572030002116 0.5129709833984406 0.002660616763510315 0.01783013517273846
6 0.08078843472402444 0.527944113044782 0.006107652416621034 0.022284676429728756
6 0.3928059085227622 0.5134382064057337 0.002667606187616911 0.018459218931428212
6 0.42243678232392956 0.5087963784754898 0.0016027874634288453 0.01217744503310314
