7 0.3670415503254507 0.47571071083744726 0.005296552958112266 0.020841392678613402
7 0.34689690212332736 0.4522595166156379 0.004957200834662112 0.02082728302294984
7 0.35700731584796747 0.455529878703293 0.004548529950746283 0.019374345215357636
7 0.36800789738717793 0.49243462684447276 0.006332603571997164 0.007503821276909739
7 0.5473239774035197 0.47652271013351843 0.003910204148197205 0.019786051068991062
7 0.47199869818720874 0.4610927751090681 0.0032661786090329437 0.01673462111957097
7 0.5017357137481177 0.4611201919863246 0.0031792620764627966 0.016722623212698018
7 0.5444173628512734 0.514156722877007 0.0008257693976777558 0.002796073170426072
0 0.08143743389318261 0.62693454018211 0.16287486778636523 0.18587688738468644
0 0.3946503133058259 0.5886064514753162 0.07524403441496613 0.09454912614729405
2 0.3090494799050936 0.6440139691516344 0.21488227941799043 0.25030073307487644
0 0.7132456321039771 0.5283801978096014 0.043812311877597154 0.028021175488136207
3 0.4200234196200936 0.5564020646379142 0.0586343482907723 0.08804545064763225
3 0.4973677793699797 0.5556139680671636 0.04804603027338106 0.08677066680870227
0 0.4772277793227031 0.5235922933550019 0.027947938709965814 0.023997424874057205
0 0.14691555464016431 0.8127154195781676 0.29383110928032863 0.37456916084366476
