7 0.5724352340461603 0.47009751507785347 0.0058468347009758 0.02739636432273057
7 0.5096500522290102 0.44882051475616047 0.004427739905656591 0.023182911380767612
7 0.5710888479843982 0.4920878375943286 0.007981003610096904 0.009752785728423585
7 0.5684373378346647 0.5220016106436542 0.0011669134161198524 0.003864270897135813
7 0.4042924416001765 0.4341482309057174 0.006450375415313903 0.02964472313083949
7 0.41306301504862686 0.4403611606532785 0.00576005738760621 0.02678595065107847
7 0.31519899793765516 0.43082438707179704 0.01823913290257778 0.06379696033811671
7 0.36704968966011897 0.4209993320654978 0.00819422054636254 0.03573223312236706
7 0.3484289410326438 0.40969651419825304 0.009626986200097831 0.041005465941139685
3 0.49749437544241776 0.7725768416127142 0.2610355957453202 0.45484631677457155
4 0.7922821890733147 0.5344012327571503 0.027354333014770305 0.039351752405121565
1 0.4288724714031137 0.5091080816214283 0.16544245674544572 0.12857960858755035
0 0.26296227570484026 0.7190968738886664 0.25688133416921477 0.30448527077017906
6 0.20894913579813462 0.5756051444645626 0.01638106181521684 0.09343169181046695
6 0.5521252851710204 0.570432311796292 0.011706599935256357 0.08737971172069614
6 0.8467223554828813 0.6223222992109587 0.03180205023544602 0.16813024526853748
