7 0.36283815092426797 0.466564943672625 0.0072975652267502356 0.028330074841428132
7 0.3317937599223475 0.4302721186983956 0.00734330180228121 0.030326504064243975
7 0.3477081911751151 0.4369593497212936 0.006486206620659518 0.027341486775581958
7 0.36409202550440894 0.4891571811684384 0.00858770109703455 0.01016685371852094
7 0.5028929788179825 0.4475740492077377 0.004226002215485414 0.022397496965502584
7 0.5424843626015987 0.4475998628524711 0.004525552272932498 0.022386419785764056
0 0.5000051041964908 0.5411491683108824 0.0305528789615353 0.043719787842140145
0 0.5000455231197324 0.5596228816817399 0.041126366068754194 0.06850486735747918
0 0.5522932629718993 0.5387975554868247 0.03526257727928239 0.053174234714584045
5 0.7497999442888763 0.7204067727781265 0.13456456810672668 0.2537905119242224
3 0.6154404276174688 0.5655564534547073 0.07591237296806685 0.13760224964372514
