7 0.5329880558333382 0.44896636678542334 0.017619623219679803 0.043164489488073
7 0.36538742990501744 0.4056408453237529 0.0076318278463819444 0.04170997006650584
7 0.436590354185898 0.4096506546177729 0.007988465992712301 0.03984531396374058
7 0.5273334820374724 0.5305583724759844 0.001964182617128718 0.00613767760619599
7 0.10555818042256446 0.3947154235574073 0.01303177734295545 0.046831422485743845
7 0.006140672387914917 0.3892056849063253 0.012281344775829834 0.04942704220469418
7 0.6810580119214567 0.40975861619940923 0.0319128037756663 0.07807130079543784
7 0.5522922238437944 0.4036939823389535 0.009700538496263067 0.0425847339074632
7 0.5873867571361644 0.38815827783068135 0.011690490606476422 0.04983207345168311
7 0.6727871186759604 0.5532761554898695 0.0034227919139215857 0.0107925163289887
0 0.6266742022170492 0.5416634006782484 0.08025788821155433 0.039010446441604674
6 0.6985456530352917 0.5970080792344963 0.02480492136323309 0.06830270846735509
6 0.718004637272402 0.5786468804918201 0.019850081611530013 0.11592774019679553
6 0.5265364380717095 0.5231607501879509 0.005057825963709184 0.034620655784279086
