7 0.5329880558333382 0.44896636678542334 0.017619623219679803 0.043164489488073
7 0.36538742990501744 0.4056408453237529 0.0076318278463819444 0.04170997006650584
7 0.436590354185898 0.4096506546177729 0.007988465992712301 0.03984531396374058
7 0.5273334820374724 0.5305583724759844 0.001964182617128718 0.00613767760619599
7 0.10555818042256446 0.3947154235574073 0.01303177734295545 0.046831422485743845
7 0.006140672387914917 0.3892056849063253 0.012281344775829834 0.04942704220469418
7 0.6810580119214567 0.40975861619940923 0.0319128037756663 0.07807130079543784
7 0.5522922238437944 0.4036939823389535 0.009700538496263067 0.0425847339074632
7 0.5873867571361644 0.38815827783068135 0.011690490606476422 0.04983207345168311
7 0.6727871186759604 0.5532761554898695 0.0034227919139215857 0.0107925163289887
3 0.3062358043491873 0.5376955315159656 0.07584089063156774 0.0589639693605426
0 0.4341579164774034 0.5391162281884915 0.0702287323117029 0.03857626644507284
6 0.22235164841611466 0.5304359945707902 0.0065366287927176026 0.04204325323803637
6 0.15630234035026574 0.5322440186933953 0.007208301422396479 0.042754383584621136
