7 0.6308748048334714 0.4659381853921728 0.008261315510223133 0.03232992926045114
7 0.557608645117693 0.4408980251262565 0.005640187289774223 0.02733745136076038
7 0.6292219972421607 0.49178403145375615 0.009653847357978695 0.011463834226988823
7 0.45203242115467573 0.464641998993057 0.006271280968074833 0.03286516428230418
7 0.4432406290509888 0.41919947502633537 0.007488835563404184 0.03676158450883299
7 0.44955531598462606 0.4287378294060575 0.0065644619420821 0.032465784558452726
7 0.3522918369632819 0.3932325177076353 0.02487162131382914 0.09844714690358691
7 0.40476486102645715 0.3975709770333451 0.010034154354816083 0.04659659779248315
7 0.38662219266438647 0.3772028528949326 0.01231650862765643 0.05597836243037663
0 0.47929966252549716 0.5788923383578758 0.06354578517942922 0.08379574548481306
6 0.7875215854014539 0.5573807003397231 0.013313604558458203 0.07455991525599914
6 0.6635989573690566 0.5478690641652495 0.009318379451152325 0.02786940529716997
6 0.8714227509057773 0.6217568002057148 0.03399939778362071 0.08366614707081288
6 0.7584016547554462 0.5519258375432989 0.01125290116773836 0.06573520272845401
6 0.16118441653748095 0.5488183082146303 0.012167805493081496 0.028563145352683228
6 0.7175219447415474 0.5450809848119207 0.00866026495587735 0.05490191020705659
6 0.42068565961836646 0.5309762830897609 0.005316143235529036 0.040704522399448995
