7 0.4555981470958568 0.4407144105793528 0.005480963550333007 0.02736132091417076
7 0.45922490703265706 0.44622552187769915 0.004967353877153524 0.024907648459868315
7 0.41211813005681297 0.4399306664538912 0.011970062284473004 0.05550852430225339
7 0.4310800114926705 0.4293086970148189 0.006754127227857287 0.03246745303434112
7 0.4226181066931518 0.4197732677706117 0.007730624031441313 0.03676375004703625
0 0.4978550217733453 0.642743409581132 0.09401339690466443 0.16701730381118118
3 0.24005171606286338 0.5529024221738652 0.04937089908723363 0.0759219563572372
5 0.5748507586462084 0.5435256820431861 0.03142113516558176 0.037790083812937914
0 0.7228555301138189 0.5408117511876578 0.07748667466981107 0.03293246769402869
0 0.154251185483902 0.5431696473887623 0.07684825673457082 0.05366428057366357
6 0.7223078603649169 0.5450545766929994 0.009783890035268583 0.060315849537865285
6 0.2744225548855703 0.5851933513821013 0.013999528777073111 0.05192434917781885
6 0.13756667442573584 0.5440585200524402 0.010274429968116422 0.05253901319508947
6 0.18139356589289432 0.5598467962534137 0.013988628541283854 0.07690283229902772
