7 0.563824834318305 0.4482262697552136 0.019171685404258287 0.04645680750094777
7 0.38458983472602626 0.40323022409891845 0.007999054666730399 0.04456705194086785
7 0.460308499526838 0.4067775608117261 0.008550586557802942 0.04276507175480665
7 0.010514176932635778 0.45848691185188795 0.021028353865271555 0.03966593378827904
7 0.1147456345557379 0.3947676678744332 0.013793587305716587 0.049070554474419104
7 0.011723825802206874 0.3901330914179931 0.016743984861134896 0.05145693996007639
7 0.7414924022472218 0.39777007547756604 0.03827223551565673 0.09092948991680622
7 0.5858147958600499 0.39801747758587125 0.010829844553582713 0.04657874569156384
7 0.6265033080534111 0.37873663203151364 0.013404866257203274 0.05555570909310292
0 0.6644188583349543 0.5475776352006461 0.08777587321851521 0.04222449536822648
