7 0.5449445984781476 0.48757109804487947 0.003812403151450927 0.009553441289747666
7 0.6155337790731094 0.4748871671830457 0.008812783562053284 0.020963401147854832
7 0.5352884548091019 0.45834453811843145 0.0032945904383284708 0.01789893299169959
7 0.567061035839961 0.4583619007187626 0.0035112649898599857 0.01790577669844645
7 0.37387572679943043 0.4790434738494469 0.007224575375678888 0.01701509773581722
7 0.35740438798668195 0.4609608148137723 0.003758029314611333 0.016629128487402167
7 0.35740273055211946 0.47477364327569527 0.008937948751443658 0.020827115559579334
7 0.4376497049280105 0.4589248130226998 0.0034497062349119756 0.017590129434218227
7 0.40647983750559075 0.45890752997450346 0.003651267982598849 0.017583528237215373
7 0.4515199640821136 0.4813231757330013 0.0014456136539289233 0.007505892311399198
7 0.6470019192121761 0.4680347984336455 0.011666497955206578 0.027151539965691585
7 0.6188457919953753 0.45586133243124516 0.004108899417424761 0.01906673003928483
7 0.6272371336151692 0.4527851801188161 0.004471570285825677 0.02047200060685128
0 0.51748835418057 0.5114777045204124 0.008068872238831348 0.011343172772714016
0 0.450298687363115 0.5185093558219779 0.017553484461764524 0.025447598660900628
0 0.6871530287366201 0.5223546073997485 0.03664376035932082 0.023256196496148962
5 0.5026694428855483 0.5106998707757981 0.0036890557806651403 0.01157175320149173
0 0.47746191630379464 0.5208671281525508 0.016857705716435356 0.019547249329186944
0 0.6777216803653627 0.5210946029733781 0.03447492965629062 0.022012431262211862
0 0.2986894572048772 0.5876051997538487 0.11669144530119499 0.10696371223657453
2 0.326446513642635 0.5169260171889283 0.0524218043518167 0.028242074656493532
