7 0.40390510688054826 0.4600600312890342 0.007394954735206571 0.0329282838983731
7 0.38038380087551504 0.4144046668376514 0.008258390814426253 0.03686178532084727
7 0.3935110746646675 0.4240265532551256 0.007168038157272183 0.03254418922839891
7 0.4036123160458812 0.5222636102939923 0.0010566022615791648 0.004678057468718189
7 0.2206378246971475 0.3876399913718732 0.034076211436490506 0.09901270017413272
7 0.3263356333428864 0.3925374506181531 0.011262308721622871 0.046772062669448555
7 0.2935694854410389 0.37194254040907393 0.01406918274370944 0.056230445544867946
7 0.22715407533132453 0.563716679681092 0.004165067750627444 0.013148007430053288
7 0.5834751824116837 0.4614519906876774 0.007168907013993309 0.03231262589959377
7 0.5098632897250069 0.4363655771725019 0.005222452743764094 0.027355966424774614
7 0.5818714045897642 0.4872745674527614 0.009414836629852652 0.01145443372554611
7 0.5787862519427057 0.5223546544216058 0.001387704754532093 0.004534953126562491
5 0.5235505008996493 0.5418086007035452 0.03279690727490847 0.041082303916626484
2 0.4129599062015159 0.5410811281371801 0.11294027862625994 0.06916189258795746
6 0.6686399156177854 0.5554646503227261 0.011756801623611035 0.035683751955713605
6 0.743924737792969 0.569713085400958 0.014625488911925721 0.10449694293717215
6 0.13761248189710057 0.6028003113560745 0.029092070598525185 0.15218935046335513
