7 0.6942713238559965 0.4381571793320685 0.02145700461220501 0.048602256022883816
7 0.509920836805219 0.3995966860026362 0.007237531065418024 0.042285146793327955
7 0.5833812254464308 0.3995602074917052 0.008398194652394664 0.042301467284652616
7 0.6871972219083605 0.5305539919834046 0.0023664209453746476 0.006913702568400737
7 0.21941699106080487 0.4579726970789959 0.014956359222909804 0.031687995035777405
7 0.1356345542412422 0.4136509242183349 0.010961070198180378 0.03592001351407448
7 0.1763808068024263 0.42280037230209155 0.00925481141177753 0.031808157279005655
7 0.10429001018695681 0.4387802450511384 0.024309244588843176 0.048072020594955744
7 0.2895778578216952 0.40316163506716624 0.010035363034383904 0.04066525218134254
7 0.21896847330707633 0.40319541569322437 0.01109790762838303 0.04065018615392896
7 0.8974035010822218 0.375709585179152 0.05120032907791927 0.1030470011535547
7 0.716850834581011 0.38413713496996915 0.012184076338425331 0.04935836802960786
7 0.7611600115267079 0.3611683814643859 0.015664006610674464 0.06000507526023918
0 0.5018693066025048 0.6772136969154023 0.13660403520915254 0.21973043440755902
0 0.49989602598925786 0.5464586971305943 0.04112704004860723 0.06000899836631468
6 0.47617429783793774 0.5249731783621238 0.004678330477966952 0.038567154560924966
