7 0.397495728258663 0.4588269393117204 0.00844886901781322 0.03654446063062633
7 0.36677718881615373 0.4051812886138596 0.009706400509364554 0.04244872006522876
7 0.3837974772946083 0.4175067309482319 0.00824203439938831 0.036823537956409524
7 0.11854289749191436 0.34932580796371715 0.05725508814746741 0.14062922642795084
7 0.2970611814413727 0.3756082495425418 0.014018578337276377 0.056121198255978555
7 0.24857456438773554 0.3454827949068834 0.018518480625386136 0.07030326588493002
7 0.1316663444828587 0.5925774533812536 0.006644189153159952 0.01824705605976429
7 0.596414354785187 0.4603133242294011 0.0082025297795566 0.035889481717341576
7 0.514835046433613 0.43254217162294684 0.0058030965044360006 0.030366156433815794
7 0.5946239445171962 0.48895108867525383 0.010493350255694756 0.012692697201721503
7 0.5912316080141391 0.527834673051535 0.001555120421843581 0.005032558662899644
0 0.43434413412644945 0.5655404242001933 0.14920252338617807 0.09927241358213545
0 0.45801903246996434 0.5482333475022936 0.08330580586213321 0.05192737543203019
0 0.4827580579283249 0.5599085162376828 0.0915219761063194 0.04758685214492431
0 0.14347092053035695 0.557299716461525 0.1112224651499996 0.05182302950701312
0 0.6357813267705519 0.5771139180721493 0.13906035619960389 0.07655540832862906
0 0.6702582090433025 0.5508752549171092 0.08773169693681304 0.0459532327491724
0 0.7087797386314322 0.5561628077853324 0.08259666058635062 0.054042087524807436
0 0.856537194246566 0.5505568728846322 0.10528078432744292 0.04760680548563723
0 0.5398713785301007 0.617344870011783 0.10788377711283398 0.12365808618816221
6 0.2263561239595212 0.6982729752984422 0.036333856171513274 0.16735237272396286
6 0.7323097440783073 0.5793819000047427 0.017615180905294014 0.04920295581197032
6 0.6432625443469543 0.5465580901649241 0.009472126256959923 0.058918529707900125
6 0.9289755892978977 0.532457126174297 0.009476970352622183 0.04525653956407283
