7 0.4175669601725911 0.4722686490860366 0.006414261394079801 0.02937981350683022
7 0.39998819058460866 0.4341210476358608 0.006988506993255594 0.03176492727125191
7 0.4099539348947544 0.44133167025665154 0.006187447473508134 0.028505327750953935
7 0.29369013819482126 0.4250549125984102 0.02195311960344165 0.07269720637845173
7 0.3582087381296073 0.418556132817234 0.009064854152867063 0.03885077346142107
7 0.3360360677634033 0.4048103118433072 0.010835166326417789 0.0451647652232155
7 0.2968113844300163 0.5572825082350683 0.0028024492047684646 0.00988338314986359
7 0.5787663007682284 0.4733526121586732 0.006280976162912677 0.028962334637925302
7 0.5125095743393182 0.45090846539253104 0.004680160861134763 0.024479136177367744
7 0.577351668938852 0.49656486263916416 0.00845171700265357 0.01029838630679214
7 0.5745771664941322 0.5281404995000993 0.0012405055412436639 0.004080249975216277
3 0.5011190418007863 0.6418861330710691 0.15034831237594554 0.27645032124069235
0 0.13360176352325717 0.8305841185104708 0.26720352704651434 0.3388317629790585
5 0.7710574557147318 0.5440043497453728 0.03229285218540667 0.0360847360112323
0 0.3495462186294823 0.6266077609356753 0.1317679363533268 0.1778112066411992
6 0.12875869147207525 0.6083700749301624 0.02056942196727317 0.07875050706102749
6 0.1615165233415825 0.532764810889987 0.007128244821087842 0.038007105668840024
6 0.6687718207116891 0.5758028381949711 0.015707833689460937 0.0992018830438991
6 0.16058649649931878 0.5324144068995729 0.00686191550597004 0.037489416674711395
6 0.059274297362671105 0.5387728549372564 0.010289473045641297 0.02159847311042895
