7 0.6127724530679859 0.4712147041533068 0.011693981247347107 0.02793674120113976
7 0.5058130488965138 0.44921084661816846 0.004133838693842207 0.023970093219078115
7 0.5481606346659236 0.44919565922469407 0.0045155931296906315 0.0239761605825885
7 0.3768689021329442 0.450347198859325 0.0050942649343960755 0.023437901477893708
7 0.3354954220934399 0.45036175992691174 0.0054547881880712135 0.023432109288305303
7 0.6586232515736906 0.4583581242309881 0.01731729318499764 0.040129786228132125
7 0.6171559252987802 0.4447062186374795 0.0055802705164788025 0.02609418447944517
7 0.6288825954867663 0.4389957475863779 0.00627195631795896 0.028799698774748417
0 0.5022828863804971 0.5987444081155782 0.06187375831366959 0.10795227730729573
5 0.8454085114470747 0.8284060081867083 0.3091829771058505 0.3431879836265834
0 0.5413031349463053 0.5360570447045716 0.058364990982209486 0.039772302440988505
0 0.36615614347856706 0.6108333490957117 0.12665310602349183 0.16580261491226866
