7 0.4615623072625302 0.4729588145217636 0.002397009179202214 0.011921569546377075
7 0.4630698188592486 0.47406315933017545 0.0022932396911682917 0.011430780875180901
7 0.4485310521671434 0.480416950135381 0.0033823483098385787 0.0172646408809099
7 0.4520632911200231 0.47098781204739815 0.0026135717435706307 0.012798378558640355
7 0.4498424189113732 0.46959920250715403 0.0027488477027935443 0.013416793572035068
4 0.46153516730481037 0.5167102147516107 0.00908413329274449 0.016660228894182505
3 0.14582054236534242 0.7810516374921945 0.29164108473068484 0.43789672501561094
3 0.42126599394630004 0.5155273081613575 0.028323379698701856 0.02150709003479423
3 0.49948705240611746 0.5273601088206104 0.03359000720854838 0.05472017628243975
3 0.885574228989978 0.5245844580769682 0.04829631168105386 0.034805783268577084
6 0.5523033670821694 0.5142830149380091 0.0021957342696361515 0.017813771304565407
6 0.336073332486276 0.5181460247944079 0.0038137642614924916 0.02507915216381673
6 0.47761617967560344 0.5174756679040684 0.0028386466909810504 0.02324646717228185
6 0.5649093967794411 0.516438003168072 0.003260907235798083 0.02271629487822191
6 0.3508998334823593 0.5146218414863097 0.002611380247457551 0.018205567380399357
