7 0.6438371079137197 0.4589670269233377 0.015278244659791662 0.03578571018910648
7 0.5073180630350541 0.4306950539335668 0.005307460201432024 0.03086705869475337
7 0.5615007831137111 0.4306758412375296 0.005930674584799789 0.03087588914577888
7 0.6386272707558425 0.527346805418024 0.001660064440241804 0.00510757475040724
7 0.271906252850064 0.4703652659845514 0.011697074430181142 0.025687867801237108
7 0.22053036794791092 0.4384324451568592 0.007497573974310917 0.027329396356740587
7 0.24516825213498913 0.4438113007138513 0.006611851820738535 0.024881299938555812
7 0.27058985519035583 0.5197395056741294 0.0011220531494469665 0.0037089886218003576
7 0.20621356739569013 0.45929252063762604 0.016840204566958034 0.035496183606760046
7 0.3432709939287561 0.4326006947685571 0.00684805292619195 0.029993972436343552
7 0.2906569712660309 0.43261882772832927 0.007430189262242259 0.02998564862692782
7 0.7297896102111381 0.4334683119209931 0.02640227304757936 0.05858540229592174
7 0.6534908620196306 0.42284246848805845 0.007778321037412272 0.03447659601244124
7 0.6743772269669627 0.4122849146704519 0.009148913788571855 0.03935999038946819
7 0.724836959184556 0.5438074562454666 0.0024381851725057135 0.008263518067727293
3 0.5115780887987605 0.7318934988886805 0.2033963323175268 0.390358735068541
0 0.7368617570916938 0.5349508251146995 0.06968376448168179 0.033904486215412866
0 0.39288310763980644 0.539939138820673 0.05029727156000041 0.06146598261056502
0 0.07796380867995371 0.5375511361941676 0.0660828430069274 0.03675213479354533
0 0.7455501556935651 0.5399242064980314 0.06593227262230117 0.03354614297419678
3 0.02384431896314483 0.5322571757599273 0.04768863792628966 0.04764073716424744
3 0.026861026173525808 0.5338138642519403 0.053722052347051616 0.07486757652077303
0 0.13926884033960107 0.5347414964391028 0.06947578350927272 0.033303280173399674
0 0.8266727605595667 0.5399716325329915 0.06988724172666727 0.03361314844045582
3 0.43573324210206393 0.5204996803414434 0.028664963272253652 0.04150382172245015
3 0.0025102157849226 0.5404211370353442 0.0050204315698452 0.08091823364377415
0 0.18878460008292722 0.7742751839156613 0.35991423836158004 0.3993829780288576
6 0.3785072372914047 0.515131373925841 0.0028089346518583302 0.021393380965497588
6 0.16361078244003935 0.5224535989493502 0.006007591357819281 0.03154781317834654
