7 0.6243735892567296 0.4655765390886125 0.012343071405815698 0.029328195251119682
7 0.5122377154968394 0.4426167603397564 0.004329517749921075 0.025122094614306645
7 0.5565850311371332 0.44254291901874543 0.00475699893740178 0.025155359902337027
7 0.6200607420260775 0.5217069856229684 0.0013300154687923005 0.004185915630387282
7 0.3103753434819555 0.47384503403238887 0.009779836865448255 0.02202884220021667
7 0.2743220024807814 0.4481906099061931 0.005802281212563487 0.02259504945665408
7 0.29154286283479963 0.45194949339948526 0.005240514454136536 0.020895262732139486
7 0.2667195882329885 0.46608715955791225 0.013176165757243896 0.028881009780965528
7 0.37789023780744424 0.44407681885008443 0.005338096266607362 0.024459664952525495
7 0.3349679481319817 0.444146711943493 0.0057176690162941135 0.024428218754658115
7 0.6760908582777603 0.4501259877230486 0.018759987359737385 0.043059800482825095
7 0.6295528737532627 0.4373022590795944 0.005956406554401328 0.0275415318165933
7 0.6426681911179182 0.4306747855414858 0.006746311052795773 0.030572228685697644
0 0.3805725383528723 0.606784589514483 0.10882395165792236 0.1340131305340172
3 0.5607701870627221 0.7190753904513854 0.22144236658678634 0.37459137866967473
3 0.463972249582275 0.5125220962735971 0.017669352067208155 0.02695852342906152
0 0.45873928834382083 0.5163836929408646 0.017833143113251182 0.025695541351744122
0 0.669937428638778 0.5308081738531982 0.04595983148038496 0.0306429801832262
0 0.26757845892412213 0.7087840530018713 0.25388202918837355 0.2918535443185033
3 0.10306532085098503 0.5258908802491642 0.09394967533937312 0.05897800106273354
0 0.43475005565133107 0.5198769877006365 0.017817118792873454 0.019613366836933377
6 0.40837701299230145 0.5122028070934452 0.0026570065286001254 0.018263475531382634
6 0.14530714918421933 0.5194916166678534 0.005305087790790114 0.02837170613501805
