7 0.5745534628967107 0.4679133689048951 0.006259631120288267 0.028983353609828788
7 0.5082569571546325 0.4453890137838825 0.004684666007733651 0.024538822708241093
7 0.5731263903671604 0.49114548176318473 0.008440427684128227 0.010304283367828904
7 0.5703360444721308 0.5227373143642517 0.001237196894634418 0.00408235806413082
7 0.4130044467271603 0.46674759795881304 0.006437211712595259 0.02948057594989556
7 0.39518108402839747 0.4285303717526725 0.007015537183378828 0.03192704870260715
7 0.4052666497601106 0.43574034349501056 0.006208536759687522 0.028635896343532474
7 0.28732019834288836 0.41963644524766186 0.022194377765370976 0.07332969000477346
7 0.3529539822140454 0.41291595836245976 0.009111311927812504 0.03910642898759892
7 0.33043705151343966 0.3991163501124616 0.010902001793802962 0.0455102495758814
3 0.2709580497962593 0.6782400184077974 0.22943864354202104 0.29520274786204337
0 0.8002099675173941 0.5416210275452128 0.09127259158581758 0.04394813100611983
3 0.14080136720987962 0.5293502618339853 0.1040922000618225 0.058455011041201654
3 0.839023767121886 0.5276239738685906 0.09416325648140877 0.06064382866422968
6 0.8179094380644001 0.5663888060635359 0.0172191922776056 0.09250864132515879
6 0.6591827768835328 0.5698910884167412 0.015834745706964415 0.09765443573268162
6 0.1321504756458409 0.5865563551453541 0.021003901307307435 0.10926842381594293
6 0.12374558917388451 0.527089049102792 0.007498260992784833 0.037615236077152
