7 0.46789632920371077 0.46960418478123345 0.006460964645197187 0.02616975415598588
7 0.4415906807437545 0.4375579109162675 0.006297044665421747 0.027441028573243986
7 0.4549866602983037 0.44295002927865 0.005664396162755547 0.025014820269005866
7 0.4690442960747436 0.49048263400713454 0.007675230984056369 0.009419947098274484
7 0.7035900162322055 0.4682096958043571 0.006588273230599184 0.026937811922315424
7 0.6000769388256043 0.44934141923114646 0.004188215361691672 0.021923276253688118
7 0.6401035893406832 0.4485887284289373 0.004611932613983405 0.022256442046125757
7 0.6994588853584182 0.5190728182094404 0.001243032745209982 0.0037857403150264313
0 0.9644121273695493 0.5452565132526656 0.07117574526090142 0.03680428445307893
4 0.658770431195499 0.5192318964164682 0.010079737764010277 0.02017208685584948
0 0.6593684166353426 0.5182920332339769 0.024364697269319557 0.01835131197695683
1 0.7128087066690294 0.5032111719765346 0.07109197010250445 0.0534497899445493
0 0.5850468724803819 0.6695915523129883 0.12318073495823167 0.19501635494226666
6 0.6756915143661258 0.5119925258932092 0.002931384114371216 0.017312516739289352
