7 0.4491206636927304 0.4806544127775928 0.0035172414471091318 0.017839791709374164
7 0.4445002043292571 0.46157451723479853 0.003609552667066307 0.017359997615616574
7 0.44763290070268014 0.46390213455099716 0.003382381074371832 0.016339734663699812
7 0.41773507502968366 0.4689534485493364 0.006125912470827277 0.02795263918209373
7 0.4284236046970339 0.45713588265547433 0.0041101249277089025 0.01928140249184257
7 0.42328631293785485 0.45386850484645846 0.004448231091656818 0.020718140410656227
7 0.5480350769900881 0.4818565310912616 0.0034843736268042047 0.01767159471520241
7 0.5072790077418117 0.4678644722525408 0.002875737952530266 0.014928971084176346
7 0.5471568438910748 0.4960973558226557 0.005129788201433172 0.006360792948469418
7 0.5453668580156804 0.5155033957783011 0.0007410519576782626 0.002505367797430158
0 0.4999057254363308 0.5492316982156962 0.023602273305218913 0.04127943746465146
3 0.3676336923046626 0.52176785492602 0.04257344543178321 0.03178263892593858
0 0.18573746042633088 0.5238627660227537 0.0525807476470391 0.029138921463721323
0 0.17011569552686873 0.5230239077759049 0.04865329495804424 0.02193776937176317
0 0.49977930022581063 0.567861250336612 0.051244785184321406 0.06989992736550565
3 0.4476868025857845 0.5397691053479707 0.032804398828700565 0.05677584672096636
2 0.031117791592864548 0.5077454133235929 0.062235583185729096 0.04909292526800724
0 0.14519464152514988 0.5251050125725263 0.04715547543032453 0.0217606283801145
0 0.02519863851791514 0.5245519041562083 0.0482742273122933 0.02562090870835787
6 0.2524406647076727 0.5158833696505412 0.0038245653906812116 0.02250017818572081
6 0.5647913732695359 0.5244321556340229 0.0030070004581372878 0.01691228153034019
6 0.2053925578147407 0.5157386832503765 0.0041463503904539956 0.022724658483055826
