7 0.41947882797407815 0.443812391622255 0.012382743810720798 0.050214625515373146
7 0.29836966616619054 0.39562345544510424 0.009583250043214475 0.04743130195225431
7 0.41694360292873345 0.48337195472720257 0.014466833608099194 0.017727844732265297
7 0.4124848237804841 0.5372722617511083 0.002205320378035003 0.007054246083881721
7 0.07211971298223724 0.4242504167913046 0.02190135744167771 0.06731095350621447
7 0.013816349080688383 0.3306201520786654 0.02407778584681833 0.07824931179139516
3 0.12791692910509098 0.7234150080905845 0.25583385821018195 0.45955822316722794
6 0.48237463081766185 0.5440635862959622 0.007862164720471687 0.06339987244474143
6 0.474013718317021 0.5463734253469992 0.007302568523345709 0.06446671368883339
6 0.48820845968844345 0.5554182757888457 0.012037664628257727 0.03750118937099434
6 0.6142485002123927 0.5822189377846414 0.01733851510489126 0.10881909685127233
