7 0.6724715929679014 0.46228060371612006 0.013754343750847609 0.03150633379502987
7 0.5524758837916517 0.43749176058858275 0.005104580895606614 0.027074308491266186
7 0.6001752931225586 0.4374505861562503 0.005592379444128381 0.027092428544102265
7 0.6678950480904855 0.5225339894768828 0.0015082788189411112 0.004494337496995793
7 0.32711589841299427 0.47173185682411956 0.010234378238607456 0.023344790030735474
7 0.2929709157897751 0.44376864148652495 0.006032238164360659 0.024259380346376647
7 0.30956001845124315 0.4481264067512104 0.00541925440733565 0.022310703591052194
7 0.3262948877907994 0.5166044495780466 0.0009194840544239358 0.003365406492530254
7 0.28691776776390426 0.4626674469665063 0.014020054249514025 0.03117755086804802
7 0.4067982890557885 0.43906837676771393 0.005432950258118241 0.026366769728967177
7 0.36047057988432274 0.4391074249035941 0.005881705675557569 0.026349614104042962
7 0.7565561256950071 0.443414939458989 0.022090440433922942 0.047927371140450925
7 0.6837260685782552 0.43134150329175736 0.007079254684167369 0.029845435870538173
7 0.7048307141602146 0.4234111056569751 0.00817095442846305 0.03343734485297223
7 0.7521287431725714 0.5340503042400527 0.0021041807050211636 0.0067679593215255185
5 0.7543143362942544 0.5331331260883612 0.030027557577533948 0.03171597249250713
3 0.6504413024428036 0.6085479338487725 0.13254713492869308 0.17879511803045933
1 0.15555053142566408 0.5043349691058905 0.13562322360091622 0.08259933338093434
6 0.40646358560842055 0.5141916107112022 0.0027147070365007298 0.0216249517383722
6 0.7518189125383317 0.5467879496722053 0.011485295255033723 0.06829685938659025
6 0.2654756337023839 0.5192659734424522 0.004898862720990993 0.028863778848950528
