7 0.6301230153646223 0.46316007125052105 0.013679735122348768 0.03233504453611463
7 0.5066334228581374 0.43764779484628014 0.004788001888448523 0.02782726849615008
7 0.5555910443083542 0.43762973412959144 0.005297541397376593 0.027834939051969432
7 0.23412498362756645 0.46344578454112567 0.014962793802638069 0.03209395220882083
7 0.31037106652486834 0.43924890079689916 0.006535689323457827 0.02710690355452694
7 0.6372067213740513 0.43122970406574984 0.006767706732876078 0.030729298420093754
7 0.6536276576987039 0.4228244873360434 0.0077961474186470925 0.03455070441119934
0 0.7411119444723022 0.5337954151822473 0.06649252203505218 0.03637675588418732
1 0.34679959991628506 0.5240837352549327 0.22692048769973733 0.36026835147890096
0 0.05311242836226685 0.5456542277289712 0.09100653889644654 0.03534992497825895
0 0.49640223426360086 0.6586566241762817 0.11906597570923211 0.1873669516869776
