7 0.43362088733674986 0.4595882458881988 0.006344984718291702 0.028856085675587284
7 0.41674474576508214 0.42266156541204714 0.0068844339506115015 0.031097681345244876
7 0.4262664347821066 0.4294547983927336 0.006117739876263739 0.02797450443563393
7 0.3176624523057048 0.41659728724406786 0.020611611947682684 0.06930429747008165
7 0.37682596231834087 0.408444285473784 0.008831017618133263 0.03778714517090248
7 0.3560673353358532 0.3957885179071512 0.010474767830191523 0.04371491143556783
7 0.3213358136534612 0.5426012585590761 0.0026380067206453472 0.00941696109271728
7 0.5924818590550295 0.45842816143511744 0.006286302397554566 0.028763770324628568
7 0.5911300760743488 0.481428575440818 0.008421093872291063 0.010296533474897007
7 0.5884434833176164 0.5126868944147958 0.0012402265257905887 0.00404256301052397
0 0.8744020136129977 0.5307304076461554 0.08721292689656102 0.03940494503716718
0 0.5510366050058726 0.5621765018472877 0.07157243811398806 0.06528458875752385
4 0.8057334423193073 0.5288017666547916 0.02912325272795857 0.04201370767646284
0 0.6051169883802616 0.5429651989629865 0.07529515345435567 0.05592489143082724
0 0.8160719593810081 0.5279951750954202 0.08694006934049647 0.03518445439659812
6 0.672869902330759 0.5309016662601587 0.007230503981604519 0.054026734225440465
