7 0.5469212823923171 0.4491751412890327 0.017997246204015105 0.043992029281936296
7 0.377174815057547 0.4052810437992768 0.007756105082865894 0.04240007323601336
7 0.4491996913043085 0.40924100780373185 0.008158914363032788 0.04055927980984059
7 0.5411752449787475 0.5323430265184818 0.002010131408841098 0.006257957010661119
7 0.0059390514946685204 0.454389480959353 0.011878102989337041 0.03939174759226127
7 0.1159993415132663 0.39473401662576924 0.013032175268524807 0.04733174435039017
7 0.01495482967929589 0.3893693163174743 0.015929645205484844 0.04985631188401257
7 0.7059867649703531 0.40786116553154 0.033422210048775214 0.08113080071113332
7 0.5676653707349191 0.4027755957745394 0.01001849143570721 0.04356779147339984
7 0.6050709361769774 0.3864681828383729 0.012166060422892144 0.051226069879491576
7 0.6970124824178149 0.5568748233960998 0.0036434407489949194 0.011219068004605814
