7 0.5469212823923171 0.44921040257591904 0.017997246204015105 0.04399121988682636
7 0.377174815057547 0.4053207051084082 0.007756105082865894 0.042399321851917415
7 0.4491996913043085 0.40927901419187207 0.008158914363032788 0.04055858981746713
7 0.5411752449787475 0.5323784677751373 0.002010131408841098 0.006258067115877175
7 0.0059390514946685204 0.4544211402762076 0.011878102989337041 0.03939109509561689
7 0.1159993415132663 0.39477808431202127 0.013032175268524807 0.047330816753536786
7 0.01495482967929589 0.38941562452828526 0.015929645205484844 0.04985528757791685
7 0.7059867649703531 0.4079248416606829 0.033422210048775214 0.08112816202158585
7 0.5676653707349191 0.4028163039988476 0.01001849143570721 0.043566999901914094
7 0.6050709361769774 0.3865157024711747 0.012166060422892144 0.0512249912877501
7 0.6970124824178149 0.5569371351257918 0.0036434407489949194 0.011219498884431633
0 0.24927847370481399 0.5798732627372318 0.10789055403089931 0.08487593999309617
