7 0.5469212823923171 0.44909323966155273 0.017997246204015105 0.04399390926938507
7 0.377174815057547 0.4051889222106261 0.007756105082865894 0.04240181848089103
7 0.4491996913043085 0.40915273011116354 0.008158914363032788 0.04056088245975287
7 0.5411752449787475 0.5322607068740122 0.002010131408841098 0.00625770126853753
7 0.0059390514946685204 0.4543159456518171 0.011878102989337041 0.03939326315059216
7 0.1159993415132663 0.3946316603154352 0.013032175268524807 0.047333898885821124
7 0.01495482967929589 0.38926175592572454 0.015929645205484844 0.04985869104664886
7 0.7059867649703531 0.4077132645594277 0.033422210048775214 0.0811369296130377
7 0.5676653707349191 0.40268104250898773 0.01001849143570721 0.043569630061797426
7 0.6050709361769774 0.3863578086686421 0.012166060422892144 0.051228575131761656
7 0.6970124824178149 0.5567300915237405 0.0036434407489949194 0.011218067197145576
0 0.011274460368852946 0.5557819393630777 0.022548920737705893 0.05460463652498038
0 0.330304657802124 0.5627224194300662 0.08505789783387441 0.06622737455251337
