7 0.5285988550755378 0.48453425221899815 0.003521534763700318 0.00893653076281381
7 0.49415326057527786 0.47751775316486494 0.0013337630351618057 0.007576020222216151
7 0.5077068779893446 0.4775228316106518 0.0013287227546562308 0.007576817496417865
7 0.5742180272500319 0.4737201240704122 0.007421970402777034 0.018207746528950797
7 0.5043318678271378 0.45938484667365964 0.0026843220104777465 0.015528471330646332
7 0.5319228764272914 0.45939120835931757 0.002848818187215385 0.01553182929617497
7 0.36550189972080116 0.4771629313646334 0.0064902334698273 0.015165604044261316
7 0.34975200454726707 0.4737058840416094 0.00783846553894818 0.01812181415559294
7 0.41972130910412486 0.45985778726971765 0.003104504760454485 0.015300898852582456
7 0.39255976076038146 0.4598514126256664 0.003261657540013896 0.015297642536374834
7 0.43899137997936044 0.48450699147876086 0.0036153224440666487 0.008920697643146847
7 0.44022038637020955 0.47826249935029413 0.001422495412742586 0.0072397402796530175
7 0.43841728382635115 0.4917734253915352 0.002631608069899982 0.0032265976007449515
7 0.5907113901258924 0.46849609289224015 0.009361157465393122 0.022702767467343288
7 0.5791402131295709 0.4551343623797657 0.0035048386835758727 0.017423765911576794
0 0.5003438149783104 0.5558776446879468 0.04495104503844849 0.06604155443333803
2 0.46626567738260694 0.5124202783858325 0.03141196473066993 0.02778003479471275
5 0.500563690926222 0.5159628278035443 0.005822926831668296 0.020100991713467797
0 0.4317131131525437 0.5153747079214716 0.018569527085687876 0.020499786430953293
0 0.45457444498873 0.5297622838230654 0.03033873131358572 0.046599713630081085
0 0.1717267858515062 0.7976634344051277 0.3434535717030124 0.4046731311897448
6 0.41700576119809457 0.5055608798875928 0.0021525411932291627 0.015091642508473169
