7 0.6391838369845085 0.4610884352018756 0.00898573960935134 0.0344413067599193
7 0.5613062034667056 0.4344252675520187 0.006033929728670562 0.02913738708459579
7 0.6373995986519949 0.4885904776906686 0.010302298097613072 0.012192197309493502
7 0.6342450834444031 0.5259403714995596 0.0015662841962651441 0.004831816738024908
7 0.44892726688892 0.45967919917083344 0.006751650758799577 0.035049486532870044
7 0.4382555430617038 0.40946280590352063 0.008205113905353556 0.04009117225699599
7 0.445667789197778 0.42059643184824164 0.007109350985309515 0.035035939811277284
7 0.44903117441849577 0.5258460967940998 0.0010064295326155381 0.004982746985071618
7 0.3213469621439726 0.3680009892340935 0.032624059196561195 0.12091194910061548
7 0.3940012011021421 0.3833711073383427 0.011338193526620632 0.05207600582000954
7 0.37099103834112723 0.35766361072644703 0.014321588225972126 0.06407283065119346
7 0.3259036060519846 0.579918722977693 0.00415899916767426 0.015868544869890533
1 0.8578737115804739 0.5093753259735393 0.23447653961425208 0.14766508410860224
0 0.7225626012814077 0.5465004007812055 0.07041036921679111 0.045039592388252725
0 0.2427495159133013 0.5745109077153825 0.13391873549534214 0.06116049809264401
0 0.20971119263105456 0.5606554813593909 0.09999478155570812 0.05791762708998027
0 0.47595716842562047 0.5844922783980355 0.10114387943674197 0.09387948946743607
0 0.3660724575721064 0.5603617733975947 0.08066035796401355 0.06197133455203263
6 0.24468305507137192 0.6343534686547205 0.0321742117783172 0.19298683811104234
6 0.7242194196738847 0.5514116893974179 0.009949973532507261 0.066257111564751
6 0.7050045814629856 0.5295135506267072 0.006842574134839019 0.04221599444450408
6 0.6908302462680447 0.5449619876681127 0.01807096552646359 0.05025110206308436
