7 0.3344798744848775 0.45996217714245635 0.009723294416983108 0.034786870627485644
7 0.28303712694872907 0.4103413632039747 0.010222136726471709 0.03968488593066288
7 0.3094534167863869 0.42126952468426415 0.008666751858084298 0.0347251779941114
7 0.335698182735398 0.48757838275035914 0.010662220681984469 0.012452558986927542
7 0.33341173111221856 0.5256465385648416 0.0013177909578025448 0.0049457431811683605
7 0.6264154122181596 0.4623015582528632 0.008060947563066745 0.032162009587795914
7 0.5056169538375305 0.43742124528604975 0.005107017032889738 0.027175247719254114
7 0.5535140299766568 0.4374229012904338 0.005550752084893307 0.027175222282638745
7 0.6217855788576585 0.5229014276937902 0.0014429835548963599 0.00451097936106204
0 0.574697097414824 0.5379772276205839 0.05914419219120315 0.04452789664571821
1 0.6347162754009139 0.503325005166302 0.06829285473672508 0.05320097020549558
6 0.32362745760225464 0.5307501332979434 0.006708370090628191 0.044001992886767205
