7 0.544318226002237 0.4893645482717539 0.00353358213714261 0.008878272579351865
7 0.523581123563669 0.48241123121874974 0.0013540659862394389 0.007524994941403906
7 0.6016921770083419 0.47872661306055797 0.007467066071718098 0.01797631937523314
7 0.5327670251931685 0.4646364507287517 0.002789941688189801 0.015311766023253404
7 0.5600102991360494 0.4646191210209413 0.0029498827398518612 0.015321201228610137
7 0.5990391636056487 0.5132546379457539 0.0007999026555188804 0.0025674562108025656
7 0.39154150081657935 0.4822163046806191 0.006279598940497733 0.014961418638690716
7 0.3802948437510368 0.4788587040886939 0.0075393520153588245 0.017834578247357735
7 0.4490022389556566 0.4651683066169237 0.0029079809106500876 0.015071827785989922
7 0.42226306808232184 0.4651850227521569 0.003055666722700634 0.015062699544753089
7 0.455312718169279 0.48938298917231093 0.0035484773268879555 0.008851116307651175
7 0.45470772647149327 0.496594480280275 0.0025922363411847726 0.0032011619589245033
7 0.6236763010361663 0.47363904701046733 0.009426705729744023 0.02234497405767305
7 0.6035222833509268 0.46270049860863327 0.003377683399248821 0.01617045888541746
7 0.6094881754419275 0.46043834237325154 0.0036222267605089398 0.017170274223783033
0 0.4865306313819382 0.5145600416760592 0.009708915690266662 0.013647351632079308
0 0.5867454451061687 0.5200967773888191 0.035548625186901606 0.01878450462965775
3 0.5039093007627466 0.5256289181197253 0.026199194648636515 0.05998978757309825
0 0.5484578099832627 0.5377502545387466 0.027457815845936095 0.03687552232513158
0 0.5855074163853602 0.5193360798650006 0.03581442878316976 0.016952946592484475
0 0.7137894660555494 0.5769567894158988 0.10498198982612728 0.10821306908595796
6 0.4221924667071336 0.5130739185287265 0.0022712161199832104 0.0189739860098459
6 0.4322553381391866 0.5122268800189865 0.0023155313121011045 0.01775623820451644
