7 0.4135682739164921 0.43992673700257834 0.005847227277104405 0.02715950183281529
7 0.4209947104714108 0.44530588631395573 0.005272854874869781 0.024740257601510718
7 0.3418228650153935 0.4398933328896987 0.014734045002412322 0.05477604475469339
7 0.3813725160575586 0.4288217542375816 0.007256889382605991 0.03218000830858708
7 0.3664372558166601 0.419556302614181 0.008367520846472187 0.03639575698577008
7 0.34350992445210105 0.540872097088379 0.001945777326763487 0.007527932351365285
2 0.3231841907385787 0.5348396825763191 0.09554534329757658 0.05221801220928213
0 0.7851296775809644 0.5373744459452221 0.0787643006444334 0.036080218265631236
2 0.11750847645672366 0.5347746978719873 0.10847677691393937 0.052155226116283426
0 0.50006060333598 0.6592675687963367 0.11321244004750058 0.1736069194321711
3 0.17299097296598404 0.5341706155804034 0.11691749627129867 0.06649771358642165
6 0.027413133165233684 0.5509522362901808 0.013240084516329763 0.07013924002539484
6 0.6048583638872598 0.529045161670223 0.004638476082180043 0.03521713532249893
6 0.3873565659024748 0.5576732308812681 0.010408112606016984 0.07801619978450991
6 0.07198235041357523 0.568111827552988 0.017227052584913236 0.08549629561647942
6 0.5483214962050864 0.5758233801760304 0.013721651528956103 0.04603732490784529
6 0.7846409365114322 0.5641539877320044 0.016757753871062264 0.041861195336266865
