7 0.5803712307049146 0.476169505246713 0.008050861384869323 0.019686650962208063
7 0.5048316790520835 0.4606880230275444 0.00290191083995861 0.016803025102813285
7 0.5346633771706568 0.46068428872849987 0.0030917717960888824 0.01680749867127046
7 0.5774562327861601 0.5139647472146134 0.0008566073944441532 0.0028115711546302657
7 0.3567457595902169 0.4802116126006003 0.006956022180155841 0.01617364861509879
7 0.34750803129986163 0.4650795167949737 0.003412573973703703 0.014848071135687091
7 0.3378494075779107 0.4762399498468978 0.00852763239406601 0.01958120503291816
7 0.41346491137102565 0.4612738729173629 0.0033868091718267657 0.016535216071642045
7 0.3841413755376244 0.4612773870249083 0.0035673029270475443 0.01653088920511664
7 0.6001563955770777 0.46994503815229993 0.010383529081112397 0.02505051918480189
7 0.586549471647497 0.45564383266139896 0.0038690184542559125 0.01904666121425097
5 0.44437910207856557 0.514787410520684 0.005514043666397406 0.014875435087186362
5 0.5005185021559531 0.538922436438354 0.010860428748951212 0.04260789823895528
