7 0.4082538317000315 0.48253948894921717 0.0033465218701234645 0.014792866181620457
7 0.39942688823449746 0.4675242590587952 0.0031122805106122975 0.01402735572877345
7 0.4040858503173558 0.46905879662492606 0.0029426111070272043 0.013352803204815245
7 0.40910263629758215 0.4944661857361231 0.004414744216659494 0.005339758279581497
7 0.5374437106112007 0.48284863030897535 0.002693783127611149 0.014277153054178648
7 0.4828825987346338 0.47172912620563107 0.0023291286104329956 0.012054492643743031
7 0.5043839124658798 0.4717356443363845 0.0022974201055454557 0.012051707153166002
3 0.4615448130972599 0.5286130783627091 0.027331114933939804 0.04376888712525995
0 0.648809467195081 0.5184440101092193 0.03450455428166155 0.017242351301935077
0 0.5018767001255982 0.5322650472981938 0.02105506733981538 0.03464437793444197
6 0.6094748139153541 0.5182756531908039 0.0032433155473877706 0.02638229024330141
6 0.5882210248004602 0.5286366448546174 0.004529299109476748 0.02383646447884702
