7 0.5735202421138166 0.47876904067563486 0.007096619009210325 0.017457494266185536
7 0.5064795417167848 0.4650843497454953 0.002568205037438487 0.014870108840687568
7 0.5329274888456075 0.46506896735512854 0.002718616766139492 0.014877167692722515
7 0.3727010492977155 0.48207919959949563 0.006219021919551315 0.014613207296825081
7 0.3584907645482729 0.47889954147079344 0.007449283798984685 0.017341082853931655
7 0.42541443090784703 0.4655831588582183 0.002950807344108519 0.014649254750937757
7 0.3994159878872217 0.4655980657733415 0.0030915109395446283 0.014642412758150147
7 0.588450473810226 0.47401118575201573 0.008850993872238533 0.021548914393675345
7 0.5737407579618621 0.4632654460254572 0.003104638790569325 0.01567375488801137
7 0.5778278904479919 0.461144669068702 0.0033134163449630716 0.01661132369954965
5 0.5026136057353312 0.5315595840540026 0.008816458305092867 0.03441918985748582
