7 0.4204895403856287 0.48436069620874417 0.0028141336171301767 0.01292036118633122
7 0.41414270000217984 0.47166533241962405 0.0026215954826320775 0.012061208049577776
7 0.41760607644653425 0.472809906032012 0.0024995540392840354 0.01155910096307411
7 0.42127490915730004 0.49479342610939614 0.003836009212572933 0.00466764943265785
7 0.5336663948714293 0.4845624901079333 0.002324827949347963 0.012529472047908885
7 0.48572042055978626 0.47480321777085044 0.002038055454676835 0.010575269338673865
7 0.5046056130298135 0.4748071363241184 0.0020162085089195925 0.010573739941699412
7 0.5318084462528732 0.5085292186967428 0.0005161802156006257 0.0017782100631922315
0 0.5128436263362304 0.5103965703741367 0.017215748949547582 0.010236489808256422
0 0.44436087871309166 0.5138349744620541 0.013385830135251742 0.018709468705745413
0 0.45286982872306014 0.5417611400326401 0.03109142540271098 0.04132347116280921
2 0.4254266947032914 0.5543644613395979 0.06894765453428287 0.09000738273192477
0 0.5077776640160991 0.5125764139640974 0.014095786498492635 0.01322679947176153
3 0.4651310210428087 0.5260766829581598 0.025021267055769514 0.04064632122847234
3 0.5022601049973123 0.5238132698872227 0.020766757286316717 0.03714911454698855
6 0.5733717787607491 0.5198931783203748 0.0038776099168224 0.02927071580936713
