7 0.386800335770194 0.46557531772940064 0.003530841825454989 0.015624709354454591
7 0.39255306215185926 0.4674639963511591 0.003315259458492259 0.014792465631677132
7 0.39878157892919086 0.4956167102298424 0.004879624116443104 0.005872667879934568
7 0.5396481847239725 0.4830130579039879 0.0029895392171059854 0.015638410873267117
7 0.47994508939659075 0.47079225420035564 0.0025607899696553083 0.013210423896493184
7 0.5034849118263682 0.47081806261247483 0.002518948639335994 0.013205414751510658
0 0.4857474843496089 0.515294430227293 0.019996354681484585 0.013015149061212483
0 0.4149021496264108 0.5229685903261656 0.021888076592353922 0.028141869745255343
0 0.4438071714951824 0.5505178422042407 0.03656132136428558 0.048534248829633087
2 0.40659581333812916 0.5712830286102953 0.09004918493583147 0.1154153736121617
0 0.5253810112198528 0.5161187680846963 0.021141744604016965 0.014741034456348334
3 0.456379392350119 0.5332888101320695 0.030341482832453637 0.04827447115604788
3 0.5007109887927674 0.5331118429804685 0.02700057135267958 0.04816621902503204
0 0.6877314087162656 0.523158735782475 0.04214882507585449 0.02073656231288068
6 0.6208150326705089 0.5387205838185924 0.006615596256599354 0.052921807847683966
