7 0.3092198655691356 0.43908953186023525 0.014358028812154255 0.053023764972636556
7 0.22347942082601163 0.3365696917509945 0.01963715415995257 0.07412448719328751
7 0.2716948502935772 0.36922866232243007 0.014684453481486781 0.05856765930880781
7 0.008744816882585835 0.2251420426328553 0.01748963376517167 0.12964609990297962
7 0.5888049045508239 0.4437244497339462 0.012086414171534443 0.049633185431400995
7 0.47720497072742873 0.4040181894765746 0.008062772041792565 0.0428192711205575
7 0.5863056650860928 0.48297467423447527 0.01432790601511047 0.017393495850988427
0 0.9609649207186418 0.5842205031051164 0.07807015856271637 0.08553251343711199
0 0.894861724093971 0.6613542464958079 0.21027655181205795 0.1720180656581145
6 0.7198263803027697 0.5423717102561809 0.010511881585720362 0.061937865252086
6 0.8011722549606425 0.6042752756892275 0.02000723130974369 0.13699618085118814
6 0.8132972272174537 0.5949893324941589 0.023150143652968858 0.12690851556768168
6 0.8253783092033349 0.6009058451887725 0.024645790608784246 0.13390939116109235
