7 0.28741557990843747 0.4581673078960159 0.010990714060778839 0.03485567479196172
7 0.21941217525250006 0.4079003303764155 0.011120667862698802 0.039744415891498075
7 0.2535736976123322 0.41913911962193906 0.00936458271350915 0.03477394167679798
7 0.2881255877966923 0.48577433096896583 0.010931756197450182 0.012498344202774292
7 0.2857944154522276 0.5238339547402631 0.001453243835779272 0.004943650064290428
7 0.5828244366788417 0.4616667622849594 0.0070434476876326535 0.032197698809066644
7 0.4616203368909854 0.4363354152091263 0.005440842672021162 0.027204082707111943
7 0.5095401977278974 0.4365116518480818 0.0051739220233371075 0.02720243372385517
7 0.5780862501501491 0.5222482335980314 0.0013788033283939072 0.004514313533058756
0 0.8058177750983483 0.5576188254913692 0.12465428466422801 0.0521249129656588
6 0.3063862704298495 0.5252173427174224 0.0060457403102353036 0.038304387561789
