7 0.3344813639149698 0.4600311888219879 0.009723620150131285 0.03478583775897359
7 0.2830398681725934 0.4104233691644803 0.010222571759328725 0.039683934978534785
7 0.3094556841189098 0.4213455700525564 0.00866711078807858 0.03472445789024248
7 0.33569935780641824 0.4876476624534295 0.010662331471847808 0.01245247584222603
7 0.33341246209502506 0.5257157211803101 0.0013178457131500232 0.004945853244588849
7 0.6264157827774728 0.4623721774480537 0.008060908040396497 0.03216103000225906
7 0.5056178605278681 0.4374905189158258 0.005107122077696591 0.027174798327122385
7 0.553514718108959 0.4374928991271866 0.0055507991590300065 0.02717476680480463
7 0.6217859914118026 0.5229718477859822 0.0014429811055955977 0.004511057097519311
0 0.39469668498693417 0.5897544961890954 0.08499893965237626 0.10086066017959183
0 0.3165371993195021 0.5794143974725728 0.09498899163698904 0.08941575999589046
5 0.9583332512972347 0.5478489831514204 0.04352447244457225 0.04875445921145827
