7 0.5347903626671544 0.448441199979836 0.018127712842948562 0.0444256326053632
7 0.36195381801772264 0.40359778178169137 0.00781579413614586 0.04307910346224919
7 0.435496058916213 0.4078356302302327 0.008204465237198144 0.04110422208662651
7 0.5289671751543463 0.5323881056117257 0.002021382734259114 0.006318975655171477
7 0.09274174801724713 0.3920084802910554 0.013760420488449387 0.04851425376699131
7 0.6913134428409462 0.4064290865110276 0.03366264685182374 0.08232824435801595
7 0.5548667721351052 0.40152873903115305 0.010040448634396126 0.04404733428845192
7 0.5915992121849046 0.384956247513989 0.012190600023879838 0.051851105291667476
7 0.6824103491679403 0.5574503962682084 0.0036411375331905083 0.011374590523865358
0 0.10624491721553217 0.5561417101988386 0.1378908958357108 0.06374072000567177
6 0.4123201972163664 0.6203108750387547 0.02134126704277861 0.15735522893035914
