7 0.3511704125174255 0.4605355307918235 0.0097757255204588 0.03515502986039837
7 0.2987989629965066 0.41040885311251296 0.010283685405908627 0.040314396818064924
7 0.3257019468990857 0.4214542846806091 0.008707343909328924 0.035209003731495436
7 0.3523703415125373 0.4884579080302456 0.010675775204741556 0.012591454279878678
7 0.6487247938477863 0.4621062995196542 0.008479295080881522 0.03313386927368339
7 0.5242126717578884 0.43702543017461265 0.005235716249079703 0.027778537835022155
7 0.5733458271228895 0.4368149472672971 0.005736882736630755 0.02787348635421444
7 0.6439142653194798 0.5245113379361273 0.0015055245753159419 0.004648580862953944
0 0.550749710943931 0.5288296470987981 0.02910807491129097 0.02487694964698961
0 0.25579325594984 0.6197812672131259 0.144085259525623 0.12977582994789572
0 0.6581670377073541 0.5207665869926688 0.032268809387798414 0.019445654922955913
0 0.42764642235662575 0.5505429437703679 0.03286111463270819 0.055020022630839494
0 0.2147654790841649 0.7869881718244605 0.3628835920170121 0.38876550243275154
0 0.6195724015041759 0.5210336289227 0.035454580707392824 0.022413126590436483
