7 0.39973843553564437 0.4598406162729188 0.008167916665871633 0.03559708140446627
7 0.371011860514604 0.4084181090421437 0.009310787312669266 0.04094746318197601
7 0.3869492694060543 0.41996205699389755 0.007952914423745128 0.0356882544382518
7 0.15043571942153566 0.3622884204179044 0.049569312114980835 0.12765214122524726
7 0.3057396241216136 0.38112924653783287 0.013235615234207077 0.05353022292838333
7 0.2619466336705734 0.3539179949933223 0.017209275142691327 0.06628711074939059
7 0.1612557828382366 0.585056827626117 0.005837887587820112 0.016697634948461437
7 0.5936638466822226 0.46128289491243213 0.007933218739065495 0.03496599153711133
7 0.5141230100675562 0.4342130204074812 0.005653136868593256 0.02958535775938581
7 0.5919227580064055 0.4891987121869571 0.010217574105708671 0.012374392364762898
7 0.5886099209871649 0.5271093932546481 0.0015120799989024603 0.004905464684549443
5 0.8379505901586861 0.5475488859131699 0.041625170191843974 0.04482069324402438
6 0.646282229632908 0.5328975560095499 0.007623292080788935 0.04600464714662522
6 0.5816273180452182 0.5313441301702726 0.005138898479021714 0.043746578087277
6 0.9442022627491228 0.5794239673311595 0.02332014943127536 0.11288493745134787
6 0.6560470117328736 0.5396859547341355 0.007624671067675837 0.03235095252911535
