7 0.5737480696857985 0.4495210660985254 0.01656333149083311 0.04001396399451801
7 0.42181041537855246 0.41188864218210536 0.006902833144214415 0.03733936577884178
7 0.4851717667819113 0.4144555195676607 0.007335597825072648 0.036185149414369844
7 0.5683856390544724 0.5253617358632341 0.0018438970183048964 0.005689740777128249
7 0.0970000255751444 0.455867513265686 0.01796088782250524 0.0340185276588566
7 0.011254676763420483 0.40813678199196424 0.012982070633385325 0.03888502791042331
7 0.05366773022326603 0.41827084438039586 0.010839320549650644 0.03423404370520644
7 0.20327896896859562 0.4059591697333526 0.009963404256608355 0.0399816441085199
7 0.12374241161859983 0.4028352517532062 0.011745625112889457 0.04139510990503498
7 0.7085905207517884 0.41670477212410884 0.029469262843208832 0.06939142556623146
7 0.5919202252481008 0.4082325160410653 0.009078113504714103 0.03910680219341822
7 0.624350165293867 0.3949681621321117 0.010863186107362366 0.045293158075153384
7 0.7010573313443154 0.5452490861191382 0.003107473199388866 0.009647326307608006
0 0.6746263884513731 0.5309600914739767 0.06863816266956868 0.046146512112399285
5 0.5067742121174548 0.583562149807318 0.041628276300220535 0.09033090448755521
5 0.5895231425100946 0.786151827940785 0.14327704137196606 0.360494790583024
3 0.30234306062295047 0.5714934976243613 0.07809496567139601 0.12095301231164901
