7 0.39973843553564437 0.4598406162729188 0.008167916665871633 0.03559708140446627
7 0.371011860514604 0.4084181090421437 0.009310787312669266 0.04094746318197601
7 0.3869492694060543 0.41996205699389755 0.007952914423745128 0.0356882544382518
7 0.15043571942153566 0.3622884204179044 0.049569312114980835 0.12765214122524726
7 0.3057396241216136 0.38112924653783287 0.013235615234207077 0.05353022292838333
7 0.2619466336705734 0.3539179949933223 0.017209275142691327 0.06628711074939059
7 0.1612557828382366 0.585056827626117 0.005837887587820112 0.016697634948461437
7 0.5936638466822226 0.46128289491243213 0.007933218739065495 0.03496599153711133
7 0.5141230100675562 0.4342130204074812 0.005653136868593256 0.02958535775938581
7 0.5919227580064055 0.4891987121869571 0.010217574105708671 0.012374392364762898
7 0.5886099209871649 0.5271093932546481 0.0015120799989024603 0.004905464684549443
2 0.21334856601321256 0.56163507904964 0.18474688635931039 0.09732862576098766
6 0.6486309752362085 0.5397796643499615 0.007137174667942059 0.050375377295959534
6 0.9031874010175817 0.5316221846411165 0.00899334482657621 0.0441262789419925
6 0.3017938640598681 0.5303870371709576 0.006831101327079647 0.04236909103495656
6 0.8279369928875464 0.5315147517304297 0.008380459614676039 0.04399374195432093
