7 0.5598847550554631 0.4749132704620985 0.0044530073775223 0.02190389873346782
7 0.5094832418836022 0.45790460327578875 0.003532334205366916 0.01850491025878187
7 0.5588202668886425 0.4925395669000848 0.006362045731286958 0.007826199275670298
7 0.5566700130456084 0.5165402434016307 0.0009218208339670797 0.003094527154584581
7 0.43750619676409686 0.47416999464543097 0.004513341916125124 0.022143334080034938
7 0.4290605707000823 0.44869868416609 0.004718531993512354 0.022388541903819337
7 0.43420072160993994 0.45244692492250044 0.004335535516418354 0.020718283509427726
7 0.3831127932375985 0.45388648387635716 0.009707851467850637 0.0402168462766016
7 0.405399154353041 0.4413103424253614 0.005609293464826859 0.025692661965153574
7 0.39605552236025776 0.43547891053602195 0.006259133519566973 0.028311523930290183
0 0.06066981875061725 0.5311527577098432 0.07557704682250577 0.03360913431756296
0 0.015038289117095305 0.5334712457272195 0.03007657823419061 0.028142216850973067
0 0.050444924982775946 0.537104373771785 0.07602752367252752 0.029107454038870495
0 0.14747431012428078 0.8140784244726881 0.29494862024856155 0.37184315105462384
0 0.42502805515743325 0.5591012614761235 0.05783711280068099 0.07663298123778806
0 0.5004805438152914 0.6716713534466361 0.11652754132439219 0.20702876512932045
3 0.5005859218199493 0.5664254451280208 0.07386570963825523 0.13578653682857605
6 0.5953350220723882 0.5252818985131626 0.004180767374420746 0.03265025106830555
6 0.5920297334755 0.5376611824689678 0.007951500599724048 0.05393467973909538
6 0.2000515089708959 0.5456050647447901 0.01002628725699145 0.05906257090420952
