7 0.287288898265162 0.46023071256089354 0.010954009877049864 0.03477987971417601
7 0.21919619076312902 0.4107020134522812 0.011077654269228049 0.03967990186130482
7 0.25338476325751735 0.42158708659226085 0.009326605588294762 0.034721308369626
7 0.28803054980576903 0.48784947599736084 0.01091762132909141 0.012450836017629141
7 0.28574473577839843 0.5259177569524054 0.001447581294699074 0.0049464434897332765
7 0.5827098086884794 0.46254065376382847 0.007004718171729318 0.03215624486980989
7 0.4614743675405535 0.4376669397437959 0.0054112279360362114 0.02717286878538394
7 0.5093948954100495 0.4376668653725791 0.0051417447809820604 0.027172859380525938
7 0.5780414209885001 0.5231409512764077 0.0013735779996745245 0.004511314736281635
0 0.8073294639339187 0.5515765887613657 0.05214983468042278 0.04411075976545997
6 0.29758968692355214 0.5282280662430203 0.0063501924037963065 0.04003960544171592
