7 0.46151577345457384 0.4830162692867281 0.0025181047360324227 0.013479438249312525
7 0.4594994752267194 0.4696414210675889 0.002550840322346537 0.012642082190481685
7 0.46119253932998006 0.4708957207699749 0.0024337068790896144 0.012091551642855802
7 0.4449836755519528 0.4771814627552801 0.003685402467669907 0.018558337023003246
7 0.44921143369805366 0.4673878872012552 0.0027971426250680276 0.013632369927348509
7 0.4466824884566667 0.46578815055914713 0.0029525049128829584 0.014336212577230223
7 0.5367032278005375 0.483411997820235 0.002508360830333789 0.013388978949496755
7 0.5056608547157357 0.4729906792896559 0.0021556741032441318 0.011301823744646167
7 0.5360629741444429 0.49424282831254346 0.0038719539632179334 0.004814394881359818
3 0.24078494214664367 0.5123113461027989 0.0482868186594429 0.027949925300550904
3 0.5001126082523415 0.5320078425292049 0.023983846117243857 0.04881087101262693
0 0.5001234723313512 0.5264506109906519 0.020661586372394347 0.02740760406516396
0 0.5001205909090904 0.5300381892510451 0.02310314514773676 0.03485743862418367
0 0.4334721554651805 0.5167612225047515 0.031689684325291456 0.01820487541612159
5 0.46853699462414944 0.5258179881173388 0.009040290118736027 0.02555287671767381
0 0.5631904141750794 0.5153026568731562 0.028825970927658373 0.01526424843751295
0 0.25972504601665725 0.5163302447662359 0.027837321846532398 0.017176389771722644
6 0.5756421699056397 0.5147114357207527 0.0029116112359262036 0.022763444372768227
6 0.34445082469955635 0.5137495868325006 0.002737734270439718 0.019215125522360488
6 0.4722428332790882 0.5169463822864997 0.0029047543451793945 0.025103657826534787
6 0.2691492769810905 0.5233446750268049 0.005826802971201417 0.035071960065981234
