7 0.6109623680199203 0.4682648092914319 0.006185098234644526 0.02839611882795573
7 0.5457540226163581 0.44671605498114364 0.0045697034282121685 0.0238194455368394
7 0.6095481472400213 0.4910263571735529 0.00837296995927439 0.010100409605647953
7 0.6067728483027243 0.5219648215320125 0.0012253301086799784 0.003999057639761716
7 0.45423197206443994 0.46788082453337015 0.006019901075781653 0.028197548935883
7 0.4385902524593216 0.43212254574033226 0.006498516291299106 0.03019333122180884
7 0.447520361510956 0.4385898325450996 0.005799325469772354 0.027238628874176496
7 0.3472487879842148 0.42755968262213806 0.018576204134164498 0.06561660099295502
7 0.4008760144248309 0.4185914606478584 0.0082315549439676 0.03641694857723399
7 0.3818055440299525 0.40677871260050735 0.009679999451473464 0.041896138662360805
7 0.34985417325821305 0.5474071910562512 0.0023961037088220394 0.008955573700424102
0 0.5495997825902507 0.8108378261676755 0.28499823575154676 0.37832434766464895
0 0.501464408001538 0.5530019087684706 0.039080753823990066 0.04416775913540505
0 0.8620112146039653 0.5434836163960013 0.09088398145116494 0.04079760667933374
0 0.30390537658029904 0.7379931800704311 0.24844178097974495 0.31246848339799194
0 0.28455151811653223 0.5497383662831538 0.0927648469773606 0.046727986833768664
3 0.43460220837030517 0.5319687255515131 0.09357520107273237 0.07074844552725795
0 0.7724028404226322 0.5459530086861137 0.09421808809582366 0.05014455876358581
5 0.8118770937060372 0.5378400725292143 0.03743414233909115 0.03902649702124272
6 0.11999687278381757 0.5689487499411701 0.01769093679782703 0.08928954667459732
6 0.8516609131560253 0.5638613369199663 0.016967477484930327 0.08923913328157751
6 0.46707729239976614 0.5709402777225054 0.012757986032330026 0.09479241466672483
