7 0.4259509510826267 0.44782714886530867 0.004920386382595232 0.02324695306044089
7 0.3759446971740984 0.45263806293584774 0.010483836018164772 0.042580562991036686
7 0.4008442123149248 0.4399208832125582 0.005893891737755452 0.026829965488966268
7 0.3906141925570407 0.4336212823954543 0.006613791635599053 0.029698556753734173
0 0.3378779774480573 0.52854646369622 0.06514480363556674 0.042789593118873315
0 0.5004704969989869 0.6019606539822446 0.06978594380202385 0.10121121252103726
5 0.5512083355059736 0.5379236364684603 0.022103444267443262 0.03846548147762663
0 0.6891745134603156 0.5312147800982223 0.06123463338323487 0.03950361574705785
0 0.4112463969478653 0.5881990852307833 0.07014066438574529 0.09510810165879979
0 0.5111676889588984 0.5466166925402042 0.04296321580111412 0.052643802820679486
6 0.5908126882195988 0.5434257363011605 0.00934859423350054 0.06006682931836094
6 0.5875735519326835 0.5415488789676278 0.008181054180673275 0.05736436263121791
