7 0.5881807097263945 0.46199100409718774 0.007313605214274599 0.03277671276330152
7 0.5134623477555198 0.4366053059986307 0.005297922263109323 0.02773211882668669
7 0.5865496452870422 0.48819966830954553 0.00957116214474174 0.011617723246382716
7 0.5834181662266157 0.5238027836770088 0.0014116142757691907 0.00460429543563734
7 0.406149075955024 0.46069904426306596 0.007511289386377129 0.03332470227965045
7 0.38183851968441657 0.41448768008392756 0.008413069273332296 0.03747731445057095
7 0.39538672612586445 0.4242420594192139 0.00728471182569157 0.03302275288496287
7 0.21393489272945998 0.3868373256761737 0.036015653637563066 0.10268781184442283
7 0.3261763111165943 0.39221519020372086 0.011538499684931702 0.047751849897028575
7 0.2918740752165362 0.3710366803468718 0.014496666249521173 0.05765339220392662
0 0.3804249332059759 0.588734248841777 0.062377009599520195 0.09587226483189026
0 0.5177704060618793 0.5990439085907666 0.08941994283923854 0.14545653784359047
6 0.35255547735348136 0.5283848511259565 0.005998728765393091 0.04191634122262178
