7 0.34169215392201574 0.47656654393612174 0.006807764331486665 0.0249046796999855
7 0.3110122411849769 0.44658471437274394 0.006471361694399991 0.025816136910475906
7 0.3262806123219564 0.4514772848405997 0.005803598138970356 0.02362067921741845
7 0.3426466852380619 0.4964946685660466 0.007663608316410886 0.00895396096192691
7 0.555886953420176 0.47775464166429105 0.00477706705521308 0.023408419902839483
7 0.46698107285174917 0.45951925418083567 0.003894053370148143 0.01980886984910135
7 0.502109691144206 0.4595522376572509 0.0037604215942029784 0.019791435411266156
0 0.5192108302788079 0.5593127741052271 0.05318118015952239 0.05353958386617175
4 0.5009688886378107 0.5218442902738838 0.009508145541266444 0.017095661531989048
0 0.38229332379971165 0.6044960896132439 0.08627974658987436 0.10712695101879988
0 0.43398300911667476 0.5583675022962137 0.043659920277713926 0.05706761514526426
0 0.5313747902243826 0.5224290480331488 0.0258965617250545 0.013544026473089388
0 0.9787173092956167 0.5484906645889475 0.042565381408766534 0.0418151622615861
0 0.16073956811713488 0.8060115403516612 0.32147913623426977 0.38797691929667744
0 0.5665891056740826 0.523768131389784 0.02918014515019085 0.01757167338647969
4 0.7435543461447306 0.5355673809660304 0.024191291442468232 0.0359040648011163
0 0.4964869598551035 0.5960102687862393 0.06368144993749053 0.09543621096587507
6 0.7844018837759259 0.5855491554864583 0.020290474898637112 0.11450750409364907
