7 0.4777696617111841 0.4886287480906974 0.0037100982662080506 0.009495920088521959
7 0.47798178305827177 0.4797793846144183 0.0015541385213155845 0.008670507654733206
7 0.47848577522722213 0.48037920677581447 0.0015058071383567406 0.008407958323971731
7 0.5292840598159945 0.48631148854860523 0.004543794500369347 0.011485861724762958
7 0.4850248419059636 0.477280576429598 0.0017225165278458854 0.009765495163621851
7 0.5024626179852716 0.477288870520964 0.0017139246032068511 0.009761886156811395
7 0.6268350700387 0.46118718488713645 0.014033639102204454 0.03321696024327725
7 0.5000653551641734 0.43475422958385723 0.0049335938704188065 0.028702050938469392
7 0.5504418357127885 0.4348232567853366 0.0054593201215946685 0.02867093750027866
7 0.6220077706597552 0.524682756248645 0.0015204613755075425 0.004739338178059382
7 0.2753649257126861 0.47117693542354677 0.011152050748970355 0.02454101730206526
7 0.2291605568901971 0.4411804990828607 0.006969814672987629 0.025803585458698153
7 0.2512904524929056 0.4460633754260518 0.00619251565484083 0.02361029343215021
7 0.21732811681240766 0.4610613456019939 0.01572208914502804 0.03332519022562508
7 0.3464521302442352 0.4361738426106535 0.006331246867571916 0.028060485077580244
7 0.2969126409269063 0.43610763772099514 0.006859551827503696 0.028090296279010663
7 0.41397057780160773 0.48629705191745837 0.004729027037691902 0.01149790296110731
7 0.4189414070230122 0.47917477934116803 0.0018022402803222204 0.008935169085405203
7 0.416441170367561 0.4784966534592101 0.0018704761579153018 0.009232255626257957
7 0.41328958976595787 0.49566025165836414 0.003425491741703146 0.004152561229072815
7 0.6974459767523491 0.43972752622335237 0.022944842045951153 0.052004644240116304
7 0.6345453366233826 0.42817363489591265 0.006995033656535754 0.03168331432736077
7 0.6520141970488157 0.4192205551884303 0.00809726213868256 0.03576093117231449
7 0.6934485836334632 0.5378989529598849 0.002065286662547683 0.007338006154576471
4 0.4778530696316038 0.5134650701519383 0.00448020512142161 0.014031976789547929
0 0.1806026497208309 0.5298378686642604 0.08350383760440444 0.045394194982588565
0 0.019691747042722214 0.5351865643270375 0.03938349408544443 0.03456228794046445
0 0.69447189102899 0.5286818824126489 0.050679329018771035 0.03793155504185708
0 0.4061525102888235 0.5235923931010569 0.023803054425025116 0.02614630090953307
0 0.44435898092467585 0.5204895035670424 0.016005033213427 0.01981154083215597
0 0.49421487348552984 0.5153404634317836 0.011265581583698503 0.01558209163226043
0 0.4936435707733987 0.6906647356120188 0.13210072983476556 0.216381335945665
0 0.2891824070133635 0.6773175293582339 0.20995296011044365 0.2213620428542733
0 0.43672280668993424 0.5238899061215947 0.019295671159031802 0.022537074887896025
6 0.48896214830736173 0.5232653422835154 0.0037852524629528594 0.030040388315117794
6 0.41374783345925725 0.5082716672224206 0.0015953029795177098 0.012097283055033214
6 0.36672776713382216 0.5160587938292032 0.0030485417742368015 0.02314724124118228
6 0.4092021065422857 0.5155555780745792 0.0032424863464337594 0.01035108212695346
6 0.2496906615254912 0.5212393783095806 0.0051894422552457575 0.030502130005808925
