7 0.48383919781142826 0.4836462988287654 0.0016253374710315516 0.009054680872602638
7 0.4843846318014431 0.48429817414230614 0.0015725628417119775 0.008768733294144793
7 0.5376654170041892 0.4903839966893409 0.004790123224389209 0.012076013499965677
7 0.4911477943661974 0.480907375616327 0.0018108569555597143 0.010258145956725973
7 0.5094645135818878 0.4809078987759604 0.0018031402892905168 0.010259072326379626
7 0.6553828136994703 0.4597325587644304 0.01668779526712627 0.03872315220550954
7 0.5078030265120645 0.42909063450788465 0.0057483903400781244 0.033454451046206535
7 0.5664170168087266 0.4290771988523392 0.006486876953000764 0.03346433770087259
7 0.25877046069077 0.4729146823906204 0.012513337863805374 0.02716974515281656
7 0.20029924903848198 0.43810346086514634 0.00830286004102393 0.029340901235943462
7 0.22843207286231348 0.4443106155724584 0.007245816614714545 0.026537798651130595
7 0.1824627672894928 0.4600470385525953 0.018545790083998565 0.0383886761022893
7 0.33071805486903694 0.431309728637995 0.0075707081398000975 0.032432794110176244
7 0.273930747027592 0.43132210489595424 0.008258255217035937 0.03242351865334947
7 0.4167006831373015 0.49039525059402145 0.0049666483733100675 0.01205127929279809
7 0.4222175734066612 0.48301289556100124 0.001893614753397721 0.009328795833306813
7 0.41949282297144286 0.4822739389030576 0.0019689482666233604 0.009653109799470871
7 0.41599764029243774 0.5002090777057611 0.0035914661323735997 0.0043520170029131555
7 0.7614993894821556 0.4278301239599293 0.03081529980478548 0.0668909517670262
7 0.6674730500365444 0.41974864068234663 0.008718508612071574 0.037734425405129224
7 0.6926990755055855 0.40687750887986107 0.010451936012872531 0.043662576254727414
0 0.002660314245190615 0.5387864745947973 0.00532062849038123 0.0526502717304671
0 0.7288588054516845 0.5376034317722607 0.05930010153085419 0.04338035301858778
3 0.5514536092337694 0.5151918898577449 0.019540853048774953 0.015151356432336005
0 0.008644005323505049 0.5260887711120381 0.017288010647010098 0.018595354509260642
0 0.49980883032055534 0.5998842461764448 0.062339177375039634 0.09149533462639314
0 0.4090874578754745 0.5826074922393935 0.07479017343185307 0.08364263736288424
4 0.5475210610872117 0.5166506809699953 0.008887486195114369 0.014387557116971816
6 0.731241681515503 0.5739671118658172 0.01607866534665303 0.09868265735663229
6 0.3979562452792264 0.5303011516230425 0.004479103217293057 0.032852756223603174
6 0.44703851120676874 0.5199132446992052 0.0027030852001271866 0.009773601873849569
6 0.40570180952351353 0.5297577715640475 0.004698669107185971 0.033505898610282525
