7 0.5025411398697386 0.4833812225008144 0.0012547215655023258 0.007212987648351599
7 0.5025983186588084 0.483803206654111 0.0012229973656350257 0.007030351164516446
7 0.5459253262065608 0.4890132317644929 0.003742001020728969 0.0093875208267723
7 0.5097716379557636 0.48166324081336803 0.0013915652066149864 0.007957469941365258
7 0.5240077858474692 0.48165979560439665 0.0014350970759694492 0.007959659349814685
7 0.6130493934466656 0.47628231797848275 0.008456729088775483 0.020193398935291318
7 0.5357156284175699 0.46044265202512313 0.003157037829314091 0.017226276368324134
7 0.5663121719170756 0.46042273519754895 0.0033579900760422055 0.01723654767941113
7 0.3795955026100827 0.480627154852612 0.006971499509287216 0.016477147039942464
7 0.36429100367189554 0.46315257202254556 0.0035899872836734348 0.016026534881552146
7 0.3645899441324433 0.47644590878296034 0.008556724810821592 0.02003032187596293
7 0.4417319939257241 0.46110967909538303 0.003302229958476288 0.016928202562998096
7 0.4117466729298522 0.4611288402215366 0.0034887178967321075 0.01691829838038461
7 0.4518292057403408 0.4890352339825918 0.003760117209774705 0.00935992322335033
7 0.45407509499387355 0.48298830076437255 0.001417658769556407 0.0073807292971869165
7 0.4511972102020706 0.49666073486145973 0.002744514987700286 0.003384260617116941
7 0.6418583649692422 0.4696203843806388 0.011055152048852546 0.025876459134523078
7 0.6159339399391683 0.45797685624459417 0.003907835529284864 0.018316204944344106
7 0.623649318816222 0.45504675584752574 0.004236149595643113 0.01960951171679115
5 0.48450708079557414 0.5156338866409682 0.004675326759744081 0.0149195010909976
1 0.5031806605939702 0.5022612809889927 0.01864909625481126 0.03575922611942145
0 0.46570230923175027 0.5156825921657857 0.013454772638403056 0.014972329136938911
0 0.5034035013547735 0.5186073749226776 0.011528145939480483 0.016908943084455008
0 0.5042928191015064 0.5122682949472632 0.007643138566478913 0.011234952046762614
0 0.5033988140950194 0.547708319433303 0.030370822957202448 0.046778123145789885
6 0.42833038936629464 0.5089623043814382 0.0017611603769882578 0.012830828541558481
6 0.4333567939560655 0.5130389077287903 0.0021861096113422462 0.01072387612717196
6 0.44137327146886285 0.5090706026132441 0.001486059515457827 0.011575797134792842
