7 0.6295253870148689 0.47974340311112473 0.0017346001342067874 0.008627675065407625
7 0.6300852436254282 0.48031751386345184 0.00168381718561883 0.008378177726133695
7 0.6232209343850392 0.48599375491737423 0.0021230921715823525 0.011667636848536556
7 0.6861114554197907 0.4884355869469299 0.001918885303476836 0.009775083119591355
7 0.6622500872929626 0.4810676069217266 0.001650760391664452 0.008147500605193536
7 0.6856157314397957 0.49635634137638 0.003009617480136062 0.0035261022613036763
3 0.5800323522264883 0.5081868685760524 0.026962108169428234 0.017651749894119884
3 0.5603401418115996 0.5098713546393737 0.02015271323403056 0.01530638222577796
0 0.5461239220555545 0.5109710791633647 0.015781782704039293 0.011091616212332234
0 0.6026473385816786 0.5118312048424027 0.022064450846991157 0.011756855409762568
0 0.5063577962716245 0.5099583791629241 0.019622745305135636 0.013302289805458334
0 0.7288523720145703 0.6145218304940848 0.09808388264055057 0.12898352308413297
0 0.13543568014052945 0.6779538014698351 0.2708713602810589 0.23675331140513833
6 0.7031123751594669 0.5105897899954106 0.0019016771517594844 0.014453265761790957
6 0.34194266263736606 0.5285063927406926 0.006842537702270335 0.041715746561464706
6 0.7488244199634733 0.5224379922016875 0.005052822332892615 0.0330278831553934
6 0.7000172122085999 0.5139438742554426 0.0024384374003615372 0.008732314181597367
6 0.6000561616966683 0.5117072448251654 0.0017987516802993042 0.015526915847749012
6 0.5434348066375152 0.5095034356291388 0.0019602766771468216 0.014106709131976203
6 0.2300860122042817 0.5388656631558781 0.01025501261883574 0.05682545270489714
6 0.44322302805887087 0.5175813582194626 0.004018067630345956 0.025833719654484555
6 0.6289243867526929 0.5106399963733721 0.0019744196498130417 0.015685117394571457
6 0.6967785912104609 0.5108967087152521 0.0022807650377677513 0.016074152421347576
6 0.42213087705918206 0.5207849013027979 0.004640329570564705 0.03048092585290474
