7 0.4987820102862173 0.4787015051442064 0.0035731788172007617 0.009250774079270496
7 0.5514601262873453 0.4764328264303002 0.004472107327384123 0.011147139545997886
7 0.5085800790713734 0.4677047898853367 0.0016566846715628802 0.009464511140172827
7 0.5254801404142548 0.467698474371583 0.0017195794774900186 0.00946607801802879
7 0.6662033330498414 0.45344249695059813 0.013331609174961567 0.030554652768224222
7 0.5498977893466037 0.42938947675050876 0.004948619290072398 0.026268824192408224
7 0.5961437912858569 0.42935503638851846 0.005419336233110084 0.026280911584693145
7 0.3298638505782089 0.4625856548142444 0.010037355313256668 0.022846432078029277
7 0.29736967607836273 0.4353638696310265 0.0058864787425414455 0.023634914594410805
7 0.3131421943258009 0.43955228149159775 0.005301932205439286 0.02178170140903013
7 0.29204899213323987 0.453812020833556 0.013642154239195847 0.03029104317598419
7 0.4084763535454646 0.4308779774747004 0.0052807099039199334 0.02561701224518509
7 0.36345337719670695 0.4309108870165949 0.005719277560012004 0.025605534426610177
7 0.4398084909680018 0.47648294490239984 0.004507168197121214 0.011120072024587258
7 0.43909893941724065 0.4855386135498135 0.0032765060813285674 0.004016352616492358
7 0.7438901078434905 0.43563427927956455 0.021022966389680264 0.04575562635280872
7 0.6765833625070921 0.42356760984565456 0.006829557833195388 0.028854713763102113
7 0.6962107905711847 0.4160981444379811 0.007841458135300239 0.03219819197581064
5 0.4761829179043767 0.5099946093327545 0.0063655182085050055 0.01974962030070082
3 0.7158977077585424 0.5102499353726895 0.069852700660884 0.04817067043457984
1 0.5007458080750362 0.49224928235029775 0.023285336029706172 0.04464020100808602
0 0.45226446895528377 0.5097466208061174 0.018124299994425663 0.019625451624226742
0 0.501057694459512 0.5111221166490757 0.013484048959216677 0.01986862147639923
0 0.6752928752739467 0.5214786555551648 0.06273705006002606 0.031490231573380933
0 0.5011800469245419 0.6395078338559412 0.10289891570107912 0.1775537631054801
6 0.42455317643337154 0.5005903181166155 0.0019707333209057487 0.015777356690854283
6 0.42566135252463283 0.5045556533113851 0.0025572553458768077 0.012399266998581515
6 0.42393490209991236 0.5006054069827802 0.0019208378315531682 0.01423655328514467
