7 0.6769254438732913 0.46251596384325716 0.014331669413488735 0.03272795712337184
7 0.5523698300771123 0.4366871797289001 0.005325633070677904 0.028172671961248175
7 0.6019332490976593 0.4366698533755766 0.005847598500314133 0.02818063904050544
7 0.3196019826963001 0.47248882921294155 0.01060350149181366 0.02407006045237875
7 0.28293688972146047 0.4433010855047508 0.006339835097707469 0.025192774099516646
7 0.30075645032275894 0.4479706047572051 0.005669531791013704 0.023097722312839464
7 0.2758679628187467 0.4627983038549849 0.014711727374509376 0.03248000722894989
7 0.4008629122173302 0.43830623200976015 0.005692487070439678 0.027441693832917113
7 0.3526235534938501 0.43832265477484234 0.006181916730712167 0.02743414699741148
7 0.7695427814062143 0.441840056777574 0.023599201067790343 0.05081427369846997
7 0.6893989829096359 0.4301051665574581 0.007461189549373248 0.031151322389254055
7 0.7124673453120466 0.42145686263867244 0.008676447799021103 0.03508506141514395
3 0.5194895305485314 0.5111069072949976 0.011192441894523508 0.02435341448795042
0 0.5002999069553116 0.6564022718308649 0.11315704674180826 0.17958326625755106
5 0.5269369533415073 0.5236866220751257 0.007587482244084454 0.021668672322363802
6 0.4303612821552546 0.5570079674416649 0.00932107680246147 0.07228611535519991
6 0.5958821243724426 0.5214359924255938 0.003882712031415436 0.02968376257045746
6 0.43345873044506555 0.5289506600810201 0.005675543114882331 0.01782199632107828
6 0.42457470099227484 0.5137369802040612 0.0025480205802868028 0.01875499486665222
6 0.41824178137444523 0.5127384084842019 0.002089402613898672 0.01733972761148983
