7 0.4808572123891649 0.4713559173203199 0.002331495244164483 0.01199701976727291
7 0.4815740721364923 0.4724876275106725 0.002232941091834195 0.01150012205707307
7 0.47192788462719215 0.47876055282714397 0.003095969207771221 0.01740075187267387
0 0.29274364544133646 0.5759026055931891 0.09697869368761355 0.08415913050417267
2 0.42419013773386915 0.5135998164855806 0.040059736624760756 0.022925511968050927
3 0.4261654993820852 0.5105196310882143 0.03596094391773608 0.026657142303872616
0 0.5032924566432702 0.5159648741943867 0.03196791370525498 0.0146864808529662
0 0.523962642294131 0.5196048054950635 0.013979159494217908 0.01932495142479318
5 0.560142362639805 0.5489925643838237 0.018018180935027384 0.0541451580231318
0 0.46602955585471445 0.5159901821718458 0.031586825973767385 0.01710060166530325
1 0.39468259902304037 0.5016004990747455 0.05954726138846628 0.04140304534324063
0 0.49988675360308055 0.6121587863742569 0.07854732709266227 0.13716402108399306
6 0.613373194309811 0.5202571461677328 0.0040454103180085355 0.03030953488974031
6 0.26321819581925904 0.5280070983699644 0.006278492077898212 0.04134754440471222
6 0.5710518823812637 0.5135434723904398 0.0024934660746804838 0.018635008482830617
6 0.268984821585171 0.5281539278532197 0.007108990510339641 0.041554785906287584
6 0.2466745145375042 0.5279118566911806 0.007144509917446251 0.04116307418980125
6 0.6063119065215583 0.5142472739363873 0.0030178298599562448 0.021771490204221755
