7 0.5641774296663971 0.4612907907628528 0.01588341842400698 0.03845872761048219
7 0.016904010556723515 0.4189092338101271 0.012568587204533216 0.0378891654025853
7 0.003549884114534349 0.44576613651469693 0.007099768229068698 0.05049359874528392
7 0.689442024747777 0.43259005225989183 0.027153948809576334 0.0646080883416349
0 0.6170565980701472 0.5413635785363891 0.05211706455378817 0.0333494175700465
0 0.20236233240740123 0.5604374545226165 0.0783489762309384 0.05541701352201722
0 0.6475482201606878 0.5464846732630069 0.06701540249364135 0.03265866622906599
5 0.6391044283572329 0.5623378069462694 0.047732712203879424 0.06065508553873078
3 0.6731906803933685 0.5354045893605852 0.05680539380397187 0.04233552194908752
0 0.4878048508494914 0.6149809274433626 0.07552415495542586 0.13241475934375302
6 0.7023292798032 0.5718739394028223 0.015606557913854457 0.0937429688283351
