7 0.6688314075281823 0.482020523999626 0.00694830099600674 0.016284487115759638
7 0.6051968646193786 0.46988565657595766 0.0025029225091529606 0.013587135565510278
7 0.6300410224769861 0.46964263449321353 0.0026678315050470136 0.013695358966803128
7 0.6663380553967813 0.513250920950872 0.0007399009164933412 0.0023220685177838263
7 0.47239378118390174 0.4832102785140484 0.006242665709648598 0.015245675054381236
7 0.5309258659661551 0.47097265669443794 0.002493496811450613 0.013104284322760007
7 0.5078730929740585 0.4711954473759261 0.002569134851738153 0.013005167483747637
7 0.6859982211876479 0.47804702469844995 0.00855106990923915 0.019727427924785268
7 0.6697859897671161 0.46778308033846216 0.0030724242839622606 0.01452023376149475
0 0.5359846280536192 0.5193705314355589 0.030828955976190953 0.017978553609821812
0 0.5712551193673854 0.6724535891758345 0.1246725661025917 0.20379140250812522
3 0.5609074504650788 0.5143193766789846 0.010222236792600925 0.019101091118567393
5 0.6141269597669663 0.5310926005403678 0.010270015478633931 0.028439268916716665
0 0.5356511604149474 0.5357790510205154 0.030717892829874582 0.03911554517069471
6 0.6139283413746557 0.5215532261353948 0.003172527452103613 0.026203620374720793
6 0.60012664939347 0.5213832043159028 0.003133227059434307 0.0259859020076042
