7 0.4734524671140917 0.48212134182840094 0.002544467660926697 0.01452943543735885
0 0.39339143773909224 0.5320985634138233 0.025119651010551358 0.03314826314779584
2 0.4322364517372219 0.5115439547695805 0.0339704044178486 0.019561569417344105
0 0.5186291152704621 0.5175124897135908 0.012426620041751213 0.017246668555141897
5 0.5508175532319799 0.5434327096080451 0.015613197233515952 0.04797574147438388
5 0.2993682720201105 0.5514019159856851 0.029734494278709167 0.05022904131064443
0 0.4979372902106921 0.5956204331653059 0.06649264161754131 0.11491226493841267
6 0.5837192708068624 0.5149163127676833 0.0028986952273919453 0.022767369828496253
6 0.32164740762540533 0.5206540180915536 0.005017363175157108 0.030552985214204798
6 0.326155559323982 0.5207212958779236 0.003783812698387734 0.030647087278496965
6 0.37639598426746634 0.512102896951824 0.0025415889784866086 0.018460898064993514
6 0.6505568663485701 0.535193867314252 0.006802019253739133 0.04648692154215894
6 0.05966556681176828 0.5455928101341879 0.013930943257030398 0.0657158579919841
6 0.33328460491809575 0.518253283473703 0.004209339462105388 0.027127984606023614
6 0.5655161615887474 0.511838743364694 0.0024404002171425354 0.01772931421174484
6 0.3635734483254821 0.515443976863727 0.003516149024852533 0.023179949896929175
