7 0.42637270239848085 0.4696584518851563 0.0028515535348598853 0.013397473445510844
7 0.42962976339165754 0.47105975033271863 0.002707179436561624 0.01278081207600279
7 0.43289653189510724 0.4953722368838944 0.004186452696255505 0.005127356252456916
7 0.555472044555638 0.48419941658025323 0.002774702761108583 0.013726820860137823
7 0.5030818141211035 0.4735045189111424 0.002203065688505812 0.011587954915741161
7 0.5237516756396936 0.4735116108365505 0.00228480707374612 0.011585866668285205
0 0.45570503785944 0.5205237825728345 0.015146042266255155 0.01816688299468283
5 0.5008534106019562 0.614259922754526 0.031801318291014735 0.13067304770284027
5 0.3337066870087827 0.5705884144315259 0.03563414887945682 0.07421278394261843
1 0.5852050872393111 0.5036475328002186 0.06748940296187089 0.049788959734809346
