7 0.578130336605878 0.49247938888321063 0.0028409332274887955 0.00726579471015365
7 0.5790917226119269 0.48599342755686237 0.0011464318018723496 0.006502687951003117
7 0.579153170987766 0.48632969627341943 0.001120570250088604 0.006355784011972565
7 0.6186897257995145 0.49107223227191693 0.0034440490085397846 0.008476737840071746
7 0.5855935650050786 0.4846101258167434 0.0012576905419463547 0.007107593701594861
7 0.598542174645891 0.48454344224526014 0.0013025982279872839 0.00713709871036694
7 0.6688314075281823 0.482020523999626 0.00694830099600674 0.016284487115759638
7 0.6051968646193786 0.46988565657595766 0.0025029225091529606 0.013587135565510278
7 0.6300410224769861 0.46964263449321353 0.0026678315050470136 0.013695358966803128
7 0.6663380553967813 0.513250920950872 0.0007399009164933412 0.0023220685177838263
7 0.47239378118390174 0.4832102785140484 0.006242665709648598 0.015245675054381236
7 0.5309258659661551 0.47097265669443794 0.002493496811450613 0.013104284322760007
7 0.5078730929740585 0.4711954473759261 0.002569134851738153 0.013005167483747637
7 0.5333125064161874 0.4980510798577029 0.0024046857175631375 0.002979577273209688
7 0.6859982211876479 0.47804702469844995 0.00855106990923915 0.019727427924785268
7 0.6697859897671161 0.46778308033846216 0.0030724242839622606 0.01452023376149475
3 0.5939939735248289 0.5086637930358493 0.0080295480334438 0.017653891289589607
0 0.6321304689359009 0.5105112132807388 0.016795557805289518 0.008686576027675419
0 0.5712551193673854 0.6724535891758345 0.1246725661025917 0.20379140250812522
3 0.5764269583571318 0.5170246970038991 0.024186230260086594 0.0230558537186083
2 0.5645833761275425 0.5085926545580649 0.019380145786595193 0.011926819308532677
5 0.6141269597669663 0.5310926005403678 0.010270015478633931 0.028439268916716665
0 0.4085944853234347 0.6414236443040102 0.15881721356767226 0.18636459957225904
6 0.6276626918052978 0.5093114006237058 0.0016368075296899764 0.011015330121634137
6 0.5160759838804174 0.5125714394409892 0.002041564645830607 0.01643152577895468
6 0.6239890608502159 0.5089295946701732 0.0014796662469334088 0.010115292846590185
6 0.6339835178776557 0.5130551748385408 0.002079025627839348 0.017110541538873036
