7 0.578130336605878 0.49247938888321063 0.0028409332274887955 0.00726579471015365
7 0.5790917226119269 0.48599342755686237 0.0011464318018723496 0.006502687951003117
7 0.579153170987766 0.48632969627341943 0.001120570250088604 0.006355784011972565
7 0.6186897257995145 0.49107223227191693 0.0034440490085397846 0.008476737840071746
7 0.5855935650050786 0.4846101258167434 0.0012576905419463547 0.007107593701594861
7 0.598542174645891 0.48454344224526014 0.0013025982279872839 0.00713709871036694
7 0.6688314075281823 0.482020523999626 0.00694830099600674 0.016284487115759638
7 0.6051968646193786 0.46988565657595766 0.0025029225091529606 0.013587135565510278
7 0.6300410224769861 0.46964263449321353 0.0026678315050470136 0.013695358966803128
7 0.6663380553967813 0.513250920950872 0.0007399009164933412 0.0023220685177838263
7 0.47239378118390174 0.4832102785140484 0.006242665709648598 0.015245675054381236
7 0.5309258659661551 0.47097265669443794 0.002493496811450613 0.013104284322760007
7 0.5078730929740585 0.4711954473759261 0.002569134851738153 0.013005167483747637
7 0.5333125064161874 0.4980510798577029 0.0024046857175631375 0.002979577273209688
7 0.6859982211876479 0.47804702469844995 0.00855106990923915 0.019727427924785268
7 0.6697859897671161 0.46778308033846216 0.0030724242839622606 0.01452023376149475
3 0.5938288729795603 0.5085085778718171 0.007863763070776963 0.017297867965259783
0 0.5712551193673854 0.6724535891758345 0.1246725661025917 0.20379140250812522
3 0.5881312223121224 0.5176382094948673 0.028187699798692845 0.023946899317053183
2 0.5569388173165262 0.5084723176719133 0.020108656537996428 0.011729890619572081
5 0.6141269597669663 0.5310926005403678 0.010270015478633931 0.028439268916716665
0 0.20690594575940874 0.7921524037836511 0.4138118915188175 0.4156951924326978
6 0.6257070736852304 0.5088229756812586 0.0016020713534053987 0.011114329647926469
6 0.5160759838804174 0.5125714394409892 0.002041564645830607 0.01643152577895468
6 0.6237764247176145 0.5090556503396371 0.0012614975099322079 0.01027348919538651
6 0.6280058741624173 0.5131889912273973 0.0024774720929517935 0.017296160359517865
