7 0.578130336605878 0.49247938888321063 0.0028409332274887955 0.00726579471015365
7 0.5790917226119269 0.48599342755686237 0.0011464318018723496 0.006502687951003117
7 0.579153170987766 0.48632969627341943 0.001120570250088604 0.006355784011972565
7 0.6186897257995145 0.49107223227191693 0.0034440490085397846 0.008476737840071746
7 0.5855935650050786 0.4846101258167434 0.0012576905419463547 0.007107593701594861
7 0.598542174645891 0.48454344224526014 0.0013025982279872839 0.00713709871036694
7 0.6688314075281823 0.482020523999626 0.00694830099600674 0.016284487115759638
7 0.6051968646193786 0.46988565657595766 0.0025029225091529606 0.013587135565510278
7 0.6300410224769861 0.46964263449321353 0.0026678315050470136 0.013695358966803128
7 0.6663380553967813 0.513250920950872 0.0007399009164933412 0.0023220685177838263
7 0.47239378118390174 0.4832102785140484 0.006242665709648598 0.015245675054381236
7 0.5309258659661551 0.47097265669443794 0.002493496811450613 0.013104284322760007
7 0.5078730929740585 0.4711954473759261 0.002569134851738153 0.013005167483747637
7 0.5333125064161874 0.4980510798577029 0.0024046857175631375 0.002979577273209688
7 0.6859982211876479 0.47804702469844995 0.00855106990923915 0.019727427924785268
7 0.6697859897671161 0.46778308033846216 0.0030724242839622606 0.01452023376149475
3 0.593744452428226 0.5084293035058793 0.007779145684636668 0.017116033102878014
0 0.5712551193673854 0.6724535891758345 0.1246725661025917 0.20379140250812522
3 0.646032374858903 0.5189951205764043 0.03386627074667792 0.02576888265141275
2 0.5296247140027032 0.5082459000642083 0.019531712861484918 0.011333370608124782
5 0.6141269581952287 0.5310795287294497 0.01027001524317328 0.028438669020523832
6 0.612428435104134 0.5089891433243681 0.0018272633783893433 0.011351382184393577
6 0.5311185763604729 0.5141655510688854 0.002100251850444601 0.016797832078689345
6 0.4739607292713036 0.5161223428277149 0.0030598816738519052 0.00991482703653912
