7 0.578130336605878 0.49247938888321063 0.0028409332274887955 0.00726579471015365
7 0.5790917226119269 0.48599342755686237 0.0011464318018723496 0.006502687951003117
7 0.579153170987766 0.48632969627341943 0.001120570250088604 0.006355784011972565
7 0.6186897257995145 0.49107223227191693 0.0034440490085397846 0.008476737840071746
7 0.5855935650050786 0.4846101258167434 0.0012576905419463547 0.007107593701594861
7 0.598542174645891 0.48454344224526014 0.0013025982279872839 0.00713709871036694
7 0.6688314075281823 0.482020523999626 0.00694830099600674 0.016284487115759638
7 0.6051968646193786 0.46988565657595766 0.0025029225091529606 0.013587135565510278
7 0.6300410224769861 0.46964263449321353 0.0026678315050470136 0.013695358966803128
7 0.6663380553967813 0.513250920950872 0.0007399009164933412 0.0023220685177838263
7 0.47239378118390174 0.4832102785140484 0.006242665709648598 0.015245675054381236
7 0.5309258659661551 0.47097265669443794 0.002493496811450613 0.013104284322760007
7 0.5078730929740585 0.4711954473759261 0.002569134851738153 0.013005167483747637
7 0.5333125064161874 0.4980510798577029 0.0024046857175631375 0.002979577273209688
7 0.6859982211876479 0.47804702469844995 0.00855106990923915 0.019727427924785268
7 0.6697859897671161 0.46778308033846216 0.0030724242839622606 0.01452023376149475
3 0.593744452428226 0.5084293035058793 0.007779145684636668 0.017116033102878014
5 0.628777005407237 0.5096751324854856 0.005896169885068692 0.008645384743402929
0 0.5721323247616439 0.6535427224861797 0.11025470120335967 0.17731249356424938
3 0.6942110230503171 0.5192772993010879 0.03635449387294176 0.026065650986498046
2 0.5105894125673784 0.5081911572941809 0.019267731785524767 0.011243700409007795
5 0.6115754758029323 0.5287878924274911 0.009385430275173912 0.026419492457679716
6 0.5458654784048387 0.5142297408948899 0.0020415128296700225 0.016874469890959976
6 0.4857772640555169 0.5161925305969509 0.0029045810941364936 0.009957178422387969
