7 0.482731991526973 0.4830476891102553 0.0013042511405829682 0.007306466098356945
7 0.4830970077915253 0.48347659546142074 0.0012700292254771983 0.007119124243064601
7 0.5254703701802559 0.488762944935321 0.003747116144732665 0.009508251426151748
7 0.48881241485036064 0.48130197205277414 0.0014208477616630688 0.008069500072235669
7 0.5032438379371194 0.48130483344165564 0.00141414131303097 0.0080681187828055
7 0.5795110487402044 0.4757120209115977 0.008493134186092433 0.02074684051173864
7 0.49994041346933327 0.4593457721251135 0.003063294427851082 0.017748613922696943
7 0.5314046717873647 0.4593601438398309 0.0032698937942694517 0.017741943824048756
7 0.34466279821498524 0.4801048728604063 0.007348496680743499 0.016959279663736337
7 0.32478571724772454 0.46200859045677634 0.003920243291077152 0.01656826425869351
7 0.3343566795053595 0.46411363696099783 0.0036460405634782256 0.015635390133126814
7 0.3231634127248441 0.4757259023610322 0.009117565861515242 0.02073939456299395
7 0.4033994855870603 0.4599406637763168 0.003616411538601927 0.01748524324993883
7 0.37233704353745734 0.4599267018467458 0.003822329361258592 0.01749172505907365
7 0.43001021321365085 0.4887651269312706 0.0038685588369096746 0.00950807726128905
7 0.4332464715188582 0.48262842622600344 0.001477591105303433 0.007490093138097509
7 0.43148925058656695 0.4821533318486989 0.0015234190380613577 0.007697751669646147
7 0.4294074353256182 0.49651092287150955 0.0028135037671008223 0.0034374778214407153
7 0.6019026588711631 0.4687270742224456 0.01113146367835871 0.026793428319712098
7 0.5807092814489057 0.4568450139369249 0.003818586301835847 0.018859905826319523
0 0.5007764601881501 0.510045291069502 0.013280045616287484 0.013075180527464703
0 0.45001810670817144 0.5190687254068735 0.015172737646430678 0.01893990847292404
0 0.9388482921864588 0.6066312049466158 0.12230341562708236 0.0910634451764466
0 0.4773214431904592 0.5231423639487978 0.032757673853394065 0.02314321006269826
0 0.41473028834694037 0.5327964643682958 0.03419600910400172 0.037314386192701665
4 0.49882156711189835 0.5452162742674023 0.01458133498300207 0.04750803251261304
0 0.4777869881578455 0.5148798069701332 0.012482221357693557 0.015780232888688794
6 0.4143172125082982 0.5097369355757784 0.0018822622301340464 0.013959043964821949
6 0.4233389882583358 0.5101441853202535 0.0021538234866505523 0.014539356013977378
6 0.42745566322109213 0.507202143472933 0.0013396672920990005 0.01036795150714176
