7 0.6819901254298302 0.4885738317713233 0.002051117405641123 0.010165412295231824
7 0.6572856109844933 0.48090602191055987 0.001732191733527344 0.008477470378386753
7 0.6814746476715354 0.496809264970161 0.0031297595281765123 0.0036661538321718923
7 0.623219581063901 0.4886466437468197 0.0017182237014514712 0.00991063521398694
7 0.6238115758224517 0.47945133175505733 0.0017880728807846413 0.009016615545687112
7 0.6242000014843033 0.4800777479699412 0.0017334411011387107 0.008742756816027819
7 0.618143456187197 0.48589320274446735 0.0021658480902094768 0.012285661940882375
0 0.48914887236841653 0.5124483897555867 0.016929905189128125 0.01081800038732228
0 0.4700704923592278 0.5113647066421637 0.015610869142983652 0.010539690572992866
0 0.634439697411165 0.5138917702989516 0.018406341541521543 0.01274749781900053
0 0.6146046956542731 0.5127266234073946 0.01771940541652417 0.011957090184352759
0 0.7197465627233854 0.5138741021253114 0.026671749808275136 0.01316128907179559
0 0.796837543900142 0.6304997287353835 0.13157096997741713 0.15041524172567167
2 0.4804152642708228 0.5102135694013816 0.027625891998272756 0.015686263709786763
0 0.6778756394796153 0.5212164164965946 0.029986584520512727 0.02804509627880747
0 0.5864499808660084 0.5124550914460814 0.01635189434402562 0.011592888174434046
4 0.6594346783539304 0.5139841618524128 0.006170599510664565 0.014146173562082365
6 0.30014780435167415 0.5349498997222126 0.008434262378379298 0.04971446821301018
6 0.5104901225301601 0.5111168185529904 0.0022531879717688774 0.015523217251717347
6 0.5425636661719073 0.5108308041019463 0.00177208907019899 0.01355806576050711
6 0.40149741747729123 0.5241912711935912 0.005278627833513183 0.03425241537940982
6 0.785890868955219 0.5284043867243786 0.006869698320939532 0.04028551254505475
6 0.5038758228894022 0.5156956019135086 0.0031415759649058295 0.022075248540645687
6 0.517421712909182 0.5142916378642486 0.003073233577848611 0.009249556711228402
6 0.6921978719894892 0.5114158779947593 0.0017887064034434186 0.014309568654553684
6 0.7743034274766112 0.5281260029290559 0.005605665221071865 0.039910764553897415
