7 0.4852357548659169 0.4885745391026733 0.0036382838187334343 0.009318377338822459
7 0.4854686483431513 0.47991595919113406 0.0015212133490012936 0.008495787044911995
7 0.48595236857200386 0.4804929494285858 0.0014748691919533319 0.00824354595062099
7 0.535715848139322 0.4863275423656167 0.0044506897730672845 0.011244570890907357
7 0.49239465587945985 0.4775140726443305 0.0016829554717461281 0.009546933454610773
7 0.5094488728621631 0.47751129558199373 0.0016765854616525022 0.009548163871081039
7 0.6265386090761922 0.4630779679863174 0.013209765797714379 0.0313071977661572
7 0.5069389413437305 0.43839621899291503 0.004632672341636335 0.026920430745898394
7 0.5543347810926584 0.4383745326755887 0.005110854698399003 0.026930234458162616
7 0.6219596194563028 0.5229637879277353 0.001427252148378244 0.004467010180324915
7 0.29371456076651514 0.47234734600337824 0.010447804177392328 0.023278939806660348
7 0.252770104025066 0.44450746931449636 0.006361781092255464 0.024174495941999108
7 0.27234608884190104 0.4488314384376221 0.005699861970469455 0.022238838909230785
7 0.29266952859485196 0.5170993630061836 0.0009767710702865418 0.0033563980354731626
7 0.2431629537329829 0.46336553722955653 0.01439227026248982 0.03105694700020084
7 0.3630280931737301 0.439897482345844 0.005821178479965605 0.026244722959799238
7 0.3168784074830815 0.4399180824767679 0.006268353748058064 0.02623541914997668
7 0.4230688966418563 0.48635619530675034 0.004598531124238303 0.011219824310373105
7 0.42777666252793284 0.4793680690844214 0.001753551664754105 0.008735356063639343
7 0.42538846251999374 0.478719534837301 0.0018181762531275236 0.009019108254283204
7 0.42239988594398936 0.4954939961288205 0.0033324723928196964 0.004052687721360748
7 0.6329383540651558 0.4323799743827546 0.00647933861752259 0.029634957895244618
7 0.648165029852807 0.42457438898240746 0.007419597537903777 0.03317353167566395
0 0.4509394363331589 0.5199378743766798 0.01769130998641688 0.020694336471919983
0 0.4827895368121047 0.5135013016004513 0.01133454956317237 0.018141272795490715
1 0.14916191279554314 0.5048986827080214 0.13578985333068158 0.0827686624599066
5 0.5005640963980107 0.8139437886644625 0.12440083920425171 0.37211242267107514
0 0.5003334240270019 0.6406473959524401 0.09452797387733941 0.16288019463102055
3 0.3618303391100017 0.551638424008607 0.05861119563422024 0.07759941027168471
0 0.48450395585088246 0.5138946058776683 0.01024716987455615 0.014069850345583834
6 0.6141734519792935 0.5197928249558816 0.003990629024225756 0.028846125030514425
6 0.42249973241808103 0.5078427788449851 0.0015565635178484971 0.011857783912065711
6 0.50651465059117 0.5144506228551948 0.0023275056438769592 0.009031813347045059
6 0.11822550997218534 0.5204652887599153 0.005495115404192619 0.029820877711604465
6 0.3408264434037219 0.5566586331536789 0.014143732722041169 0.07402832877164711
6 0.1073490986883363 0.5454577083852541 0.013178778455376405 0.0654912080989214
