7 0.4852357548659169 0.4885745391026733 0.0036382838187334343 0.009318377338822459
7 0.4854686483431513 0.47991595919113406 0.0015212133490012936 0.008495787044911995
7 0.48595236857200386 0.4804929494285858 0.0014748691919533319 0.00824354595062099
7 0.535715848139322 0.4863275423656167 0.0044506897730672845 0.011244570890907357
7 0.49239465587945985 0.4775140726443305 0.0016829554717461281 0.009546933454610773
7 0.5094488728621631 0.47751129558199373 0.0016765854616525022 0.009548163871081039
7 0.6265386090761922 0.4630779679863174 0.013209765797714379 0.0313071977661572
7 0.5069389413437305 0.43839621899291503 0.004632672341636335 0.026920430745898394
7 0.5543347810926584 0.4383745326755887 0.005110854698399003 0.026930234458162616
7 0.6219596194563028 0.5229637879277353 0.001427252148378244 0.004467010180324915
7 0.29371456076651514 0.47234734600337824 0.010447804177392328 0.023278939806660348
7 0.252770104025066 0.44450746931449636 0.006361781092255464 0.024174495941999108
7 0.27234608884190104 0.4488314384376221 0.005699861970469455 0.022238838909230785
7 0.29266952859485196 0.5170993630061836 0.0009767710702865418 0.0033563980354731626
7 0.2431629537329829 0.46336553722955653 0.01439227026248982 0.03105694700020084
7 0.3630280931737301 0.439897482345844 0.005821178479965605 0.026244722959799238
7 0.3168784074830815 0.4399180824767679 0.006268353748058064 0.02623541914997668
7 0.4230688966418563 0.48635619530675034 0.004598531124238303 0.011219824310373105
7 0.42777666252793284 0.4793680690844214 0.001753551664754105 0.008735356063639343
7 0.42538846251999374 0.478719534837301 0.0018181762531275236 0.009019108254283204
7 0.42239988594398936 0.4954939961288205 0.0033324723928196964 0.004052687721360748
7 0.6329383540651558 0.4323799743827546 0.00647933861752259 0.029634957895244618
7 0.648165029852807 0.42457438898240746 0.007419597537903777 0.03317353167566395
0 0.4509394363331589 0.5199378743766798 0.01769130998641688 0.020694336471919983
0 0.48217530667961817 0.5138817173649842 0.011667622821008972 0.018644513376907534
1 0.14916224681540474 0.5048994646611634 0.1357894924504719 0.08276866447736286
5 0.5005644190646268 0.8139684565484406 0.12440021536322021 0.3720630869031186
0 0.5004131674228509 0.6672239659107202 0.11375156913607642 0.19975531190753504
3 0.3633724580188293 0.5507943761657057 0.05814402330192325 0.07641728554907967
4 0.5017364693791002 0.5134158021487732 0.0029307293203790774 0.01440219807899834
0 0.48398162421742463 0.5142527621506121 0.010524711754208826 0.014433109109792341
6 0.5982696234886489 0.5197888556873611 0.0038846379988108914 0.028840533150088832
6 0.6747421458226187 0.5202259660994976 0.004371212156246029 0.029465775522986792
6 0.42249973241808103 0.5078427788449851 0.0015565635178484971 0.011857783912065711
6 0.7322443540634804 0.5519226621787157 0.009906366255819976 0.07489881811635224
6 0.34327775369216834 0.5507889078555152 0.01528427069745697 0.07161476895747976
6 0.1716276646793803 0.547733334693665 0.012618937360787091 0.06706521362878404
