7 0.4996144759262845 0.4887373932474953 0.0036406321238910966 0.00942469910107907
7 0.5008678135732427 0.47995674606005934 0.001494406137412363 0.008600703938882903
7 0.5009392352910652 0.48055042409332205 0.0014496094820823924 0.008342293267048329
7 0.5535126233130202 0.4864118720156763 0.004574299668026471 0.011403183406850093
7 0.5096357255185493 0.47747963393534937 0.0016950821860675092 0.009680090354474591
7 0.5269265384602619 0.4774745521095862 0.0017589976712190092 0.009682290125014648
7 0.6780552448072261 0.46170579933341077 0.01426741733195691 0.032573238637041646
7 0.554062638300685 0.43606400814962576 0.005293788241316766 0.028010549901233917
7 0.6033722106170705 0.4360228326853869 0.005813313748566751 0.02802899194341618
7 0.6733414888035728 0.5239791318833211 0.0015671938840833288 0.004646223565809904
7 0.32263672236567986 0.47175437514285107 0.010517583927081298 0.023930441060114105
7 0.2864896010850819 0.4427555501640611 0.006269151718945765 0.025012940460563293
7 0.3040541025317727 0.44738620383916766 0.005611901859108703 0.02294650731468817
7 0.3217557979588044 0.5177463295886006 0.0009502775251848394 0.003450458467229911
7 0.27962114466380783 0.4621039693477439 0.014553754286289966 0.032230638209707785
7 0.40353736432460907 0.4377439842095206 0.005640804985381498 0.027256736874410326
7 0.35567967709294934 0.43778295497258884 0.0061186226601314675 0.027239304283024124
7 0.43929570645561145 0.486450508748557 0.004604496152446458 0.011370517066542407
7 0.4428670362385303 0.479399419687946 0.0017286429445933504 0.008843447681743277
7 0.44089602225741154 0.478731605307097 0.00179181004628709 0.009134377542656114
7 0.43856720791498377 0.4957106787831115 0.0033495588482611582 0.004106824474925219
7 0.7695658451961598 0.44109739250270796 0.02342284705454345 0.050440530665994465
7 0.6903706437338848 0.42945659259251157 0.007414687395906339 0.030984264097861647
7 0.7131866165189138 0.4208611233917749 0.008614141859713542 0.034873174609730495
7 0.7647403864076138 0.5363874830976173 0.0022590255215613197 0.0071178448252111615
0 0.48165412133610164 0.5168457026731554 0.013508658013879238 0.017177727123145137
0 0.5030231775248581 0.5145084922918387 0.010664637189371995 0.014727349088985875
0 0.5216017949355543 0.5137317005954348 0.010675691819190924 0.0182260023860219
5 0.7390444974344081 0.5308032818007609 0.024215560100571465 0.031278200291575575
0 0.5022772153493198 0.6646986986786396 0.13139163260287218 0.22484497912130652
6 0.377793730551949 0.5204750826107969 0.0035866450544737583 0.029585276738623323
6 0.3939066993455509 0.5185071948407001 0.003705454866841429 0.026746480632062863
