7 0.6521178177833513 0.48540152364060585 0.001223605675524042 0.0066421030716494744
7 0.7173186267048869 0.48408207545374293 0.006165607771466686 0.014237303531335677
7 0.5521503994758024 0.48761368964443697 0.004634406939931446 0.011283833528671183
0 0.6590429708216976 0.5104946913530481 0.008175398176973214 0.00915303394641842
5 0.5250415035511473 0.5472839841289598 0.025417796049158614 0.048023483141936385
0 0.6473385789013699 0.5103242623828415 0.006811973207191402 0.008978778285157474
1 0.6148480195395651 0.503376186774974 0.05372133913804977 0.04075798941146114
0 0.6584247985748782 0.5113363575817185 0.007652322452778915 0.009957973266529474
0 0.6714714158152295 0.508667475791561 0.014493745924734736 0.010213540576635372
0 0.24987345119061694 0.6717842678260084 0.2654770085011954 0.22278134053223553
0 0.6439149928195593 0.5115087233619662 0.008778220945105275 0.011571944041184445
6 0.8158465321687312 0.5407237929744018 0.00795176055442448 0.05711190858416182
