7 0.26378639418775773 0.356231302768187 0.016610888367429633 0.0654204666448871
7 0.30193647643696897 0.3826360946331172 0.012862036472972072 0.05297967709109924
7 0.592963385756486 0.448621635290512 0.011248862316462493 0.04657824214538847
7 0.48805592055282504 0.41173622237710655 0.007562279192697807 0.039951663727460174
7 0.5906232410217098 0.4855340990189864 0.013504359968405266 0.01635665249676488
0 0.697468601023102 0.6738373902284035 0.23694321203474966 0.20558394333678542
3 0.11886507728511708 0.5803874507648753 0.11009524535573606 0.12085525722178403
6 0.8587134341111051 0.5401601565877625 0.01103746762071145 0.05650216804168029
6 0.7015035260790912 0.5657254924380981 0.013018068971063612 0.08368129168853145
6 0.8207506020714583 0.5961418752630121 0.023286469906838025 0.12708868276869412
6 0.813037300779385 0.5393497211150202 0.010148867953139074 0.055284298217983086
6 0.8826973823916469 0.6090856861914054 0.02906489461037165 0.14767475740541913
