7 0.6364418986674607 0.48618438845037515 0.001152808796008098 0.0063145783946126355
7 0.6366241050095627 0.48649318843323 0.0011280274640470545 0.006179599499652022
7 0.6754638645843825 0.4910738441917055 0.0034422645214191583 0.008265663587569527
7 0.6423950124383706 0.48489662355765184 0.0012439901359143635 0.006877693017725173
7 0.655269841100202 0.4847867234048967 0.0012804154114759436 0.006925481547499557
7 0.7166532028207893 0.48301520595457614 0.0066382128782304095 0.01522174936814158
7 0.6556348217818088 0.472053172760183 0.0023051141038987755 0.012529407565395001
7 0.6792472190550659 0.4716914947655942 0.0024709649385556975 0.012688902232934396
7 0.5330450138276368 0.48473930525103126 0.005624609724332763 0.013737916792636418
7 0.5863962639183391 0.4734088725634818 0.0023230906633138204 0.011931534350146267
7 0.5652446491707542 0.47372938429166855 0.002361739358267778 0.011790403954874962
7 0.5916976211125041 0.49151285354894525 0.0032003862965541696 0.007891951518679885
7 0.5934948104233648 0.4862349612580029 0.0012207030453778023 0.006293506507670188
7 0.592355899758364 0.48591466973879816 0.0012496295895750853 0.006433563523365438
7 0.5911529640181453 0.4979350125580191 0.002336913540397223 0.002853030424568137
7 0.7165627554405964 0.4698917149526105 0.0028536179535353368 0.013485258198984995
7 0.720012056559038 0.4684043444627505 0.0030134552173538554 0.014144969639690974
0 0.6515544199168395 0.5107047735625874 0.01112736702278061 0.009315286353569818
5 0.44277899349010064 0.5774810960611261 0.045702323809233836 0.08180321797861934
0 0.6378262942633044 0.5105138899140858 0.007056837600528776 0.009131408139560038
1 0.6182572939805178 0.5035333380726175 0.0469722589665762 0.043134730671075816
0 0.6497812711335194 0.5116045022832372 0.007691689538750546 0.010180497163574498
0 0.6698926859381458 0.5089030189001447 0.016021196670533144 0.01042822803472665
6 0.5855293060591418 0.5081034139431274 0.0011969663744415548 0.009407001950776372
6 0.8795796882607999 0.5491873790557082 0.010875707320957995 0.06903601399526804
6 0.9008535176696757 0.5471000378074934 0.013428209621199727 0.06596791006648761
6 0.5839347976209874 0.5091460376190733 0.0016584442755177564 0.011920011317609558
