7 0.34229998478908674 0.4756798397383878 0.0018800571108200104 0.010073239049516514
7 0.342855133068997 0.47645260310756776 0.0018148248973872683 0.00973344376425439
7 0.5572582938661645 0.4468066729658208 0.01864425210103071 0.04544564206137397
7 0.010696061074063993 0.4532591754173121 0.021392122148127985 0.039341414402333186
7 0.11739326003165078 0.3920854545899378 0.013404153618456371 0.04810121145684826
7 0.016246653544142668 0.3869914530587514 0.01627459057888945 0.05047172822911267
7 0.7247001845895593 0.4012720887663873 0.0361888033992489 0.08680060560473829
7 0.6170882728783276 0.3805608600414597 0.012809235130315288 0.0537409620999823
0 0.3193480203555878 0.5312496442322507 0.029174878321133413 0.043758418263004306
1 0.3381274512906234 0.5021457044426962 0.029666212984911233 0.052047388838157016
0 0.3631865289979832 0.5176940127458829 0.013384106273229335 0.01672954811699401
0 0.23266115978696034 0.5123150793563715 0.028230319582559893 0.01446857272000468
