7 0.5880826336097824 0.4629640180702722 0.007297245431291732 0.032746299066022944
7 0.513457736334638 0.43760394809910097 0.00529064050340855 0.027697335429973602
7 0.5864576525520829 0.4891391577937459 0.009557526985515707 0.011606482674659468
7 0.5833347417024568 0.5246995691401011 0.0014092392249555052 0.0045982345162821625
7 0.40628212497016614 0.4616558623329794 0.007492348140578364 0.03329325433335367
7 0.38206334024527555 0.4153525891833293 0.008386864161012919 0.03741351491027861
7 0.39556500222721963 0.42516348004146615 0.007264630292848295 0.032973251668678705
7 0.21503203386346192 0.3870650735275758 0.035750733231595916 0.1023782131779169
7 0.32658350270338765 0.39296504494181306 0.011490734862605378 0.04764816191426807
7 0.2924528137874679 0.371697816729695 0.014424725111396308 0.05750216367509309
0 0.5577108010838951 0.5790662055756257 0.08249216154192929 0.08560503749521597
0 0.3715252143794071 0.6038470718975542 0.086411578960158 0.11981745735757043
