7 0.6065950737785566 0.46891527659244964 0.006232809236797365 0.02617227332805072
7 0.5469211363743578 0.4485978176760639 0.004497489592145687 0.022118558587663817
7 0.6052693345632795 0.4899112867384787 0.007756643995363577 0.009321490032059843
7 0.6027919811317021 0.5184712420633754 0.0011577042073882549 0.003686157513843158
7 0.4612459963784078 0.46791181082760164 0.004900936397429778 0.02652094091138668
7 0.45679579827212824 0.4349231523901358 0.005587923308679632 0.027907055761089816
7 0.460550646076632 0.4406684976848346 0.005055311260080242 0.025359265043006285
7 0.46140898439574834 0.5182260319195746 0.00073943689213396 0.003772699543727165
7 0.4114373229634878 0.4330494777202114 0.012438145242396503 0.05740593685196721
7 0.43159633747159887 0.42297378207559533 0.00691118812089675 0.03323371145333859
7 0.4227327830904273 0.41291894626865966 0.007936364457312717 0.037748757143929224
7 0.4120812337505537 0.5385213186676683 0.0017338642635186252 0.007852773059353058
0 0.5001714528070095 0.6565252319002419 0.12190474352727931 0.1969596062315695
0 0.2713676972038258 0.534544222260918 0.06533706067328501 0.04797808004724258
0 0.8283207098982035 0.5365704896578771 0.07411078105463498 0.03411675134750347
6 0.7694538562260915 0.5650861999394703 0.01694104782588901 0.09653263780962185
6 0.4406278683372876 0.5676609908647893 0.009863129487413247 0.05792245065840129
6 0.7299743562510999 0.555903806545808 0.01208811641400065 0.03896070919283401
6 0.8407037083384259 0.5220869025940802 0.006301118870751132 0.03340348749870847
6 0.6874651286255159 0.535875024487896 0.007350367792730905 0.04894809765958097
6 0.1051973432893554 0.5509234924993625 0.013388758083443184 0.07650479629210027
