7 0.41308516798147243 0.47867706155613154 0.003800999705401431 0.017290922400280795
7 0.40382888015561474 0.46031641919346133 0.0036708265563282216 0.016746329578485264
7 0.4088861875012071 0.46249348034119675 0.0034367330453834444 0.01579380343864778
7 0.4141251433694724 0.49258468146687795 0.005135629245198281 0.006236281191180748
7 0.5624041834054332 0.47909941073324835 0.0034741345741841068 0.01655778814283282
7 0.499389710921334 0.4662271600405058 0.0026588943204410853 0.013993676700753743
7 0.5242878749104777 0.4662296040189591 0.002775158018074375 0.013985123828101687
0 0.6009908636753568 0.5253756233558615 0.04415634104495969 0.026415708137642047
0 0.7059119148692679 0.5203931850498689 0.04137006936776588 0.022899177838077045
0 0.5201321750558973 0.5130329645859157 0.0206250288676455 0.017205078519299533
