7 0.4731646496293593 0.47941464097324366 0.0026975884696732733 0.015359363111687396
0 0.6974195636341098 0.6666899567270861 0.1926054776360725 0.21439046893557467
0 0.36811625490987265 0.5290661126908248 0.03850221791478986 0.036004481682566425
0 0.43270294904202344 0.5169646625703486 0.01945504894972183 0.02400023353456937
0 0.4977755391532208 0.5203658177771038 0.016282031413925868 0.022812854568456276
6 0.5826391294311261 0.510739903275018 0.0022219227288478027 0.019078396894072536
6 0.7249514948782456 0.5441665345100317 0.011431113982210195 0.06811125000090978
6 0.6828684601185553 0.5409551100457244 0.008877055671936085 0.056651575792106
6 0.3506028584054617 0.5116851076378863 0.0032811719177343046 0.020589951180260746
6 0.5497281648243837 0.5147889498410851 0.00309116633081008 0.014306659214089579
6 0.7943613198879276 0.5127108496210162 0.0033644789929309082 0.019561776340691672
6 0.10717450635371024 0.5457826822339138 0.014571245120436283 0.03275421584578875
6 0.5185764087893854 0.5170544132633864 0.003906819472105916 0.012290988811602066
6 0.37419836706072174 0.5112927129355246 0.0025853329716635787 0.01823063624874144
