7 0.32312333934089843 0.45606868551570484 0.010513058843702738 0.036820612448441814
7 0.26455199207524493 0.4015153568997526 0.011264059474568155 0.04287769373479361
7 0.294753301792427 0.41420144006570153 0.009417509790237866 0.03714655683658352
7 0.32433439561353566 0.4852307383493641 0.011334813184529668 0.013168726554990684
7 0.6303170217304461 0.45898546954818237 0.008621830285102217 0.03376801243453331
7 0.5037504738628305 0.4327437630382485 0.005375989144997373 0.02857914778940851
7 0.5540106170050019 0.43280010295305804 0.0058598558566397285 0.028561299435720777
7 0.6254613507060085 0.5224983608006719 0.001522403109899817 0.004728040055650418
0 0.33963216025581594 0.618839112359538 0.15888957486851452 0.20112725535959364
0 0.5796303649687657 0.522407675394331 0.03010647770934194 0.020521595062462317
0 0.950053392530107 0.5506398858452278 0.09989321493978598 0.05239679362386873
0 0.6396645739045329 0.5201124607192373 0.036084884926308236 0.022880064116036603
