7 0.4200300239839576 0.47001960239010954 0.006045543031788392 0.028052864727070692
7 0.4043844193315711 0.43437235285545367 0.006528816447658015 0.02995377243894548
7 0.41331984331568455 0.440847605033851 0.005822857245262547 0.027038059481601373
7 0.3130019797656354 0.42929446826664264 0.018736805754986208 0.06509683847431613
7 0.366524506296065 0.42063421839057014 0.008318761293288346 0.036179223873608
7 0.34743014392355054 0.4087778707369647 0.009797152242198959 0.04159497813688667
7 0.5740740973554967 0.47106091295058783 0.0059155581181536965 0.027652687635600193
7 0.510760564245569 0.4496083496197173 0.004465397677735794 0.02337980548666513
7 0.5727198967029643 0.4932369529116529 0.008054937982945987 0.009839890878018787
7 0.5700526441630112 0.5234025987727385 0.0011786883137701043 0.003896014577911888
2 0.44170584390568535 0.5176364204576481 0.10195499095924265 0.07861718281501023
0 0.45062799416996924 0.5432218785933352 0.05295027787849965 0.039868048740697826
0 0.8472446558974279 0.5447231165440563 0.09209103900921733 0.04708527372561766
0 0.49900639674690184 0.8052690382845868 0.35092950260339467 0.3894619234308263
3 0.2617535525815129 0.6918837851921014 0.23010837591912525 0.3090493946219329
0 0.697730457703291 0.5419148970508505 0.08016725519475099 0.05209654500553795
6 0.09767899038311582 0.5416088849786159 0.009695704177030029 0.05139188442626219
6 0.07928061465442726 0.5519955538175834 0.013791937426813353 0.03132041093462756
6 0.20873243329543015 0.5784693999509987 0.015688541437337167 0.09791152026525163
6 0.0773995231476127 0.5274793281018486 0.007478354067989579 0.03578787669400807
6 0.6831829807394818 0.5490379301250208 0.010386332917073915 0.06483255740801486
