7 0.5247672993989074 0.45133218129264935 0.017380500742736782 0.04261437972487492
7 0.35868989596441436 0.4083498374339667 0.007575210805416788 0.04127248632791242
7 0.429349023189991 0.4124115209191098 0.007899717650235616 0.039379437600478906
7 0.5191714785371264 0.5319180442180171 0.0019367151487855727 0.006064494707076817
7 0.09927925234098489 0.397042982967744 0.012997198864280371 0.04657516035836862
7 0.002771022188611049 0.39138952688202655 0.005542044377222098 0.049245088215317534
7 0.6675837758983021 0.41435794809758936 0.03095826948955671 0.07604216019886678
7 0.5434868826674225 0.40696061531158856 0.009519620736356815 0.04192301803103343
7 0.5775207332830474 0.3921396192158166 0.011419910421051171 0.048894498463026514
7 0.6596943610919871 0.5543207792180227 0.0033004580536009076 0.010535414939767729
3 0.33584747584560903 0.5167597792829322 0.014651469892912106 0.024753103072848504
1 0.30177318226689953 0.5051949978701875 0.04144827305910881 0.07283910164635266
0 0.336366402449661 0.5236119546270839 0.016817857957903526 0.020982334693594784
5 0.22153760125803124 0.530852135572096 0.014168743041670706 0.031364849166226616
3 0.2582131343883632 0.5296633757356342 0.025434793657197252 0.04284429235454634
0 0.3358441732181149 0.5163335411368235 0.01571894082824382 0.017370026997837407
6 0.2666738560381315 0.5318737065307619 0.006006843410925167 0.04091663304415516
6 0.3369830955971429 0.5310309104626754 0.004883154325709682 0.039541159658059155
6 0.7321031292465794 0.5205794003592965 0.005082466985196654 0.028882073311503276
