7 0.40612871791484445 0.4803842515797227 0.003502737625282748 0.015317258012616408
7 0.39652485159318596 0.4646997335985089 0.003257333173471877 0.014590276495632326
7 0.40155604387340194 0.46635307511483404 0.0030722366165576998 0.013861912385508823
7 0.40699473967856614 0.49272904194534717 0.004576689939763734 0.005527749108693081
7 0.539812148205731 0.4807201898032233 0.002802445237624629 0.014773401981290346
7 0.48338021011189575 0.4692194485236133 0.0024114687690643954 0.012471820721392635
7 0.5056184647781996 0.469224635527524 0.0023773333619179216 0.012470044960993909
3 0.39737993002197347 0.5369056725093633 0.04491006218123966 0.05800617645928152
0 0.4390226257620375 0.5163034892396718 0.015433677033620086 0.0172613369718827
0 0.4274307525956234 0.5655044800619249 0.05880821804180847 0.06766485618235507
0 0.46192783026088546 0.531939279236669 0.025062914683486925 0.03642978477591163
0 0.5030688197924162 0.5296443011201528 0.023797359947551777 0.04173674997160093
0 0.4517818209714769 0.5416266740571902 0.03535742950617671 0.044662404746062756
0 0.5041795057576708 0.5703108041780022 0.05565561692630905 0.10082290011668915
0 0.46958643648043497 0.5247747143266321 0.023608242462699658 0.029916413804189745
0 0.4491403135140154 0.5141658235708046 0.017534975334327407 0.014973669600012562
0 0.5027047502383976 0.5241178000751177 0.021239182184017436 0.02929511944024432
6 0.5898260428053774 0.5253607270833549 0.005323365362376764 0.017885135190882306
