7 0.4244184326882474 0.47035285846502783 0.005618855757693164 0.026467551688266477
7 0.41095536630920715 0.4376001375883507 0.006010142468450996 0.02784347697359363
7 0.4187376115290662 0.4432519995082753 0.005405373432962157 0.025306607217640942
7 0.33478249202041693 0.43637433585777524 0.015615547081284986 0.05716384100155347
7 0.3774249310263223 0.425852041221543 0.007505955349435989 0.03314561970080587
7 0.3615420257905807 0.41597141928823833 0.008697870111937067 0.03763553269517017
7 0.3366636287991196 0.5415251191723267 0.0020515655120157406 0.00783850731435709
7 0.5699873750745024 0.47131875088513864 0.005508911194907817 0.026110250797151513
7 0.5101303300788222 0.4510529656597372 0.004214623778364568 0.022073404352161596
7 0.5687098180382957 0.49227620870473077 0.007597902867300554 0.009300894299499707
7 0.5661775920887274 0.5207901742425242 0.001108680133092177 0.0036808853502701133
5 0.4718340412151313 0.5422827888756592 0.030925151455384492 0.03855613901191135
0 0.25556406927728115 0.5448070950294452 0.09264471122665668 0.04787646253900191
0 0.44135951245742977 0.545933191402818 0.058813315452311554 0.04336158214404373
0 0.27915866540706036 0.6893398040788706 0.22782373016637336 0.26258151406683083
0 0.7837430771463418 0.5341838338546869 0.07182388339471968 0.04316415110409311
5 0.4992528151905072 0.6582116399839174 0.048096482402621876 0.1688952679437652
0 0.28551869354879333 0.5415496419154031 0.08052966140602272 0.04005984377791527
6 0.7429217604113635 0.5523914276021639 0.012777041555108282 0.0734344957447588
6 0.18943264441801372 0.5306031154590964 0.008045287244946103 0.019615965840306337
6 0.7084221905822184 0.5241061074411075 0.005528070228240756 0.03305335808492471
