7 0.41600710016907566 0.48482907275772563 0.0029877720637764282 0.013540429077365856
7 0.4088892463337506 0.4713854352183314 0.0027812569746209492 0.01270537458887322
7 0.4127257541873886 0.4726497607491934 0.0026445250989479696 0.01214944922359018
7 0.41681376611578125 0.4957576172280155 0.004027910806998991 0.004890666639427166
7 0.5344951607364367 0.48507056988116537 0.0024455405738774694 0.013107467051710231
7 0.48435629605461594 0.47485730976449914 0.0021346662389317705 0.011065293924631125
7 0.5041093163160709 0.47486366082565107 0.0021094977185505126 0.011063010061930112
7 0.5325538463032727 0.5101328646118122 0.0005406074260163596 0.001859786407536479
0 0.4499444310059592 0.514023350584857 0.01437460700610338 0.016152476587414588
0 0.4648601016185349 0.516197636329517 0.012791411376106843 0.014659607569731392
0 0.5018501989314028 0.5327941139202792 0.02081198352032787 0.031460582737937726
5 0.514684679241288 0.5131278563048569 0.007652432481200844 0.012593427557750059
0 0.4748722985608693 0.5141966614108715 0.014685716350956113 0.013685854946640652
5 0.4425452902074243 0.5520448648379461 0.019147696816872284 0.04951877095573509
0 0.501666859293849 0.5276665865345851 0.01898551019131317 0.030215736584843222
0 0.46584852631326285 0.5306994594475978 0.024033061143202694 0.030561814118469033
6 0.5789770992914378 0.517603931227312 0.0028557609812279727 0.02178362977172965
