7 0.660956138653825 0.4525329514291667 0.01752661608189454 0.04060479360213315
7 0.5084175394537892 0.41805786395126554 0.00681091521665711 0.036230443644804156
7 0.5704220214562663 0.4190222080932816 0.007473497186950673 0.03578845100358957
7 0.6553737260202059 0.5297982045333184 0.0019521101592856471 0.0057864186057916545
7 0.21710067451196496 0.46435612451117314 0.014358790853333803 0.03028150000176405
7 0.1531143799902891 0.42363686264236083 0.009741525979275384 0.03367942516596356
7 0.18449300923891027 0.43160448645903404 0.00834250234209502 0.030053014790459853
7 0.2155529747963556 0.5223581332903726 0.0013698032542598104 0.004368204200414172
7 0.13417346747654943 0.44800687491656555 0.022428914313279466 0.04457981446468562
7 0.31034453992466615 0.41762509273735676 0.008229067663390544 0.036429308637170754
7 0.24408437212764877 0.41662672706739323 0.009302898790206265 0.03688737318231505
7 0.8159786572528667 0.4165412717171205 0.033544581627975134 0.07249615511146729
7 0.6817293709015508 0.41009993230523323 0.009781556979683637 0.03988809422620243
7 0.7184302690395027 0.39575752808439013 0.01191338653785956 0.046534415166908816
7 0.8072431492517185 0.5516136528599302 0.003575867538939015 0.01013794425576131
3 0.6523515202088938 0.6825373413778457 0.21895205868301093 0.30546382581413034
0 0.730593710256519 0.5364372771570208 0.07747226237324145 0.0376517370134144
5 0.42427123681510764 0.5189445766888859 0.006758364405304529 0.01872386016432226
0 0.4690879209647608 0.5165151026952911 0.012966114985500321 0.01593007634955157
0 0.9268312580123732 0.5386174534341697 0.04103440083790533 0.032672221012689295
0 0.7094929269829578 0.5671679758721399 0.10658491126890723 0.066298031581842
6 0.905335157061961 0.5221426377269368 0.006615526438561781 0.03215543073451088
6 0.9351929531149447 0.5218710014091639 0.006729752491094088 0.031768192636666526
6 0.40202365298706 0.5269898736259679 0.004434262706958514 0.03508887827892093
6 0.4108305186834321 0.5271886718541369 0.004677937341056537 0.03585374223276405
6 0.5347280639957096 0.5227445583727397 0.004057476552986383 0.03300533408599804
