7 0.6024015958280484 0.47094850215201045 0.006020947470871341 0.025510913544736225
7 0.5441849097517883 0.45113885869386616 0.004375052273666746 0.02156894658166003
7 0.601116624410675 0.4914294441854453 0.007551498810555168 0.009090452123145798
7 0.5987023333869796 0.5192966553519685 0.0011249414813865322 0.0035965919926894685
7 0.46057204650697764 0.4700021390061176 0.0047680909788127 0.02586368291181451
7 0.456449795637083 0.43828705280712044 0.005411799137170492 0.0270542630057648
7 0.4600038514355863 0.443659235031196 0.004910439325492177 0.02465293671206048
7 0.41405854974513145 0.43815725115352905 0.011668707710065673 0.05442349070498964
7 0.4323300641952749 0.4272025227840799 0.0066478622973003 0.03203506188230226
7 0.42409648440565983 0.41797014603382077 0.007592261429796576 0.03621035948039131
7 0.4146001566438994 0.5384574334464711 0.0016347977512201628 0.007472273204468638
0 0.8479737762555628 0.534522041345242 0.036601137277983864 0.02902591040265068
0 0.4975812248552255 0.6545341228425579 0.11705947966306413 0.18325261277643512
0 0.82133433314362 0.5346611514399485 0.07927850440857487 0.03728250676831135
2 0.7847477386637423 0.5137651754707441 0.10805222098649658 0.07191518008184111
3 0.2410470067515978 0.545871690685532 0.05090527677434528 0.10389355444458886
0 0.6542424404334011 0.6310226519908553 0.12837672199586092 0.16278823488315386
6 0.10283770596241745 0.541160194496741 0.011596316497724024 0.059034998259881566
6 0.3466204793455551 0.561771114407007 0.009398847534700105 0.07984730786837047
6 0.06730673083050702 0.5228236357092023 0.006906226002443117 0.032705192554475015
6 0.37020115724925 0.522525104318412 0.004613426711223889 0.032272657568924834
6 0.17401809843709581 0.5657104545502902 0.013795390377014993 0.08538488747881479
6 0.5975630824081524 0.5583759598656136 0.010912032850541764 0.07559276310123164
