7 0.3471735681686669 0.4635020536748543 0.008501787052940024 0.03164372393757442
7 0.3066033036439053 0.42071928716725915 0.008740719247906203 0.03498356746523906
7 0.3273904783904596 0.4293836189370919 0.007565123566946497 0.031070979162949763
7 0.3484303171133897 0.48868238472699166 0.009654345074506798 0.011341841167750666
7 0.34634273451656333 0.5233684014650621 0.0011624978047698464 0.004501151852500773
7 0.6137227231679765 0.46550587446391256 0.007157240457662972 0.02936178382466953
7 0.5031960893352407 0.4426993012943515 0.004681083259473362 0.02484015120147154
7 0.5470249209933782 0.4427302347113948 0.0050476756549108215 0.024826480821047547
7 0.6094884626122975 0.5209450057526761 0.001305453060181705 0.0041252979820965985
0 0.625628442254391 0.5157130945944014 0.02832316136515145 0.020465819604219337
0 0.6162740796910837 0.5192974809574182 0.03049349184046124 0.018442262846075974
5 0.5765946106562121 0.5198850944865754 0.012263569700171395 0.02019734485908098
0 0.5009865653352001 0.8168086899601272 0.7493982921498611 0.36638262007974554
6 0.3590676248514242 0.5321110353605251 0.007194392298049523 0.02130951336125131
