7 0.40133467231020425 0.47716789701739676 0.00448573464198726 0.019664857709229433
7 0.3885422995651985 0.4554677375137152 0.004351157945581885 0.019446957896156025
7 0.39534140305660337 0.4583433298666094 0.004027497608250885 0.01817431527911234
7 0.4024439125443974 0.4929608521866555 0.005868831619424475 0.007083728355085528
7 0.5704406783675122 0.47788181841572475 0.004031704346154075 0.01872115229164073
7 0.4993136988594031 0.4632786028012511 0.0029995119327014264 0.015831007385543217
7 0.5274384053812851 0.4633043185735083 0.0031484254004000567 0.015820065634597424
0 0.4973371718354364 0.5275002599119483 0.01940171153344894 0.027405710704346165
3 0.48299137706206485 0.5161922115195057 0.01780407097447223 0.023378053383982023
5 0.49746316890255754 0.5377060933947664 0.011588158611512411 0.03848125683748027
3 0.5515296347181695 0.5367461192691878 0.03267492956386553 0.05678638400449065
0 0.4684667571052533 0.5185901717504193 0.01286697844095458 0.015354612780030252
0 0.4972969590349025 0.519468520016479 0.017358818406902787 0.029358802205677548
0 0.4984301115591855 0.614900704579293 0.08010556042018152 0.1398365196098048
