7 0.6029250914097375 0.47385353453826484 0.006103264624077287 0.025740873898101924
7 0.5442008771109577 0.4538708496187269 0.004421576341402722 0.02176069891149396
7 0.6016373393286458 0.49451474920979016 0.007624966348935391 0.009171637707897862
7 0.5992167160729209 0.5226315591915289 0.0011376929916128153 0.00362939320448874
7 0.4598355425818844 0.47290139347169724 0.0048210964294210235 0.02610641939570274
7 0.4555981470958568 0.4407144105793528 0.005480963550333007 0.02736132091417076
7 0.45922490703265706 0.44622552187769915 0.004967353877153524 0.024907648459868315
7 0.41211813005681297 0.4399306664538912 0.011970062284473004 0.05550852430225339
7 0.4310800114926705 0.4293086970148189 0.006754127227857287 0.03246745303434112
7 0.4226181066931518 0.4197732677706117 0.007730624031441313 0.03676375004703625
0 0.4978550217733453 0.642743409581132 0.09401339690466443 0.16701730381118118
0 0.6443401322382858 0.5418723083418748 0.061227142565096426 0.04086993709578868
5 0.7794860482940889 0.5360376975868122 0.028367923081348168 0.03141905427227598
3 0.11989866896427435 0.5415303853588398 0.08507049439853423 0.05566430945207468
5 0.08013936433967067 0.5435842188031449 0.03952283928889308 0.03799907316970286
0 0.8260799835852555 0.540806747146417 0.08269920396331332 0.03290851387557914
0 0.036917115292654595 0.5423738650369457 0.07383423058530919 0.05214846343104962
6 0.6661346679098143 0.5360834240417066 0.005366591580484803 0.0424875666649549
6 0.44135590361774246 0.5330959093270462 0.005705281850363841 0.019843081051131084
6 0.14747205770578986 0.5534221860989132 0.012138455893184685 0.031626887616176824
6 0.8649187917504603 0.5261055079593504 0.00643554176287453 0.032914778400375044
6 0.45471510963377154 0.57451534314079 0.012189779446933446 0.0479341720816604
6 0.09496197450799379 0.5457225966323056 0.010884959372295125 0.06126697012328974
6 0.7948015774218954 0.5755939386613129 0.019087412495548017 0.10483113614447404
