7 0.5313236925294147 0.4516426060265819 0.017661813705276974 0.04326707157018933
7 0.36323328960212625 0.40784960400562253 0.007679305129396963 0.04184810505461889
7 0.4347043906541254 0.4120368007728396 0.008026273007440299 0.039952122781128585
7 0.5256233354752653 0.5333953383574288 0.0019699307161844537 0.006151090904268464
7 0.10178466554634133 0.3962614942800195 0.013196685413171858 0.04709101241312219
7 0.003848502409753058 0.39047183069644786 0.007697004819506116 0.049745933062355585
7 0.6797220927856686 0.41262315671896577 0.03196091236333276 0.07830039903695302
7 0.5506728786903075 0.40632337342220215 0.009727172776332282 0.04266789938577148
7 0.5858340603209542 0.39081737040013287 0.011720096824827775 0.04993459675035067
7 0.6714367914218098 0.5565308020607096 0.0034311927541438303 0.010831167952156773
0 0.3404271787023077 0.5174033504186242 0.012304039236350817 0.020851260619404788
0 0.6250684779989504 0.5446339806187879 0.08029657726067596 0.03901341269840397
0 0.3406283742487475 0.5211050748343369 0.0153193656397978 0.018604835475919845
6 0.7912044025836986 0.5923050124209919 0.024599960134924603 0.062258738643560574
6 0.613930669789949 0.5252569191963696 0.00526434791455177 0.03353594232289392
6 0.5541816444636392 0.5254801325144626 0.005119283374828365 0.033977275034903
6 0.7003269830570011 0.5227802223816183 0.005104445598962948 0.029786761420483088
