7 0.5329880558333382 0.44896636678542334 0.017619623219679803 0.043164489488073
7 0.36538742990501744 0.4056408453237529 0.0076318278463819444 0.04170997006650584
7 0.436590354185898 0.4096506546177729 0.007988465992712301 0.03984531396374058
7 0.5273334820374724 0.5305583724759844 0.001964182617128718 0.00613767760619599
7 0.10555818042256446 0.3947154235574073 0.01303177734295545 0.046831422485743845
7 0.006140672387914917 0.3892056849063253 0.012281344775829834 0.04942704220469418
7 0.6810580119214567 0.40975861619940923 0.0319128037756663 0.07807130079543784
7 0.5522922238437944 0.4036939823389535 0.009700538496263067 0.0425847339074632
7 0.5873867571361644 0.38815827783068135 0.011690490606476422 0.04983207345168311
7 0.6727871186759604 0.5532761554898695 0.0034227919139215857 0.0107925163289887
0 0.2744454740217396 0.5268146307970543 0.022325916796897438 0.028087502551370935
0 0.2810103437316176 0.522119453959653 0.023279476910914365 0.02836526750819146
0 0.34318739237433304 0.5192972746070215 0.015761108274465307 0.026853386370039423
3 0.5870791365147443 0.5311172842417945 0.0643298071417111 0.04894111911333954
0 0.6718008975975736 0.5351489446887364 0.06549145877097218 0.03503730894361312
6 0.13141741120971162 0.5297567021821026 0.007906923799533172 0.04381231063369562
6 0.13821543260096375 0.5265853966558434 0.00592931509680053 0.03942328310501464
6 0.7020232145688226 0.5197715225819975 0.005111211071511579 0.02978430453966796
