7 0.6029250914097375 0.47385353453826484 0.006103264624077287 0.025740873898101924
7 0.5442008771109577 0.4538708496187269 0.004421576341402722 0.02176069891149396
7 0.6016373393286458 0.49451474920979016 0.007624966348935391 0.009171637707897862
7 0.5992167160729209 0.5226315591915289 0.0011376929916128153 0.00362939320448874
7 0.4598355425818844 0.47290139347169724 0.0048210964294210235 0.02610641939570274
7 0.4555981470958568 0.4407144105793528 0.005480963550333007 0.02736132091417076
7 0.45922490703265706 0.44622552187769915 0.004967353877153524 0.024907648459868315
7 0.41211813005681297 0.4399306664538912 0.011970062284473004 0.05550852430225339
7 0.4310800114926705 0.4293086970148189 0.006754127227857287 0.03246745303434112
7 0.4226181066931518 0.4197732677706117 0.007730624031441313 0.03676375004703625
0 0.4978550217733453 0.642743409581132 0.09401339690466443 0.16701730381118118
0 0.7296003511243605 0.5418588087205018 0.06550115803434764 0.04097933300384249
5 0.7794860482940889 0.5360376975868122 0.028367923081348168 0.03141905427227598
3 0.11989866896427435 0.5415303853588398 0.08507049439853423 0.05566430945207468
0 0.8260799835852555 0.540806747146417 0.08269920396331332 0.03290851387557914
0 0.036917115292654595 0.5423738650369457 0.07383423058530919 0.05214846343104962
6 0.6589181358539583 0.5360951626615515 0.0068982323817994295 0.04247605740051863
6 0.4520562647796382 0.5330769205036614 0.0052530728401581905 0.019837163634223942
6 0.14747205770578986 0.5534221860989132 0.012138455893184685 0.031626887616176824
6 0.4257762475346931 0.5745302418759283 0.012337922431452042 0.04825968411877213
6 0.09496197450799379 0.5457225966323056 0.010884959372295125 0.06126697012328974
6 0.7254234250632868 0.5601428826596864 0.013214539576289708 0.0822482603547362
