7 0.6141937413664893 0.47538109355400093 0.00855189760715458 0.020399807918101198
7 0.5360791155460385 0.4593777087385233 0.0031921259861978912 0.017404950173800948
7 0.5669876499954514 0.4593577297216511 0.0033976353560666306 0.017415441936138032
7 0.6111916888718942 0.514530530697384 0.0009202490033811683 0.002912496036416745
7 0.378602187835734 0.4798058148644251 0.007033831291440529 0.016614261452209844
7 0.36300533084188935 0.4621401007566012 0.0036315210799190978 0.016181047167982743
7 0.36323035566887785 0.47554516893263177 0.008650881493805718 0.020233331576134383
7 0.44114876451490126 0.4600574140146648 0.0033382545726116097 0.017100697817924893
7 0.4108639621175987 0.4600766207450359 0.0035286233832295677 0.017090584842338052
7 0.6436986880959035 0.4685608728234695 0.011217465583763464 0.02621639573573492
7 0.6171884834351256 0.45685992475221404 0.003960702643271863 0.018518348949378538
7 0.6250810808151273 0.4538628852763319 0.00429798428036543 0.01984138391542334
0 0.4842740624526894 0.5150738562546965 0.010434679932938562 0.01559597220893516
0 0.49566401779033753 0.5190096387423526 0.028607276627004852 0.026310009375631993
3 0.6783638420218487 0.5173004007088161 0.037794602320921356 0.026817811671488334
0 0.5717981467340181 0.5233372743322585 0.038063601160971294 0.03170488949879813
6 0.357521245166043 0.5140127009181146 0.003148623807092077 0.021001319230159465
6 0.42783502936125306 0.5116057304719881 0.0021104498949353068 0.017505664533146503
