7 0.6443071570574924 0.4691446585963977 0.01141029563550311 0.02663473327860033
7 0.542661599436972 0.4481689955696091 0.004252888198349458 0.022838815329721596
7 0.5830078738813937 0.4481555469206582 0.004598892584248837 0.0228441711275173
7 0.3454413062252581 0.47622585797794825 0.008918193426519672 0.020602776866271377
7 0.3198514647269648 0.45268686349641474 0.0049758793161207016 0.020839591149768355
7 0.332318084740276 0.4559769772866087 0.004544028932864874 0.019384970682105707
7 0.3170071049611936 0.4693497085878575 0.01167008384637136 0.026469189068580923
7 0.41894048138156786 0.44926201088940565 0.004505791798857017 0.022355622196549796
7 0.37947738874393533 0.4492749162174794 0.004833386588816435 0.022350498329196555
7 0.6513219684120624 0.4438474029153305 0.005608460277326643 0.02475866746304134
7 0.6656600896003325 0.43841627896476043 0.0062902249512293285 0.027181460810799973
0 0.4772597591016351 0.519114960821462 0.012560721862127033 0.018652266043843513
0 0.4791491581068992 0.5165193979766113 0.013696795838718245 0.019485568623525573
0 0.5245454042035775 0.5211186927121658 0.017501695991654298 0.027773326725133884
3 0.7208215968758116 0.5230370472349686 0.04934307857209752 0.033997784058364844
0 0.7496242512043163 0.5332551751025647 0.06071777945546308 0.04366976508481679
2 0.7285172860894621 0.5121996130633621 0.09054205695750617 0.062058843133259045
6 0.3493986041134687 0.5184898921665148 0.00383408297413923 0.0258653687718553
6 0.4086503460251159 0.5156126813501694 0.002703091913082045 0.021710159606021184
