7 0.6029250914097375 0.47385353453826484 0.006103264624077287 0.025740873898101924
7 0.5442008771109577 0.4538708496187269 0.004421576341402722 0.02176069891149396
7 0.6016373393286458 0.49451474920979016 0.007624966348935391 0.009171637707897862
7 0.5992167160729209 0.5226315591915289 0.0011376929916128153 0.00362939320448874
7 0.4598355425818844 0.47290139347169724 0.0048210964294210235 0.02610641939570274
7 0.4555981470958568 0.4407144105793528 0.005480963550333007 0.02736132091417076
7 0.45922490703265706 0.44622552187769915 0.004967353877153524 0.024907648459868315
7 0.41211813005681297 0.4399306664538912 0.011970062284473004 0.05550852430225339
7 0.4310800114926705 0.4293086970148189 0.006754127227857287 0.03246745303434112
7 0.4226181066931518 0.4197732677706117 0.007730624031441313 0.03676375004703625
0 0.4978550217733453 0.642743409581132 0.09401339690466443 0.16701730381118118
5 0.501966272669133 0.5360612255597439 0.02347088652822965 0.031417131356521466
5 0.8588763490075455 0.5435031241108025 0.03811258821766805 0.03801121594841006
0 0.4372762566402584 0.5489601446156451 0.08045207416504468 0.04368513384255057
0 0.2201181161290324 0.5658393394833299 0.07475376273305728 0.08682899921390863
6 0.7671691038083313 0.5602109489467033 0.013382339020921674 0.0824055709463567
6 0.5671590575930411 0.5323865609499769 0.005923768585607503 0.0193912645339257
6 0.8656546996498946 0.5654617701455047 0.018292821309355944 0.042197821030912075
6 0.6743467049594105 0.5262994005769046 0.005446503837388206 0.033175220747742595
6 0.24349554129910828 0.5875878796348374 0.01715798165141269 0.05369839649019048
6 0.14843620630794363 0.5631301212867799 0.028147300150638738 0.017577498129058067
6 0.5774401487071947 0.5629442727192132 0.010912806602864644 0.0777166968013756
