7 0.4488683849735093 0.4739068957063832 0.00458237774995407 0.022484740569828576
7 0.4401118244488131 0.44786046292106074 0.004797507862737138 0.022809426730722837
7 0.44541470017073315 0.4517546240271922 0.004402193388879649 0.021078643208644166
7 0.39247277632997435 0.4526477234271829 0.010010495389194685 0.04133502111093357
7 0.4158700138921697 0.44019467882002705 0.0057135298882664 0.02622946361977918
7 0.40615748637811655 0.4340930252484634 0.00638912485400478 0.028963856663326404
7 0.5734550392279337 0.474513113040201 0.004581280470676186 0.022374227793703905
7 0.521968388772721 0.45725323050712785 0.0036023793870019194 0.018856687782456028
7 0.5723642273418115 0.4925084374795913 0.006518807973506013 0.007991436500917048
7 0.570164517615934 0.5170057176359567 0.000945054739074358 0.0031592477607167435
0 0.5133761728258281 0.5878283742021837 0.04425313149489252 0.08023118789396677
3 0.6301244809259227 0.5280837219464415 0.05683583594925179 0.04377523204646372
0 0.4182067179302059 0.5328536141556481 0.05987367467906379 0.039963844737935794
0 0.5144943381692784 0.7011537472946701 0.16706292477955692 0.25890021964007515
3 0.41997939758550396 0.5698782150377737 0.06617048938007009 0.1063984742960502
0 0.2665222275186673 0.5340507036087546 0.05664174453226062 0.028828438695112535
0 0.06459239142074127 0.5345650386280012 0.062110357567573535 0.034237433800387795
6 0.272383017286257 0.5194843415313117 0.004539686543443999 0.02784104338763871
6 0.7110193887454338 0.5377622820243881 0.008522476800954193 0.05408586338251853
6 0.3183198957830418 0.5198721398393122 0.004461959594941556 0.028398413579524884
6 0.13001265380396987 0.5256422324107494 0.0074345629169084715 0.01693949711524656
6 0.1403705717039334 0.543345490499819 0.009845275941991694 0.06220619383768655
6 0.265684512473031 0.5458663557391255 0.009320602180341253 0.05932249150927138
