7 0.4991922148073645 0.4765415192358968 0.0015325721895912414 0.008820974426272055
7 0.49926752971284194 0.4771701187390607 0.0014854990145385383 0.008549364292625095
7 0.5533061056819955 0.48310569419536276 0.004708820155808868 0.01172536782800565
7 0.5082010068794681 0.4739103190713575 0.0017443650066584215 0.009959426563346752
7 0.5259814565231367 0.4739085349014064 0.001812170709554528 0.009960603805845902
7 0.5515574838755546 0.5056712947772785 0.0004964511670739746 0.0016750700681240627
7 0.6910384389699555 0.4552249394266802 0.01563358980621099 0.035340983286205885
7 0.5567661206484299 0.42731148247435113 0.00579947782911483 0.03047666905864349
7 0.6102567250693536 0.42728955552378056 0.006412834534736844 0.030487718843331957
7 0.30970949193964015 0.46684078679750507 0.01129366868865106 0.02544557145265197
7 0.26800129630782304 0.4350602655559449 0.006952692893854917 0.02701160184612067
7 0.28827859626885555 0.4404497449797491 0.006162496563220821 0.024617670515238388
7 0.25881770554163197 0.45555964037289315 0.0160594042990459 0.03503621725556283
7 0.3935108103381898 0.4292228608272603 0.006220869492252534 0.02961807772728009
7 0.3415824423814654 0.42924348925427636 0.006792009991947567 0.029607658392946712
7 0.43584029118009837 0.48313003571269264 0.004747967911848894 0.011699706993755166
7 0.43965665674127746 0.4759391727855254 0.001782126264381012 0.009080004278700371
7 0.43757798020389727 0.47522927186319824 0.0018492802826465815 0.009386979919266625
7 0.4350991213138248 0.49265808274902634 0.0034510426795701377 0.004224953009725307
7 0.8038096933673877 0.42953923844523195 0.02725297366797541 0.057402105163088746
7 0.7063382720533276 0.41947317218828106 0.008351060493622331 0.033997474853013465
7 0.7339641198440374 0.40898020781405864 0.009876385408308153 0.0387365498823114
0 0.4736370722148789 0.5192158486556331 0.018039274273934702 0.021420647450067998
1 0.8351007325874779 0.5028352789479256 0.16390451485022273 0.1011782619966633
0 0.501192973789637 0.5102783652138912 0.009887875503351184 0.015691245032601664
0 0.07187344394821255 0.5424280615907175 0.08162025198947179 0.044463345257529485
0 0.501002367469854 0.5145245941839216 0.011676312363109287 0.015970052207818997
0 0.45271523796738333 0.5164545757453781 0.014647028572315979 0.01964929476234567
2 0.10155894732780342 0.5247000611152988 0.0939651623968383 0.04445763014536663
3 0.2850988571869618 0.5657480624501297 0.13196069981520553 0.15988457449053783
0 0.4474662257159318 0.5188214802186472 0.017946500710578683 0.022052969281920243
6 0.5224033091650739 0.509250652710401 0.0019104608808150347 0.015905164803259986
6 0.4186769455617353 0.5087248224634329 0.002124299611841407 0.016941043935880362
6 0.4156331183868144 0.5075134097321022 0.002324735856035265 0.015179379954171068
