7 0.47344897918258494 0.4895771053737513 0.0018605247376107803 0.010308048551271709
7 0.47270512154453065 0.47988366126831816 0.0018715918231905215 0.00941702409774392
7 0.4736516333336867 0.48059700057100174 0.0018076994892267662 0.00910814739341953
7 0.4641159216368791 0.48637906697029387 0.002439608891231071 0.013035882443003632
7 0.531157565051666 0.4898185919579855 0.0018630014109007886 0.010262563662532642
7 0.5072973621473349 0.48184681724739314 0.0016521389134628306 0.008656222358131793
7 0.5306724860404146 0.4981351504635938 0.002964211749604817 0.0037005559971877156
3 0.4052433306628802 0.5106654435523166 0.029001980091727442 0.018572094663224292
0 0.4788949562518225 0.5186549314106459 0.016447572716865477 0.02599428726095665
0 0.5030022162629656 0.52082651043146 0.012924716135735925 0.016547233475687873
0 0.39620327821890666 0.5142817025602332 0.017643100964110925 0.011900189078712486
3 0.4716346409721025 0.5209233967324187 0.024105827141436775 0.04010287637326637
0 0.48139576552440194 0.5195365118888372 0.012848125842798042 0.017789847176550078
0 0.4512683561324187 0.5144923115224445 0.0237045771119192 0.010899449018631047
0 0.5030152763102984 0.5189609956821679 0.010767948567465102 0.015752172324728364
3 0.340001804620631 0.5288990615823774 0.03826332910747826 0.04163037239714951
6 0.5535408943484611 0.5155810302845145 0.0025546327290575377 0.020089436783970016
6 0.544940529965539 0.511073101083184 0.00192346245083852 0.01352909543658054
6 0.5702519088076361 0.5187758981640599 0.0028623344171663234 0.02475640995703743
6 0.3203236625012301 0.5209786329321455 0.003995750851340352 0.02773072481379868
6 0.5448398660573014 0.5128581675241006 0.0017251101917097333 0.014456281525967785
