7 0.4977881815565255 0.48649560140517417 0.0035483806947789742 0.00918321227070662
7 0.4990066407920265 0.4779687205379317 0.0014544726426490295 0.008361976682274008
7 0.49907667183442217 0.4785347575539486 0.0014120427064784336 0.008117528273000107
7 0.5499983716987185 0.4842484666701089 0.004423202407861204 0.01104687918159708
7 0.5074991991797835 0.4756136450983517 0.0016425243198141537 0.00937804221167543
7 0.5242482417224456 0.4756024111086807 0.001701572140731189 0.009378971892445631
7 0.6612254440549761 0.46199626242270125 0.012916911873465775 0.029808873455466123
7 0.5476908015871924 0.43855915687906066 0.004804074252682811 0.025613914058963794
7 0.592818553255293 0.43851936917287876 0.0052387436530820786 0.025620861046635857
7 0.3317214882129189 0.4708453644540487 0.0098195660962766 0.0224523261544452
7 0.30052146461055274 0.4443057186254631 0.005690881331190445 0.023125183398676252
7 0.31568186010505184 0.4483205801669604 0.0051400668582610165 0.021347874005674394
7 0.2956538295831489 0.4624395270565784 0.013249783423525674 0.02960004148039702
7 0.4095362550758368 0.4399996596332519 0.005124472061348806 0.025007209838235567
7 0.3655106103445568 0.44003812986932345 0.0055348702620829915 0.0250005979749221
7 0.43931238859248145 0.48433475823367034 0.004463361622801643 0.011025026232287682
7 0.44263446827292796 0.4774605557809345 0.001678469886028544 0.008594724033998247
7 0.440771576342574 0.47682637549296847 0.0017379283160314785 0.008869241397997218
7 0.43860264249993824 0.4933128311761962 0.003247311805483988 0.0039835614934279895
7 0.7343179108871528 0.44522004842423524 0.0200410501452033 0.044103751561677174
7 0.670886190115459 0.43301120102899415 0.006545546832041005 0.028053625702533613
7 0.6894241873811083 0.4259523943545791 0.0074778026967403655 0.031204368588615805
0 0.4758218853466285 0.517586479466839 0.016265280945537475 0.01937740214375694
1 0.7863412695033958 0.5021757831591382 0.1361911975551292 0.08612904710580044
0 0.5008950974397691 0.5097611987951209 0.009224071922998123 0.01461561839502623
0 0.5007143446162768 0.5136395123447538 0.010834275091680834 0.014785981791106462
0 0.45638818305099316 0.5152397684114313 0.013271610498285735 0.017969765082401556
3 0.38024068183065207 0.5337029797135903 0.056892193981113115 0.08433840910952228
0 0.4519951174746353 0.5172332079734635 0.016016611099397116 0.019952365085771584
6 0.42433323709239146 0.5082096543353753 0.0019358057567404607 0.015594758256461394
6 0.4235350505859694 0.5082633703245796 0.0018956391631096414 0.014124357463216386
