7 0.4696315494773731 0.48582265561071003 0.001985231743465543 0.010914553653097181
7 0.468687444078975 0.47544761279459286 0.0019993646869108095 0.010020846356995072
7 0.4697564469165512 0.47625338975527653 0.0019266785631528727 0.009671841677545367
7 0.4591340827463268 0.48218129643957375 0.002655729376600635 0.014021243717531384
7 0.5306732606619059 0.4860703573387311 0.001982979044883537 0.010857960140988498
7 0.505446216427329 0.4776407038786746 0.0017490928687274865 0.009161141337527878
7 0.5301593864148333 0.49486547574286055 0.0031359368278578437 0.00391385197695765
3 0.38268950031955096 0.5082056247558382 0.031233136789196092 0.019729407961409207
0 0.4753116043645358 0.5166825609765631 0.017597838662883225 0.02770825042502434
0 0.5009435973168936 0.5188475382033075 0.013674582196602336 0.01754225569821599
0 0.3724181395822568 0.5120676775800026 0.019146066584697752 0.012671825441999962
3 0.4685582893226515 0.5183668849480159 0.025011714492959913 0.04150806196704676
0 0.4781083999243413 0.5174908892701533 0.013646431357567212 0.018854287570871153
0 0.43154407492900215 0.5122439714866227 0.02547548073927891 0.011584611895204655
0 0.5009492018825105 0.516795691670749 0.011339713337236101 0.01661594693562718
3 0.2805198530172166 0.5358048956378552 0.05893922738816365 0.057461421472296714
6 0.5541097046414533 0.5133616468661074 0.0027955745462240333 0.021344347467741276
6 0.5445081998801418 0.509790401305521 0.0017088717700061151 0.01452837314701605
6 0.21943779369626928 0.508961080464944 0.002304856409627687 0.014472869957090961
6 0.5757064074419453 0.5181544859523504 0.00326257384344808 0.028367713042394604
6 0.5462126510234324 0.5109505611252494 0.0018876712031226095 0.015985269665795165
