7 0.48374572375802727 0.4885748553402258 0.003885011248629222 0.009944113069778271
7 0.483911011477438 0.4792265273057686 0.001635167362106671 0.00911606418688049
7 0.4844630398048785 0.4798895708352092 0.001581749589843362 0.00882627568370159
7 0.5381245642849625 0.48597733307981095 0.004825059503314133 0.012167226448914659
7 0.49126094919621466 0.47643609874392784 0.0018236356652270858 0.010337136493935084
7 0.5097145216182866 0.47643362175483617 0.0018169052933817431 0.010338218547731981
7 0.6593146865476105 0.45411448403512195 0.017107151702870804 0.039682080006559595
7 0.5081925155525641 0.42273191158490625 0.005890671892829102 0.034310249216740196
7 0.5682362299272832 0.42270560880662256 0.006656096175926773 0.034322200345270615
7 0.6535681447856051 0.5298267681456963 0.001867565909714708 0.005658967030260698
7 0.2549697706274966 0.4680058211066418 0.012716985164467398 0.027631034589323977
7 0.19415993646016072 0.43226300950678714 0.008499447196968463 0.029990264461711602
7 0.22343220564896152 0.43874579778130834 0.007396058108085468 0.027068000328819286
7 0.25340551740254846 0.52107759627279 0.0012444557366695919 0.0039900937261904135
7 0.17521069137590323 0.4545341131585765 0.019002262670106962 0.03931693651100726
7 0.32694244244270376 0.4251049784901527 0.007765617923106816 0.0332320264987539
7 0.26883282339875103 0.4251296530419808 0.008475157694106839 0.03322083382686131
7 0.41627034397617235 0.4860079696540085 0.004999166519463472 0.012141038414412886
7 0.421871695975677 0.4785919477656726 0.0019038431519386445 0.00939355057507324
7 0.4191099810184801 0.47784007601811773 0.001980050705402192 0.009722477346734204
7 0.4155692103597901 0.49589468688886884 0.0036162543964867733 0.004383462467898724
7 0.7726550678700286 0.41981496443988386 0.03225778003384394 0.0698021328254394
7 0.6722918597165496 0.4128233968101586 0.008994478723450605 0.03883119033265825
7 0.6990503732739128 0.39911297339150087 0.010846091644815092 0.04513700152281869
7 0.7659317740484766 0.5506357727736197 0.0031019269461495247 0.00980564403577111
3 0.5692927660299729 0.5322334320861345 0.09885899111445395 0.06632685651415193
0 0.28948511027549517 0.5399371914784309 0.08430426330582122 0.04316590866466674
5 0.6303790125868589 0.5384238700013801 0.03076338005454804 0.035534128129058096
0 0.4971781853591385 0.5122642644783926 0.022501010094162055 0.012617279735009368
0 0.5191802383572446 0.5325307447181449 0.03869576857772794 0.03227304007424914
5 0.4139585050415112 0.5241048745877236 0.00940126166670413 0.02296112246093962
0 0.4212957520545171 0.5226224443760549 0.021928508990015083 0.021321085051320576
0 0.49607802092609565 0.5120955022545701 0.02075673315862847 0.011550709867788389
5 0.49778019842027976 0.8123721994525764 0.11882749339806015 0.3752556010948471
6 0.34556952800621765 0.5193443220684385 0.0037381389132257747 0.027209784507891355
6 0.29529068291681404 0.5241058495619093 0.005080069219185301 0.03401092548492779
6 0.4859579160499801 0.5092199646662692 0.0015192928809423245 0.012775618809576228
