7 0.483745688878223 0.4884796494834581 0.003885007713793298 0.00994415414723998
7 0.48391096074466783 0.47913119855884906 0.001635160798601376 0.009116126710984163
7 0.4844629929310664 0.47979427716692247 0.0015817435774592714 0.008826334230653321
7 0.5381247148788523 0.48588199326076276 0.004825017395018172 0.012167289117526014
7 0.49126092665033133 0.47634063309032987 0.0018236380167033772 0.010337217151957012
7 0.5097145858373286 0.47633818023747193 0.0018168980560209214 0.010338299128156425
7 0.6593165928472604 0.45401647973837755 0.01710661806646996 0.03968279114057316
7 0.508192698096283 0.42263301628654254 0.005890719808380518 0.03431114481858
7 0.5682373496590175 0.4226067905007621 0.006655929103045244 0.03432309556510954
7 0.6535685889075368 0.5297294280248104 0.0018674670555882678 0.005658959153190257
7 0.2549677961707241 0.4679085851843404 0.012716318846609426 0.027631379813086776
7 0.19415580929815773 0.4321644014512862 0.008498554594199542 0.029990954170191764
7 0.2234288347823691 0.43864768289435296 0.007395321625931761 0.027068562520821293
7 0.25340504760615323 0.5209806688065759 0.001244344784201823 0.003990086886500044
7 0.17520696360176163 0.45443551306295027 0.019001045277976997 0.03931764240041169
7 0.3269398886446556 0.42500602272527865 0.007765113058689377 0.03323286991360136
7 0.2688293918770577 0.4250306226810107 0.008474450521310795 0.03322167761752215
7 0.41627005823342933 0.4859124720127028 0.004999069924311261 0.012141101423372602
7 0.4218713754703287 0.47849650436838753 0.0019037695316919123 0.009393617316191538
7 0.4191096368833629 0.47774458961436705 0.001979971783281631 0.009722548920771568
7 0.41556901667791113 0.4957992368682533 0.0036162212582804276 0.004383473058820919
7 0.7726606899135583 0.41971344057553756 0.03225632545893986 0.06980434799375024
7 0.6722949526528216 0.4127239492174566 0.008993893271658893 0.038832332563587146
7 0.6990544946891564 0.39901243057542557 0.010845330643670326 0.04513854082657076
7 0.7659330754852185 0.5505364066869057 0.003101642195617038 0.009805609095001389
3 0.9167646110056719 0.5307639618015233 0.1169782745059802 0.0627095910194908
0 0.792011314966689 0.540144305426738 0.08939414233532428 0.043069142163526086
0 0.3379146658444331 0.5515106496429655 0.10530694551624764 0.05650442007520562
0 0.8105343331965562 0.5376718203990282 0.06101238262913011 0.03584143541854745
5 0.41395847850650536 0.52400871420539 0.00940104862810659 0.022961015250504757
0 0.42129574385348556 0.5225268196926873 0.021928340728732565 0.02132096777485426
5 0.7409413337770459 0.5367546757193392 0.028492098756070505 0.03686264194203037
5 0.4977802318794312 0.812316871991085 0.11882553071665164 0.3753662560178299
0 0.024582884243756823 0.5335453076818766 0.049165768487513646 0.043353519855078404
6 0.37344834371763747 0.5156071166093108 0.0029992355284321204 0.022012331314849143
6 0.14634150519890854 0.5237840586330538 0.006543087576153489 0.03368346710344472
6 0.39771864479261676 0.5182095484616104 0.00392144284370799 0.0118753727122205
6 0.4043124544950684 0.5118358067717479 0.0020777506366309595 0.014985236192327056
