7 0.3919837344258596 0.4816892647802283 0.004027196279323242 0.01702009079438993
7 0.3796088531416004 0.46375507765531465 0.0037473815512285014 0.016448616335339505
7 0.385975170368443 0.46583379852968176 0.003505805966310116 0.01552878571554045
7 0.3928901823020126 0.4953893405670725 0.005116348755988098 0.006138191277472449
7 0.5400803192258563 0.482153205970125 0.0031372963347306992 0.016317388827217394
7 0.4778013239749046 0.46943666727048255 0.002673744354508678 0.013789256944060635
7 0.502364039077059 0.46945047084339625 0.0026263832335858828 0.013782215276214482
0 0.4545830358898594 0.519979232004804 0.017254759647586493 0.01971073699457848
0 0.44104833689128875 0.5516373749653803 0.03945818475557611 0.0493201603471376
0 0.3953407861615636 0.588039391917814 0.09088659280577926 0.10783686444066187
3 0.49782641490053764 0.5122354716094201 0.023255228979360276 0.024915850214520974
0 0.46972565505499486 0.5168500474876669 0.022246032479407485 0.013549249897149118
0 0.4507829330573211 0.5424301696867913 0.03200207664999111 0.0426224059763447
6 0.6109037111536635 0.5322587572432829 0.006087988552184398 0.04385423263209398
