7 0.43553681031066405 0.4598760174856433 0.003640604265622127 0.017610997629845193
7 0.43878072152635983 0.462246471389121 0.0034075183426543476 0.016560880615071716
7 0.4078520883696134 0.4673961209284571 0.006248488822897247 0.028512807939428453
7 0.4190376493863709 0.45539678578305975 0.004158523090314448 0.019599847162200812
7 0.41368965525574786 0.4520538407359147 0.004508451553953574 0.021087924938983982
7 0.5404851602590319 0.4798824765008466 0.0034853023152757734 0.017838886278960298
7 0.5396268167962835 0.49427226858569606 0.005162798476421093 0.006393786089832487
5 0.09491504329235058 0.5239303467917978 0.02197069096635934 0.02240630691934209
0 0.4286407581580059 0.5569978375636748 0.043747930779358124 0.04997083771736388
6 0.5694054589583886 0.5214129230207877 0.003392196144912485 0.02709205987819696
6 0.09409367974053415 0.5436722168606579 0.012534293236754701 0.0618657066764523
6 0.21272444105036115 0.5305602609885876 0.007921765386189522 0.04319102820336784
6 0.12446611766678907 0.526683459499729 0.007418758374245743 0.03764792493245672
6 0.18743396286102834 0.5167209126077376 0.004310954011799761 0.023493333912528946
