7 0.44149232478128164 0.479224649135683 0.004121874555818195 0.02050883870130704
7 0.4346159482433857 0.4562895050175811 0.004277248848798598 0.020432358556770724
7 0.4389314489921081 0.45943783100321445 0.003959833349627295 0.01903213373088214
7 0.3969182624651387 0.46276002690996204 0.008155256066262773 0.03513306051950105
7 0.41404900958110313 0.4501932589751366 0.005001140618684563 0.023149913915034792
7 0.4065150190604294 0.44549010927198424 0.005513049847145346 0.025254850739381274
7 0.555028372022522 0.47993948905448275 0.004067269532391338 0.020297561718549795
7 0.5540469027864625 0.4962895107951625 0.005891463626927607 0.007263629282763251
0 0.41789914672059447 0.5352712502439603 0.04214955046262647 0.028346637736722857
0 0.5452042410326475 0.5355863791775779 0.04573064220428913 0.03309900462502835
0 0.43998882968812025 0.5568881186004799 0.04097852868250773 0.04701726176343979
6 0.5970255633625475 0.5289315871654019 0.004924951568272995 0.03367221593632275
6 0.18743157750029005 0.5214612846300695 0.004857822098029596 0.02640988238674491
