7 0.6055817879274057 0.471445955997856 0.006337832931187615 0.026512407093834234
7 0.5451375923102955 0.45085092692825823 0.004561489839642441 0.0224254458429608
7 0.6042457571754918 0.4927228648010544 0.007858160642612466 0.009442003195257398
7 0.4582247891164822 0.4704352190387404 0.004989081771822668 0.026908454459635467
7 0.4535340086528543 0.43692563045975286 0.005703669510711884 0.028426231640434618
7 0.45743166802425056 0.44278331202194743 0.005149792956173571 0.02578715950960747
7 0.4060871266189845 0.4348471356667266 0.012982686626059448 0.059261047513365916
7 0.4275974410275283 0.4246720689958056 0.007091906074325138 0.03397870504503386
7 0.4182912930568524 0.41429815133988857 0.008174899565022653 0.03871301499269514
7 0.40678975971283554 0.543692949955223 0.001804383809805965 0.00811849123212216
0 0.7243840996434185 0.6860289902618291 0.2265972749118944 0.28233629784004943
0 0.2976560748999344 0.5590716219995476 0.09165504877134073 0.06078958380798438
0 0.46088042381529326 0.5398593979766485 0.055566380086164824 0.0354330749907068
0 0.18447156251575503 0.5366642501989698 0.05942343074986067 0.03250286139494063
0 0.8743869111407209 0.848073541137266 0.25122617771855826 0.30385291772546796
6 0.199223369702845 0.5839523882463848 0.015463008007932322 0.06319345966330403
6 0.9011780028146428 0.5457971416588259 0.012388203578241885 0.06300613029628965
6 0.6106233670443504 0.5252134812295682 0.004908503005822573 0.0338429967849605
6 0.2367646241677612 0.5302399422823746 0.0066386404965039225 0.03698497377196919
6 0.09664887754938646 0.5596780859216941 0.016099872654672887 0.0815590567661908
6 0.025143854584328947 0.5257533003049593 0.007619587541091436 0.03457328293840134
6 0.706998370924429 0.5558396715812095 0.027699380058024192 0.011452675864885964
6 0.4804301571027618 0.5622815822042728 0.010030097053711162 0.08413469338913904
