7 0.5745785031899182 0.48917655978222835 0.001982670014236798 0.010161347421534184
7 0.5723634633674948 0.4797075340821806 0.0019106051916916167 0.009267162476297497
7 0.5739093777083126 0.4803687055883394 0.0018477193548895876 0.00897611510454921
7 0.5752979171344684 0.49739443758626334 0.002990613000992459 0.003679111330562257
7 0.6681727377449591 0.488729043981057 0.0020865896480635193 0.010368232034558944
7 0.6272389638025279 0.48103887572749227 0.0016868203706756901 0.008590473904003748
7 0.6431833938257252 0.4808928107310997 0.001757967407374439 0.008653950093312768
0 0.6268350240976088 0.5248809834640481 0.016803335948720854 0.02137235746257571
0 0.6547759740020486 0.5233357733667641 0.016569779071356594 0.023583094293269435
0 0.6601545278220851 0.5294533291106625 0.022326808051852054 0.025826294900457847
0 0.6262858341492393 0.5280721098102528 0.022077239368764934 0.03324121795624102
0 0.7645443117608938 0.5148059673959293 0.02881920776617597 0.013533022514001125
0 0.6492221298934555 0.5189045455826368 0.014033641812343456 0.01936203294324712
0 0.6807078420590362 0.5458237911993797 0.035876868580864474 0.06079077207477823
0 0.6694255355838885 0.5107313538218055 0.017322361964007382 0.00959897920255004
0 0.6463936048173988 0.517245668001463 0.011514453018457327 0.01639933232869739
0 0.6518366299984866 0.639238876425815 0.10286275376314424 0.14556183966246128
0 0.6264773584196521 0.5173380816592491 0.012295023687512119 0.017702324522504753
2 0.47413265607830274 0.5570017504075038 0.0846011502464813 0.09186085466143179
