0 0.5533215272865688 0.525374181953913 0.01540184176301207 0.01996498859246032
0 0.5789266268219883 0.5244318824657637 0.015018980646908986 0.022053587008074138
0 0.5823752157278987 0.5283681691847246 0.01919489916923156 0.022740460692652564
0 0.5529301590359326 0.527237361131659 0.019262307555668268 0.029679460691741544
0 0.6814033451523802 0.5161304823826132 0.02580423015020572 0.012790006308319057
0 0.5742912595715146 0.5200797916749158 0.012924552042616777 0.01841546864458332
0 0.5993968429656014 0.5401323614657045 0.031151376037679257 0.049902147587557955
0 0.6014041231992366 0.5123487328588732 0.01696249234241476 0.009223082141737948
0 0.5732091019931993 0.5184742464419816 0.014943354171752077 0.015593899385490384
0 0.5564814149530994 0.5974060465860758 0.0616614193679782 0.09071600981194172
0 0.5531530292600204 0.5187344909616951 0.011555676901107925 0.0170125480217862
2 0.32124121754559776 0.5924143746573858 0.15871882610725707 0.15009696292119445
