7 0.39930890368285066 0.4687354766661563 0.008321835652149945 0.03595992278622495
7 0.3699242333846513 0.4163237929878626 0.00952423063210861 0.04146562613311933
7 0.38624178177430013 0.428240720797321 0.008112434428451387 0.036082231714309965
7 0.13935515179310334 0.3655985361548345 0.05283892824213861 0.13232820070226115
7 0.3030868106184583 0.3879906728419528 0.013649230978805715 0.05441281547101695
7 0.25765786238316135 0.35953020514926937 0.017873033360108093 0.06764246871015733
7 0.5951698254216176 0.47030115402767 0.008075434720623664 0.035327926926802755
7 0.5148250104536806 0.44293273989050863 0.005711005891613663 0.029863303514121975
7 0.5934358278131031 0.49849505807563477 0.010343515789628555 0.012510545834201803
0 0.3045682832565059 0.5624649007992738 0.09150602680061859 0.08270633995953669
0 0.5946026452034892 0.5961200469955477 0.09123769006394855 0.08662544988636045
3 0.1787148266786698 0.7433891788085153 0.3574296533573396 0.5132216423829694
0 0.8542945203527633 0.5742716736005364 0.12566060090306985 0.05965096391888047
6 0.6594524711054035 0.6729488503005556 0.028729171584863544 0.21612271542577066
6 0.7607113514307917 0.5766211048724297 0.015544741031614628 0.09173872359043211
6 0.7243581914611205 0.5734393363683848 0.013440413864275857 0.08356676424157694
6 0.5372288447798249 0.6542127910945338 0.021459099993333508 0.1905093320152167
