7 0.4626274347306438 0.4692746549291722 0.006231926290465317 0.02525720032608031
7 0.4376253187771765 0.4386848214126218 0.006029165978233608 0.026263494477345828
7 0.45033125767680626 0.4437135303149755 0.005445232617362239 0.024027529974793793
7 0.4637400109306259 0.4894331055835184 0.007415653956352408 0.009088509893641683
7 0.4621101020625712 0.5171829663954425 0.0008619201695579393 0.0035932859101959203
7 0.6889482203285424 0.46826543434604573 0.006145979575527649 0.025819478121105244
7 0.5899827542663507 0.44993636462406295 0.004013111759346821 0.021088582516929244
7 0.6283276281521847 0.44930337905669093 0.0043818703227336275 0.021376486136972128
7 0.6849898895770412 0.5170525488732647 0.001176458869983521 0.003630296222789986
0 0.39976609805238833 0.8307500908358842 0.7995321961047767 0.3384998183282316
0 0.6266404565847303 0.5237162468193106 0.017775468023368712 0.025017035603921767
0 0.592426745774017 0.5244946741778745 0.022310847886901408 0.02577338919640093
0 0.68699276006328 0.5154919968446605 0.035936296341563256 0.025283720623791917
0 0.767914993098211 0.6712747618997873 0.19517077350209755 0.2419353621147915
0 0.5519431368144052 0.6800767867750626 0.12383691978043232 0.22552706990412774
