7 0.5325088777512655 0.48860230062796206 0.0018359838659220973 0.010134113224302077
7 0.5089408942593456 0.4807246655349775 0.001630442910286356 0.008547260487098252
7 0.5320285403785192 0.49681644091683386 0.002927241445816242 0.003653937585125666
7 0.4755200159070574 0.48835141340676286 0.0018333730263527248 0.010174578815279278
7 0.47481600202276064 0.4788159498267114 0.0018438335837748787 0.009286064667516192
7 0.4757374143063337 0.4795053767302556 0.001781757160673858 0.008985568139746769
7 0.4664264825218697 0.4852789784286656 0.002393927875605828 0.012823128813427842
0 0.32830911095123283 0.5135545173503028 0.023151660996332923 0.012289856169003466
3 0.48683261472513856 0.5123820133750477 0.013624576673509137 0.018174984722545418
0 0.3388001717908183 0.510616272389533 0.02619959257545945 0.015405710077504464
2 0.4852095419790463 0.5069888917779874 0.01752069586166327 0.035199789965081885
2 0.4825355303120778 0.5079271366490052 0.020107549263182367 0.04011299961583853
0 0.511315205881981 0.5144521205831727 0.01502660147303747 0.014529449389147353
0 0.47976059911240015 0.5217563769315994 0.016180292543616637 0.01925052923160553
6 0.44621268472232267 0.5137387489990624 0.002055322627067535 0.017301602859967402
6 0.5471133463591744 0.5118277523844192 0.001783358461736273 0.015206540310162997
6 0.141168647936957 0.53143477267293 0.00862280444362759 0.04448465394417411
6 0.2975077395738687 0.5189851321024742 0.004244184117387806 0.02668431128701343
6 0.3396753134408841 0.5120905771209631 0.0025255145369975085 0.016826400479198922
