7 0.4611297673527901 0.4345995825117201 0.0055659348324428315 0.027833883888699784
7 0.46482504826086535 0.4403160909326295 0.005037059815688361 0.02529874926614728
7 0.41638829017784545 0.432876088554069 0.012327551846749607 0.05712652220574793
7 0.4361308436363853 0.4227448563678891 0.006877077878768734 0.03312122469215495
7 0.4274020115239582 0.41276310748787187 0.00789215259211673 0.03760387644376362
7 0.41702637276859833 0.5378522702454789 0.0017201862761828113 0.00781536180362774
3 0.50599416398788 0.6390877212105004 0.12656266616565637 0.23451163544064824
0 0.16052195260041183 0.6175373118907548 0.18870626304112653 0.17568169410186563
0 0.41734944135214197 0.5318982432032808 0.056018557038596595 0.03287373448011677
6 0.4524866973563736 0.5546197922581151 0.00997839746553103 0.0811624585155083
6 0.179248232885725 0.5329289952480782 0.008529266267898933 0.04597722786409675
6 0.02967206970686869 0.5491073207524095 0.015931005580486147 0.07389645109383614
6 0.14509559531643584 0.5614184036010073 0.016089503157116686 0.08304194358369343
