7 0.4611297673527901 0.4345995825117201 0.0055659348324428315 0.027833883888699784
7 0.46482504826086535 0.4403160909326295 0.005037059815688361 0.02529874926614728
7 0.41638829017784545 0.432876088554069 0.012327551846749607 0.05712652220574793
7 0.4361308436363853 0.4227448563678891 0.006877077878768734 0.03312122469215495
7 0.4274020115239582 0.41276310748787187 0.00789215259211673 0.03760387644376362
7 0.41702637276859833 0.5378522702454789 0.0017201862761828113 0.00781536180362774
3 0.50599416398788 0.6390877212105004 0.12656266616565637 0.23451163544064824
3 0.23126369879730524 0.5469806870169854 0.06831496522948474 0.11376959985596552
0 0.5867886532601997 0.5317099245608562 0.05579062878906238 0.04493816692543007
0 0.658520086817689 0.5334178204960406 0.06953182830203175 0.030787252817437327
0 0.7955732419006605 0.539091957775621 0.08313147631726137 0.038968119459006356
6 0.6816468663278117 0.5574547504330164 0.012162240750317577 0.07777392593030052
6 0.12522496234932606 0.5673112742246031 0.017714107161589845 0.09076775279289095
6 0.39048433835672924 0.5550728184854652 0.0109052074521086 0.08212852884088562
