7 0.4611297673527901 0.4345995825117201 0.0055659348324428315 0.027833883888699784
7 0.46482504826086535 0.4403160909326295 0.005037059815688361 0.02529874926614728
7 0.41638829017784545 0.432876088554069 0.012327551846749607 0.05712652220574793
7 0.4361308436363853 0.4227448563678891 0.006877077878768734 0.03312122469215495
7 0.4274020115239582 0.41276310748787187 0.00789215259211673 0.03760387644376362
7 0.41702637276859833 0.5378522702454789 0.0017201862761828113 0.00781536180362774
0 0.6987423807851996 0.6713436820233577 0.18357047624608713 0.1935197090295604
3 0.50599416398788 0.6390877212105004 0.12656266616565637 0.23451163544064824
0 0.2920577381117643 0.5317994658276978 0.06148582749320369 0.03271788932927944
6 0.3595360919173135 0.5615718888723628 0.01075612172136825 0.08327970083269443
6 0.15029346448743236 0.5352234161508649 0.009602841198425305 0.050768179562317495
6 0.05615877017395026 0.5551555323751848 0.01759101757419161 0.08275679308368544
