7 0.4611297673527901 0.4345995825117201 0.0055659348324428315 0.027833883888699784
7 0.46482504826086535 0.4403160909326295 0.005037059815688361 0.02529874926614728
7 0.41638829017784545 0.432876088554069 0.012327551846749607 0.05712652220574793
7 0.4361308436363853 0.4227448563678891 0.006877077878768734 0.03312122469215495
7 0.4274020115239582 0.41276310748787187 0.00789215259211673 0.03760387644376362
7 0.41702637276859833 0.5378522702454789 0.0017201862761828113 0.00781536180362774
3 0.50599416398788 0.6390877212105004 0.12656266616565637 0.23451163544064824
0 0.805475067338888 0.5311494675404298 0.0637565090709381 0.043861178726025796
0 0.12043610027747556 0.5446322786826889 0.10165335417579675 0.04161628365415171
6 0.6885302268333481 0.5563488409832673 0.01248454637896379 0.07800759532681312
6 0.18302811399275393 0.5614812557774363 0.015261737913413426 0.08308434685013855
