7 0.4611297673527901 0.4345995825117201 0.0055659348324428315 0.027833883888699784
7 0.46482504826086535 0.4403160909326295 0.005037059815688361 0.02529874926614728
7 0.41638829017784545 0.432876088554069 0.012327551846749607 0.05712652220574793
7 0.4361308436363853 0.4227448563678891 0.006877077878768734 0.03312122469215495
7 0.4274020115239582 0.41276310748787187 0.00789215259211673 0.03760387644376362
7 0.41702637276859833 0.5378522702454789 0.0017201862761828113 0.00781536180362774
5 0.7050635622182586 0.5393411845429963 0.03534371252167601 0.03888205712907655
3 0.50599416398788 0.6390877212105004 0.12656266616565637 0.23451163544064824
0 0.585886233053703 0.5394017063829765 0.07482215306965867 0.05069459623544437
3 0.24703473088428352 0.5415784255361589 0.05644044861039685 0.09945609905454333
3 0.8467592690053038 0.5296155733629758 0.11255786761557585 0.07226707793490839
0 0.4960199790026956 0.5388127433740382 0.06918635596228995 0.0389412242431918
6 0.14704562198181212 0.535118532037556 0.00988822131767031 0.0507449472527316
6 0.7936129047119537 0.5497232460589943 0.013738872277824887 0.0748580492475539
6 0.23255749386085472 0.5647527087538997 0.01178953581167183 0.08739834489064369
6 0.5692315672542949 0.5573160267083798 0.011028800115436721 0.08046168374705309
