7 0.4611297673527901 0.4345995825117201 0.0055659348324428315 0.027833883888699784
7 0.46482504826086535 0.4403160909326295 0.005037059815688361 0.02529874926614728
7 0.41638829017784545 0.432876088554069 0.012327551846749607 0.05712652220574793
7 0.4361308436363853 0.4227448563678891 0.006877077878768734 0.03312122469215495
7 0.4274020115239582 0.41276310748787187 0.00789215259211673 0.03760387644376362
7 0.41702637276859833 0.5378522702454789 0.0017201862761828113 0.00781536180362774
3 0.50599416398788 0.6390877212105004 0.12656266616565637 0.23451163544064824
3 0.15512445590401266 0.5291701259927861 0.07330092949026196 0.046823571001979425
0 0.9214261868163359 0.5436425557280735 0.09962757178521553 0.044130130536454315
6 0.6772133495984847 0.5338093203499031 0.006795305165482546 0.046173626204476514
6 0.196879906698587 0.5325883428530467 0.006049580205759741 0.04477577805390709
6 0.7373062023219534 0.5411277643404733 0.009425326579718507 0.06222289492670485
6 0.5899502307593316 0.5588313100832267 0.01078096978288523 0.07937941837019413
