7 0.4611297673527901 0.4345995825117201 0.0055659348324428315 0.027833883888699784
7 0.46482504826086535 0.4403160909326295 0.005037059815688361 0.02529874926614728
7 0.41638829017784545 0.432876088554069 0.012327551846749607 0.05712652220574793
7 0.4361308436363853 0.4227448563678891 0.006877077878768734 0.03312122469215495
7 0.4274020115239582 0.41276310748787187 0.00789215259211673 0.03760387644376362
7 0.41702637276859833 0.5378522702454789 0.0017201862761828113 0.00781536180362774
0 0.6913316863137604 0.6646794495149813 0.17436545653123747 0.1843972092088796
3 0.5060326475272281 0.6390602189674592 0.1265273092678577 0.23453950792981393
6 0.2623301236927716 0.5631719983634799 0.013359504897088814 0.08511858642719639
6 0.11003888308945374 0.5399403512769856 0.011411798164825515 0.05727660264299039
