7 0.4611297673527901 0.4345995825117201 0.0055659348324428315 0.027833883888699784
7 0.46482504826086535 0.4403160909326295 0.005037059815688361 0.02529874926614728
7 0.41638829017784545 0.432876088554069 0.012327551846749607 0.05712652220574793
7 0.4361308436363853 0.4227448563678891 0.006877077878768734 0.03312122469215495
7 0.4274020115239582 0.41276310748787187 0.00789215259211673 0.03760387644376362
7 0.41702637276859833 0.5378522702454789 0.0017201862761828113 0.00781536180362774
5 0.4184510193257168 0.5390655729402021 0.032172375003304776 0.03840084020085199
3 0.50599416398788 0.6390877212105004 0.12656266616565637 0.23451163544064824
0 0.22354681263017517 0.5390584752924796 0.08648691618272819 0.050198509829744054
3 0.029435070944588786 0.5290227862083173 0.05887014188917757 0.07109502552798824
0 0.805475067338888 0.5311494675404298 0.0637565090709381 0.043861178726025796
3 0.46556432283744065 0.5293517956685391 0.09286938785233628 0.07160536396458089
0 0.2560135599627347 0.5386038869532513 0.0792174090735521 0.03832909400658613
6 0.059922743337052053 0.5399218425038483 0.012074314206752285 0.06041405456066806
6 0.42495436865611114 0.5550230607267688 0.009686692214463999 0.08198765881111159
6 0.7349116375435694 0.5509210850805639 0.013241235945585572 0.07661888343074519
