7 0.4611297673527901 0.4345995825117201 0.0055659348324428315 0.027833883888699784
7 0.46482504826086535 0.4403160909326295 0.005037059815688361 0.02529874926614728
7 0.41638829017784545 0.432876088554069 0.012327551846749607 0.05712652220574793
7 0.4361308436363853 0.4227448563678891 0.006877077878768734 0.03312122469215495
7 0.4274020115239582 0.41276310748787187 0.00789215259211673 0.03760387644376362
7 0.41702637276859833 0.5378522702454789 0.0017201862761828113 0.00781536180362774
3 0.50599416398788 0.6390877212105004 0.12656266616565637 0.23451163544064824
0 0.805803428784563 0.5310754819585886 0.06390807580745472 0.04443854858619778
6 0.6632349202037302 0.5300141513162209 0.005834086865580179 0.04115278782999965
6 0.21399038370179746 0.5313289399595216 0.0073164496241596155 0.04281546877706022
6 0.731473774336793 0.5438026868756043 0.009399268923404813 0.06621951841501306
