7 0.41095536630920715 0.4376001375883507 0.006010142468450996 0.02784347697359363
7 0.4187376115290662 0.4432519995082753 0.005405373432962157 0.025306607217640942
7 0.33478249202041693 0.43637433585777524 0.015615547081284986 0.05716384100155347
7 0.3774249310263223 0.425852041221543 0.007505955349435989 0.03314561970080587
7 0.3615420257905807 0.41597141928823833 0.008697870111937067 0.03763553269517017
7 0.3366636287991196 0.5415251191723267 0.0020515655120157406 0.00783850731435709
0 0.12354851250627089 0.8310676107841062 0.24709702501254177 0.3378647784317875
0 0.4367204084720364 0.5413412569322973 0.05853330540674695 0.03527148457380613
0 0.27915866540706036 0.6893398040788706 0.22782373016637336 0.26258151406683083
0 0.26657265522234375 0.5577702882850101 0.09225129872527138 0.0792047428131526
5 0.4992528151905072 0.6582116399839174 0.048096482402621876 0.1688952679437652
6 0.16691404511587135 0.5703263024002285 0.014564998270022889 0.08949919298521214
6 0.7183792568753149 0.5652302527832085 0.013054681964951187 0.05371811667085469
6 0.6654440369743606 0.5446556483792286 0.007542356433842268 0.06239433221194102
