7 0.6464889963137999 0.46844744369678293 0.011611467904608541 0.027067395668215144
7 0.5432073925089584 0.4471197744428399 0.004327731866207274 0.023218365342746405
7 0.5842129769881037 0.44710906932617744 0.004684338480961947 0.023223249375425026
7 0.34332510068661803 0.4756480184811053 0.009043223684536195 0.020864429753657654
7 0.3169754053952921 0.4517375630367358 0.005070769891847349 0.021158354954244007
7 0.32980609910269554 0.4551055895960405 0.004623697354882383 0.019660489613612275
7 0.3138693752249603 0.4686367209596601 0.011884094761877129 0.026902469938603235
7 0.4174793521692921 0.4482327109034768 0.004588778957270501 0.022721093327131237
7 0.37737705273089894 0.4482429491135056 0.004926716620854366 0.022716423725250234
7 0.6538465576226267 0.4426832699794925 0.005729863153111636 0.025203481798167504
7 0.6687252810742454 0.4370812693740319 0.006441990542319975 0.027718523219963986
0 0.703983581687429 0.5288817198986371 0.043967284869051104 0.028354861057294456
0 0.45861776173254754 0.5175340222666012 0.013327084167740089 0.016594230295769896
0 0.4543802303365845 0.5194017788506898 0.016697393942297523 0.018270661419139023
0 0.47699909971331694 0.5202322467155491 0.015278052752064841 0.020245566131592896
0 0.6031117914539149 0.580050892725019 0.08067556425643563 0.11305991822883799
