7 0.5473229379095335 0.4874799290263778 0.004629657916330077 0.011266219998048499
7 0.7204482486438235 0.4816352568641379 0.007237065453687186 0.016603598306902556
0 0.6223765341893799 0.5243149045776865 0.01754279430109973 0.02197397038819382
0 0.6534028566717021 0.510987370013517 0.0066018438972617055 0.009033338134441848
0 0.2831076526881995 0.6516487098295698 0.20077337747516702 0.19340304018764454
0 0.6387192360978204 0.51192756884167 0.009512285182121105 0.01168370297258492
0 0.4420399587500283 0.557969226828442 0.06241533499758167 0.058067342790755205
0 0.5419507145193949 0.5172064915568949 0.028711679581203464 0.01628666772503129
0 0.6515852260993504 0.5179323820511544 0.01406842146254006 0.02069889198644148
0 0.6261897267778225 0.5113220365245708 0.007566177650730199 0.010352994782619751
0 0.8215595010764885 0.5341047831934906 0.07275515593328918 0.03615188262345559
0 0.6501456494424497 0.5322530632850901 0.022506587260171296 0.02889343982722814
0 0.5904280778482887 0.5176928093651259 0.025396300981259556 0.015543023372062925
6 0.8091834246740885 0.5416732457129012 0.008013305028038986 0.0575459638802609
