7 0.6180589593609369 0.46815959438665566 0.007200953493078699 0.029194176982753506
7 0.5516658380184386 0.44551931122509547 0.00505477834768131 0.02469003603574743
7 0.6165737060274601 0.49155161522758894 0.008685194251936035 0.010376259833140777
7 0.6138510195704935 0.5233585387414127 0.0013053715370661134 0.004109648663755294
7 0.4561400055433309 0.46704018423185906 0.005567795163042011 0.029639339583484303
7 0.4497364281280649 0.42838418056493577 0.006489619474784991 0.032137523274626933
7 0.4546480615590317 0.43574824271884355 0.005782735698578623 0.02880500124261598
7 0.3859780182963638 0.41841478472455196 0.017265531959986147 0.07430851990236736
7 0.41854745403853333 0.41242461678497666 0.008334127167639316 0.03941300889037014
7 0.40583129841964094 0.3982705256762216 0.009862953788115691 0.04592617373428742
7 0.38735510507917803 0.5533017314355566 0.0023422637888720343 0.01007478758639635
0 0.49971014559299176 0.6374616930021902 0.11236045656057647 0.1788354053933725
6 0.575398018138723 0.5805290550695575 0.013720244188513253 0.102317252111922
6 0.8156044432303675 0.5607808466804478 0.015309251627694365 0.08477823461279832
6 0.8749539510874025 0.5548971699659444 0.014697407519579486 0.07641968227682594
6 0.7085930947822672 0.5451474082987334 0.008972250230031675 0.05641128832338205
6 0.5258626101093415 0.5328078667918283 0.004595365322859091 0.02611098110662413
6 0.7164554396062764 0.5475969597871269 0.009831728647927251 0.05968873980999667
6 0.6060903052267046 0.5821272375798069 0.014809455435102925 0.10424283219146613
6 0.7393268360829887 0.5550989808828637 0.00998299955132187 0.04270684250505896
6 0.6902456109187646 0.5386966499758268 0.007296498976079979 0.04803503470618642
