7 0.5271120453971165 0.4525093767735273 0.017963632391008177 0.043994986745457876
7 0.3552599658906124 0.4080341378650375 0.0077992214466118814 0.04278041549951944
7 0.4285040511987898 0.4122706495871947 0.008151942534051604 0.04076326662039281
7 0.5213774438067524 0.5357125091180988 0.0020038035044358526 0.00626749389670489
7 0.08530448689052943 0.3962878951319042 0.013873286038443539 0.048444011457103864
7 0.6792734422168285 0.41193321934691873 0.0329033819800153 0.08062545093472012
7 0.546704877207713 0.406242176507254 0.009917873135992572 0.04352150639453328
7 0.582572857858098 0.390161032841823 0.011997072886702043 0.051089785537266674
7 0.6708467375395283 0.5600548781932861 0.0035475588704432237 0.011164941197232325
0 0.8047787209509801 0.5390916488372445 0.0635485290777893 0.03513469207806241
0 0.6352169272415242 0.5443621379798578 0.07517586884688121 0.042036982295666436
0 0.6012219966730684 0.5356318300320513 0.07711939601558693 0.04970161184807076
0 0.7034613465154125 0.5418019086236622 0.05672961824958389 0.039315892756847326
6 0.2690224490910047 0.5351939859782394 0.005468461542877168 0.04091907664392891
