7 0.6288712084271785 0.48522960905003604 0.0011552137113373107 0.006388131748765402
7 0.6290009724441519 0.48554830497780876 0.0011300507446732055 0.006249309884568288
7 0.6684225393195637 0.4901703973459469 0.0034741237476357822 0.008363366659898785
7 0.6350953781448873 0.48390264451619147 0.001249279233705991 0.0069665724042672905
7 0.6480813012904335 0.4837976679395529 0.0012977973711334467 0.007012397612245591
7 0.7133787108181275 0.48171953595577555 0.006815223100526291 0.015618076588284457
7 0.650981497523843 0.470429197277131 0.0023856181842560886 0.012877087665500775
7 0.675160723431629 0.47007258210657393 0.0025567062570558408 0.013034518717266907
7 0.5318845250284623 0.4855878157156532 0.005020127075846981 0.012290165340894665
7 0.5250529312957932 0.4834243034920822 0.0057836374386980305 0.014149539808620826
7 0.5799073627708489 0.47179138956602146 0.0023704526174849194 0.012276233777996137
7 0.5581724601342821 0.4721083996436898 0.002415754601900466 0.012136487685399211
7 0.5838559988239437 0.49058971584960165 0.0032330823945434517 0.008004255839519747
7 0.5855670884407067 0.4852549751447757 0.0012289787374576422 0.006376956806991907
7 0.5832998616980787 0.49710364426526954 0.0023621763794442474 0.002893516753676606
7 0.7275525634602817 0.47817882203506024 0.008267206107011815 0.018672551199314324
7 0.7175899984934786 0.4666128786365499 0.0031307958620514498 0.014563751725627572
0 0.6561504971934933 0.5273739690821221 0.019766353453969154 0.028977078019075453
0 0.7376691322383446 0.6269205957623823 0.10785861299100763 0.14966296638850363
0 0.5170466107729889 0.5397369985045988 0.0415103321229125 0.04546464831023933
0 0.6507681948995906 0.509930713666673 0.015677227925562365 0.008554451754361647
0 0.623265629437763 0.5163539431389055 0.021328349753141795 0.016765273581564766
0 0.8906606899679879 0.5429928606311405 0.0899497207803085 0.0400344612888518
0 0.6120982352541275 0.5129429704372601 0.008815516696813686 0.011943040847804842
0 0.596649709985356 0.5129422981763803 0.010136012858418253 0.012253244470970537
6 0.5686509395577972 0.5083972319893959 0.001411001645113097 0.011990320674153732
6 0.5891721524141735 0.509876244806218 0.0018352287919621846 0.006487814341098241
6 0.570201792437388 0.5072454505431714 0.0016071962355168612 0.010347991749945606
