7 0.32927304409580416 0.4870134451521815 0.004496898212496214 0.010968311540417719
7 0.32988067007884503 0.47666382967786186 0.0018858783595858686 0.010082437139340983
7 0.330352121123396 0.4774345804589105 0.001821221728178668 0.0097446392568733
7 0.39182074280392387 0.48456694171745024 0.005294636137481379 0.013067949383964605
7 0.3391649935288369 0.4735622601117274 0.002088519996989835 0.011444290390529799
7 0.3602994306507795 0.4738788766157481 0.0020847586781752026 0.011305581744917081
7 0.5469237442422374 0.4490707484981351 0.01799842512345018 0.04399377775658697
7 0.37717498751225564 0.4051657079178842 0.007756299999391758 0.042401976668596575
7 0.4492012370424734 0.4091299104960844 0.00815946362704234 0.04056097286940591
7 0.5411758791446274 0.5322391755112199 0.0020102680296540942 0.006257865544025187
7 0.005937292689650328 0.4542588289998637 0.011874585379300657 0.03939377787135151
7 0.11599369626172752 0.3946038822014507 0.0130339744137358 0.0473343381713483
7 0.014946531567175785 0.38923323086638484 0.015932244810973523 0.04985925905784383
7 0.24766749925541556 0.48329209564493686 0.0064063195280015806 0.014156267871611505
7 0.2546001115717798 0.47489929351960936 0.0024056932422876764 0.010855018829384722
7 0.2511716307519126 0.4739411676820437 0.002515676192266808 0.011275835470178519
7 0.2467620580964454 0.4947785346234377 0.004640188614939006 0.005104197137860533
7 0.705995182303251 0.40775504976410015 0.033426250571354954 0.08113533536725465
7 0.5676694601708974 0.40266942252990184 0.010019745947559167 0.04356960357382633
7 0.6050766099518968 0.38636122973337816 0.012167817552551474 0.051228482664193
7 0.6970145979737078 0.5567715125682714 0.0036439052575605313 0.011218968688062159
0 0.37790165692299293 0.5136010163117641 0.023436216083342287 0.013442451958050938
5 0.37146124540099 0.5131957930783879 0.011155137661335468 0.01276488547050103
0 0.5035697258648479 0.5415552156224053 0.05858941213750668 0.03982310411646073
0 0.3527245113081685 0.5217019146992583 0.015054423877738199 0.023221497013479975
0 0.6848905865692927 0.540395815315926 0.05858148736683966 0.039662500135743795
0 0.36012970375659703 0.5569489137514059 0.08541486194274167 0.06466671667776624
0 0.284595703270874 0.5282793825539568 0.02283599514079454 0.027171923589357494
0 0.3648928058252749 0.5350702422368729 0.04253300774114521 0.03687599372829853
0 0.24837694580779074 0.5283433719534708 0.028894476338475944 0.028650240594329857
6 0.17516006656392202 0.5214028175882255 0.00541763007307608 0.030807906442034905
6 0.34181502072584 0.5178136888540944 0.002936243152367124 0.010883835594301505
6 0.7710683490363857 0.524816685343043 0.00533524924644091 0.020625175010916097
