7 0.32927318380906967 0.48710350329308144 0.00449682849145977 0.010968115806406775
7 0.3298808629567077 0.47675266068471284 0.001885820191407428 0.010082338300446358
7 0.33035230534624793 0.47752390848938575 0.0018211663875911666 0.009744543966218822
7 0.39182064582472637 0.4846510964767665 0.005294578839911579 0.013067744936932912
7 0.33916516056198587 0.4736485323197117 0.0020884658426776337 0.011444180017577243
7 0.3602994794323543 0.4739643010728036 0.002084734919574782 0.011305478302574667
7 0.5469212823923171 0.4491075922092179 0.017997246204015105 0.043993579817940665
7 0.377174815057547 0.405205065717572 0.007756105082865894 0.04240151264191
7 0.4491996913043085 0.4091682000087632 0.008158914363032788 0.040560601609298974
7 0.5411752449787475 0.532275132675518 0.002010131408841098 0.006257746085119753
7 0.0059390514946685204 0.45432883207469965 0.011878102989337041 0.03939299756218012
7 0.1159993415132663 0.3946495973683132 0.013032175268524807 0.04733352132223151
7 0.01495482967929589 0.3892806049485947 0.015929645205484844 0.049858274119095713
7 0.24766804648514124 0.4833820554920019 0.006406078812142724 0.014155995833153523
7 0.25460071682900975 0.47499071405066584 0.002405527607275526 0.010854893158123602
7 0.25117227804294073 0.4740321142726322 0.002515498744648126 0.011275703842854923
7 0.24676243490820843 0.4948685385903048 0.004640096784364056 0.005104029741785976
7 0.7059867649703531 0.4077391829180401 0.033422210048775214 0.08113585557630082
7 0.5676653707349191 0.40269761214615474 0.01001849143570721 0.043569307865176654
7 0.6050709361769774 0.38637715078162344 0.012166060422892144 0.05122813610809729
7 0.6970124824178149 0.5567554545251927 0.0036434407489949194 0.011218242579945858
0 0.2690028591427651 0.5145276975920203 0.027365307837167452 0.014288337276548213
5 0.31016961716894076 0.5163386848751803 0.006128445648785119 0.015820491333198072
0 0.35176310194873356 0.5178691758882208 0.01203987655847194 0.018461126420584617
0 0.1422792607237496 0.6137826204836653 0.1540131215827521 0.12842412685890414
0 0.2845957886234043 0.5283544204849193 0.02283571467593437 0.02717039690468792
0 0.3522701863439206 0.5203858899239533 0.01406656593494765 0.020420427985151757
0 0.2483770767174918 0.5284197396872305 0.02889405705963738 0.028648710596198
6 0.14583939139615582 0.5271793388695531 0.005998196372674958 0.0390317560709702
6 0.7710679911600067 0.5248694020169133 0.005334245574557084 0.020624967606085676
