7 0.32927318380906967 0.4871239048414643 0.00449682849145977 0.01096799669211962
7 0.3298808629567077 0.4767748222198214 0.001885820191407428 0.010082235170505216
7 0.33035230534624793 0.4775453351536963 0.0018211663875911666 0.009744447562369807
7 0.39182064582472637 0.4846753718943374 0.005294578839911579 0.013067576293483707
7 0.33916516056198587 0.4736736513139947 0.0020884658426776337 0.011444047528375245
7 0.3602994794323543 0.4739891192351001 0.002084734919574782 0.011305348967205864
7 0.5469212823923171 0.4491878112742631 0.017997246204015105 0.04399173845238952
7 0.377174815057547 0.40529529478797544 0.007756105082865894 0.04239980325081888
7 0.4491996913043085 0.40925466415093076 0.008158914363032788 0.0405590318837451
7 0.5411752449787475 0.5323557611699373 0.002010131408841098 0.006257996573354019
7 0.0059390514946685204 0.45440085669496494 0.011878102989337041 0.03939151313902434
7 0.1159993415132663 0.3947498509013518 0.013032175268524807 0.04733141104892924
7 0.01495482967929589 0.38938595565196354 0.015929645205484844 0.04985594383326203
7 0.24766804648514124 0.4834083348316494 0.006406078812142724 0.014155798195919056
7 0.25460071682900975 0.4750145543364589 0.002405527607275526 0.010854773812187635
7 0.25117227804294073 0.47405686784155865 0.002515498744648126 0.011275575177934927
7 0.24676243490820843 0.4948947303946688 0.004640096784364056 0.005103912193062665
7 0.7059867649703531 0.4078840454570054 0.033422210048775214 0.08112985258471633
7 0.5676653707349191 0.4027902229378192 0.01001849143570721 0.04356750704818685
7 0.6050709361769774 0.38648525745756357 0.012166060422892144 0.05122568232297736
7 0.6970124824178149 0.5568972130694384 0.0036434407489949194 0.011219222827118402
5 0.2832295764768603 0.5292541434693848 0.011571480173976578 0.027824402794145442
0 0.35176310194873356 0.5178977563702062 0.01203987655847194 0.018462642340163704
0 0.3520941452126567 0.5195374741603136 0.013452673775404489 0.019495603908344816
3 0.2781480154482914 0.5146406934800632 0.022769647791285264 0.030261666382816965
6 0.16036274259348118 0.5334066290338233 0.007536510972019128 0.04299139978133126
6 0.21576882550482626 0.513033372102309 0.002771132702027279 0.018638376793788658
6 0.7710679911600067 0.5249108229939223 0.005334245574557084 0.02062531165350301
6 0.39623882826891105 0.5119939270238851 0.002800537543629522 0.017148550757250858
