7 0.6002595348612063 0.4483106288038328 0.011933428367603471 0.04615602725505619
7 0.49707503203574166 0.41098741820509976 0.007894284675066698 0.039926699305955216
7 0.5978967412866958 0.48486705840017263 0.013421649691723658 0.01623148698469623
7 0.5938078887714786 0.5344487173000296 0.002052418014534818 0.006444058297240818
7 0.34050555957079504 0.44335805009715035 0.011959876971050831 0.04959350080346009
7 0.2868135390965225 0.3530942691992727 0.016034795342878494 0.06641600088163169
7 0.31766580984160764 0.38016658883335286 0.012480027375256497 0.05366231637864177
7 0.3397755514615524 0.5360128881433829 0.0016903546340404363 0.007028510117496278
7 0.13650444234762973 0.2679883337057581 0.030969152373701833 0.10795374830404045
2 0.927765465811909 0.5533926676318155 0.144469068376182 0.08497586569957594
0 0.6976632513327216 0.7747103614949211 0.2001008538801703 0.3692807113496721
6 0.40251816605994384 0.5519856571794788 0.009819910156473266 0.03490301144252139
6 0.7500831466454057 0.5738978162460668 0.015593719053943134 0.09526959091296328
6 0.7927237931744331 0.5792927496103961 0.018678507865528493 0.10355360579388806
