7 0.32927318380906967 0.48709752724961697 0.00449682849145977 0.010968150697491741
7 0.3298808629567077 0.4767461691040464 0.001885820191407428 0.010082368509379491
7 0.33035230534624793 0.4775176321678627 0.0018211663875911666 0.009744572204937796
7 0.39182064582472637 0.48464398569537875 0.005294578839911579 0.013067794336153127
7 0.33916516056198587 0.4736411744369275 0.0020884658426776337 0.01144421882645652
7 0.3602994794323543 0.47395703131004785 0.002084734919574782 0.011305516187629872
7 0.5469212823923171 0.44908409435452606 0.017997246204015105 0.043994119192715675
7 0.377174815057547 0.4051786357213594 0.007756105082865894 0.0424020133585844
7 0.4491996913043085 0.40914287283937323 0.008158914363032788 0.040561061414994104
7 0.5411752449787475 0.5322515148903342 0.002010131408841098 0.006257672711837081
7 0.0059390514946685204 0.45430773454557405 0.011878102989337041 0.03939343238100529
7 0.1159993415132663 0.3946202309957388 0.013032175268524807 0.04733413946575371
7 0.01495482967929589 0.38924974550741254 0.015929645205484844 0.049858956708924984
7 0.24766804648514124 0.48337435771960724 0.006406078812142724 0.014156053725264517
7 0.25460071682900975 0.4749837307285458 0.002405527607275526 0.010854928117063178
7 0.25117227804294073 0.4740248634306358 0.002515498744648126 0.011275741531521555
7 0.24676243490820843 0.4948608664588393 0.004640096784364056 0.0051040641742842174
7 0.7059867649703531 0.40769674962753766 0.033422210048775214 0.08113761397904323
7 0.5676653707349191 0.40267048449359233 0.01001849143570721 0.043569835362423426
7 0.6050709361769774 0.38634548405799574 0.012166060422892144 0.051228854873470064
7 0.6970124824178149 0.5567139304601573 0.0036434407489949194 0.011217955444891237
0 0.21826273654211076 0.5149131661515596 0.02981708429630614 0.014683750274913532
5 0.3055731868718522 0.5182456834172322 0.006977983414376665 0.017718320075093108
0 0.35176310194873356 0.5178608040627408 0.01203987655847194 0.018460682375793458
0 0.28281980220290526 0.5292270611155285 0.02376344669056646 0.02799551196228023
0 0.3520941452126567 0.5194971873885781 0.013452673775404489 0.019492748679471705
3 0.1892091155566546 0.5114988339038422 0.042919441963903626 0.023836674046717632
0 0.24375906365285596 0.5298359296876266 0.030826522699293146 0.030106255799809745
6 0.14539240521270375 0.5290584060973269 0.005919246419746199 0.04176345996506314
6 0.7710679911600067 0.52485726893984 0.005334245574557084 0.020624866827346766
6 0.39886088233836425 0.5102501359073955 0.0016549390844272094 0.014007078376273352
