7 0.5622452504500717 0.4826635404081524 0.0031293668975584943 0.015150354862004167
7 0.5272742855199586 0.4708763142697534 0.0025323542619067885 0.012790571225391179
7 0.5615059274398353 0.4949053885926024 0.004433485500763612 0.005440625443635105
7 0.5600155045400528 0.5115980840319199 0.0006438644526634008 0.0021482447275307237
7 0.477205775920308 0.4665720426996577 0.0028380259327951407 0.01453473087316104
7 0.47826011248217876 0.4682172021382187 0.002693360021404634 0.013811754228151785
7 0.46481513590122886 0.47433292327463894 0.004043012865268758 0.022124225092686578
0 0.22845734647113014 0.5195584227729995 0.0390458099432148 0.02045099919057114
2 0.19016443563799917 0.5155137457141707 0.05005161657927398 0.02440943427998754
0 0.5396692371909597 0.5337222836010278 0.02400805241699222 0.03227062696630312
0 0.11037243736176588 0.521528807278171 0.05112617572103374 0.018680217957532164
0 0.22966861543094352 0.5221833259750801 0.044731274640183366 0.020561731498293878
6 0.5830745164632656 0.5206443407748979 0.004367568915679132 0.0294892121537369
6 0.097746124569382 0.5186167457088335 0.005173073374838258 0.012278953503950585
6 0.10832438625142685 0.5515151360884597 0.014666682749331597 0.07380528476613835
6 0.5577295287591163 0.5229152339050932 0.0039216460240623086 0.029560130905599946
6 0.578825921019108 0.5169587268596081 0.0029467869059978113 0.02172382029071873
