7 0.401156674705069 0.4506602574376665 0.008066929804427858 0.0351623409168168
7 0.3733144872177642 0.4001642981361079 0.009177666985458077 0.04029581126656734
7 0.3887555879203966 0.4113934646848454 0.007856535724268698 0.03519281647762035
7 0.16490165150074582 0.3577574584478868 0.046701661780368636 0.12220727958801059
7 0.3100630176403288 0.3738065014851807 0.012976627819555997 0.05241882965201877
7 0.2683387847188369 0.3477781979541519 0.01677061636940219 0.06458912129533051
7 0.5926834649547045 0.4520754636410007 0.007839219996794933 0.03455026952555473
7 0.514115424149272 0.4253226497001138 0.0055873984612531125 0.029246237263216013
7 0.5909354450565355 0.479656339494348 0.01009574553340653 0.012222268786066914
7 0.5876217328606393 0.5170815660835826 0.00149491707552607 0.004839484068700717
0 0.6203202282309449 0.5591062405221168 0.10901095822939233 0.08120937095255487
0 0.13195583809676661 0.5509330422866483 0.1687833282861913 0.09237355516324908
0 0.8608818912968943 0.536474283068933 0.10053955308953177 0.0494213120214142
0 0.9879069872268387 0.5473224475524712 0.024186025546322654 0.045105006180660046
0 0.9057838514135191 0.544947915376643 0.10993168391553354 0.04920695212468196
0 0.44267768900454973 0.5617895179692707 0.12207999931783226 0.07100832527547518
0 0.5073798105921896 0.5516207572202064 0.10349245509653182 0.05996144111073276
0 0.9641610898156094 0.5389408902434778 0.07167782036878112 0.043441085907059196
0 0.5365952961472051 0.5956947164780452 0.09886346031922744 0.10888347014487176
6 0.7593813481464846 0.6124552602823031 0.031231097798081753 0.17596843831777198
6 0.7146654473220393 0.561014646567115 0.013878513721996222 0.045141933941795775
6 0.5496225059980141 0.5212032692114584 0.005099024331477908 0.04306325589072646
