7 0.6029788551312435 0.4566881948162099 0.00897102401792016 0.03850216273774559
7 0.5156723118792499 0.42691094103344635 0.006227713189879247 0.03258786032736061
7 0.6010463733116735 0.4873592186084028 0.011266526345116934 0.013589835546733042
7 0.38990864506589623 0.4550305737206266 0.009269860434130028 0.03926410947083975
7 0.3530070405356168 0.39460969693696635 0.010903867779352261 0.04692450029421691
7 0.37341655960729253 0.40941584518743007 0.009097991033195862 0.040146288869018276
7 0.021580656942351943 0.2989702343207037 0.043161313884703886 0.19100741631596013
7 0.2689355921027896 0.35744133245034176 0.01653409260761607 0.06421372735792485
3 0.5350061543096003 0.6377097893010435 0.15499155778688112 0.28304148517421945
6 0.9258615180150345 0.679570962963441 0.042858140860560945 0.26276957427239367
