7 0.6761982602068621 0.46142726870215967 0.01426160858672565 0.03259609420843723
7 0.6015301453651243 0.43568769159286846 0.005817279767321604 0.028065867204955186
7 0.6714981493295572 0.5237334922076106 0.0015669431819345103 0.004647375847901536
7 0.32025087855506307 0.4716771526074354 0.010563711408678733 0.02399721667904542
7 0.28386967614006803 0.44241026107759185 0.00630596475000178 0.025099444881004407
7 0.30155098240992095 0.4471400618911436 0.0056420792588995905 0.023019279996088216
7 0.3193570076330521 0.5177859478931637 0.0009550553814502982 0.0034584512642791276
7 0.27691678543136644 0.4617278247675057 0.014635962989159368 0.032347469907065496
7 0.40134936977625124 0.4373500252884567 0.005663055527819649 0.027331730104544927
7 0.3533228118250061 0.43736819174218233 0.006148194538141194 0.02732396766983275
7 0.7677690765151332 0.44027020976433257 0.023412571288506046 0.050496483467128206
7 0.6885223968319042 0.4290456439172793 0.007414804052424229 0.03101156296148161
7 0.7113508418528227 0.42030773235776364 0.008614708517769798 0.034907756429177594
7 0.7629640695479155 0.5356622876319634 0.0022598895434409183 0.007118618873232396
0 0.7175844616488269 0.6840577461893003 0.22334169897022116 0.25379566074797266
0 0.3833602229390587 0.5492373046541585 0.04707308025823692 0.04927374462318268
0 0.7394718399592214 0.5322321258189835 0.06015459954261382 0.029077839322244947
6 0.41428085974533657 0.5126444166140722 0.0022297929616517664 0.017892354243955855
