7 0.2872749424049429 0.45995148972429023 0.010955196844466997 0.03478670161364783
7 0.21917755912997589 0.4103433055577972 0.0110786934310603 0.03968548781699405
7 0.25336868414683683 0.42126568074355086 0.00932755682546818 0.03472570877461545
7 0.2880157607300501 0.4875685146783165 0.01091801965399175 0.012453288228808979
7 0.285728989709096 0.5256365808857766 0.0014477355125313007 0.004945921880578852
7 0.5826983582445778 0.46231287209642474 0.00700584963140316 0.03216130392921013
7 0.4614631017581221 0.4374221399659671 0.0054123049924352795 0.027175544242118932
7 0.5093839505651369 0.43742801389819425 0.005142706040365708 0.02717547971918055
7 0.5780272331611689 0.522912653125986 0.001373751860058725 0.004511183882010772
0 0.9414836273769779 0.5539934531746717 0.11703274524604423 0.05894233379455971
5 0.8844959363076912 0.5489066718709225 0.04519814110712028 0.04698268080753376
6 0.26579606841802916 0.5323446754951151 0.007661726290597859 0.046307136421815165
