7 0.6654183799382127 0.45403481964737596 0.017828505540993134 0.04116779312895669
7 0.508665355730637 0.4214714551438098 0.006116537842770109 0.03562143476275015
7 0.5709692050227334 0.42144084127532666 0.006942495685428485 0.03563565192383883
7 0.6594703571101541 0.5325779997616867 0.001950002947484486 0.0058752153958245845
7 0.24886532446452092 0.4684734335057075 0.013100799512472922 0.028337157999056783
7 0.184344911081314 0.43155280595558887 0.008895973428142273 0.030981354521519344
7 0.215455419173808 0.43834641533424273 0.0077017895910305445 0.027872809749278638
7 0.16348012713473764 0.45448755842599686 0.019855635053515036 0.04076283346657589
7 0.32082714031258275 0.42399506609687443 0.008130147565756474 0.034456771576348355
7 0.2606206982818502 0.42402370638046816 0.00889270000853254 0.034443491514403846
7 0.7910303509323059 0.41696415127975217 0.03485434901814388 0.0745327949563322
7 0.6798145176375239 0.4108956774860947 0.009493858383389675 0.04052311937975567
7 0.7091159419253998 0.3961007305740495 0.01156479813406508 0.04743881475476375
0 0.20036525844732492 0.5929858484154993 0.12560182004227943 0.08983735928026138
0 0.002941262375222499 0.5399374620834687 0.005882524750444998 0.03662829187239425
2 0.36751196134908576 0.6020724491520395 0.1368880728633638 0.16871800937488068
0 0.7734531005320058 0.5454458007299079 0.08203761594689618 0.03948412622511366
3 0.5016836098960522 0.5122085092183362 0.0124086218739895 0.02281933082896581
0 0.5000985920049006 0.6028700503545116 0.06593243999514509 0.0979346355630073
0 0.7560790417484045 0.5392844284280534 0.07753259135419477 0.04080345137171093
0 0.20716529526856697 0.6240252560844588 0.1879933118706882 0.16830958557045927
0 0.5013100141441159 0.5180375323484812 0.012552601828346832 0.015870489748492145
6 0.3838942012708534 0.5193690757010071 0.0035334238553098585 0.011959719846751593
6 0.24393811130165707 0.5259678983937996 0.006052273835755351 0.03489567970889229
