7 0.5769604213672859 0.46835286554249445 0.006163001435164794 0.028589257003251267
7 0.5115321464845308 0.446178151305587 0.004618875452268578 0.024180808558150968
7 0.5755524097140545 0.49127583135194275 0.008333052875171387 0.010166658115439653
7 0.572794485113514 0.5224481525047979 0.0012206829893283144 0.004027372961362019
7 0.417743915002344 0.4672781768978753 0.006300085041361481 0.029010669989165405
7 0.4006789071843331 0.4299560566016529 0.006845314087827348 0.03127622854297235
7 0.4103637475783729 0.4368977728587 0.0060740472417838975 0.0281110447030824
7 0.4175616411872213 0.5222981012444464 0.0009079321473982049 0.004132933183256471
7 0.29866304363653 0.42261868719606993 0.020939416565759372 0.07049058031310929
7 0.35997581687647995 0.41503908562037684 0.008828791632796207 0.03812494230658797
7 0.33866567086883326 0.4019501940266359 0.010505672008182143 0.04418715996770156
7 0.30175923166563956 0.5510164385825957 0.0026789824171529197 0.009592599384400935
0 0.17458216331686593 0.809852985912281 0.34916432663373187 0.3802940281754379
5 0.3950695707266218 0.5380104400251216 0.028546325657545668 0.0360517098331089
5 0.23034120633448674 0.5592696218284638 0.05228858178936735 0.0646290089868301
0 0.2208728524029824 0.5387927037404846 0.07559927963388063 0.03636748518312283
0 0.010524770440726142 0.5371094396931577 0.021049540881452285 0.039645586202005534
0 0.49961783462006254 0.7952362026502091 0.29114058890337746 0.40952759469958167
6 0.16482342172045628 0.5325288666742329 0.007714141773605854 0.04084025139635927
6 0.35432313965957996 0.5754446893030212 0.014275204363808192 0.10307781183075815
