7 0.48312504028981795 0.48792660793163295 0.004026174076270983 0.010302177450348227
7 0.48324667852851255 0.4781748473404155 0.0017010464647271295 0.009474217748314195
7 0.4838399709619726 0.4788910330732997 0.0016433187181839615 0.009161603193619305
7 0.5397714769385027 0.48510824495707283 0.005044938830205958 0.012707510869190641
7 0.4908358757368236 0.4751414098711226 0.001906049314716829 0.010800073855509629
7 0.5101079320051558 0.47513878519001107 0.0018992115050311398 0.010801222058478166
7 0.684493112235466 0.44643630387862465 0.020179349995029794 0.046068685405547594
7 0.5094759833118692 0.4099281709170897 0.006854144053441535 0.03999543907858161
7 0.5791470329319706 0.4098936893373638 0.007883884962372134 0.04001122405283314
7 0.6778595305342541 0.5341547596827533 0.0022192655544314155 0.006565695681875816
7 0.22903679187853992 0.4642888019980142 0.01430877526169394 0.030585540524741828
7 0.15193562228548443 0.4225358926257303 0.010201748052934001 0.03424821155213703
7 0.18932831195618832 0.43083980273270484 0.00868902142170544 0.03048975898815004
7 0.22707475017655082 0.5229954720794501 0.0014409238006264646 0.004420705276621972
7 0.12429523158594304 0.44699575390421825 0.022701605752918103 0.04558135932700369
7 0.30014104348738346 0.41311177883215666 0.0093437222820823 0.038539539418405544
7 0.23305491782380267 0.41314380782752347 0.010288923815479495 0.03852490910258971
7 0.412540374886521 0.4851414091434055 0.005234251714046345 0.012679202096377185
7 0.41869483241483807 0.4774875068004141 0.0019917072838497307 0.009774392540203014
7 0.41570464763246384 0.4766713008828319 0.002075129450651192 0.01013103558286732
7 0.4118227856347059 0.495465474653372 0.003782317921063316 0.004576492925481124
7 0.8577153834356936 0.3940604780358795 0.04475648606044358 0.09229932052041451
7 0.7040497634138287 0.3962806593834707 0.011190926373269683 0.04627207338479633
7 0.7427631811071944 0.3764215495188846 0.01410982898904467 0.05550822247266124
7 0.8466271090209856 0.565426206078771 0.004604235190854067 0.012886086378093298
0 0.4620627729599721 0.5132909424705809 0.01828632439474226 0.012211630126910511
0 0.7603725863537096 0.5379044295741394 0.08059164643268668 0.049479068369052026
0 0.5513261115540987 0.6238035392798349 0.1260403618783857 0.16383825659777485
0 0.8084178239861395 0.5422035096776303 0.09253883156721177 0.055235501289745415
6 0.978397047898746 0.525741642126496 0.008117598236564327 0.03675663443691424
6 0.4779029620038593 0.5284719848027062 0.00427473484171087 0.036588194994245704
6 0.442256008313915 0.5289658221557481 0.004918536867889178 0.037599519244000734
6 0.9633797480149195 0.5971883712842818 0.029955145568794084 0.1401216667273394
6 0.4140953922109827 0.5091928250403607 0.0017371430243587338 0.013060997858977741
