7 0.4929067368044733 0.45478140343734363 0.017069292428638805 0.04176319187131444
7 0.3285175004830363 0.4092683345706998 0.007994377518663331 0.04128168028359508
7 0.39944944141710426 0.41484038008273794 0.008119668942622171 0.0389815826789478
7 0.48725684330386987 0.5334233843675593 0.001914027295837728 0.005917600954025604
7 0.055095322415368554 0.3914541157129392 0.01406600588595315 0.048505142827840464
7 0.6315704059715651 0.4231927563102432 0.028604990462697488 0.0716202369353321
7 0.5121183436661276 0.4122545555039979 0.009374787326987932 0.040675201050005105
7 0.545782216182968 0.3991795514590698 0.01107383372561499 0.04697190885850072
7 0.6238930217582646 0.5547386721674533 0.003087517557121333 0.00991023148960335
0 0.22620587202608294 0.5292319122147128 0.02548575484464169 0.027592189258898392
3 0.27176089434397965 0.516255412928998 0.015320607178810342 0.023791684151301618
0 0.26891159209102866 0.5217287097802537 0.017862748279890817 0.021639000853294288
5 0.012185109578059069 0.5597696400449438 0.024370219156118138 0.05903201676851788
0 0.23355512892170235 0.5751713117403553 0.11497364763311796 0.06932886494338897
0 0.18728574708821458 0.5298135120146634 0.028901942003820347 0.0280231297122161
6 0.10032607662708687 0.5311275120535632 0.00844392927762444 0.045059306099937024
6 0.7051596842439324 0.5236904338019326 0.004756608793088368 0.027208203756267757
6 0.07651164051354947 0.528340116458608 0.006728182914214231 0.042359786764327056
