7 0.4926374779923418 0.4522152628718645 0.016956777715821936 0.04167818478800289
7 0.32801578765930783 0.40814929419419327 0.007858575963068881 0.04125698708558212
7 0.39900756902932977 0.41308813564639696 0.007999818326715424 0.03896825313056507
7 0.4872146398868247 0.5309245664220352 0.001897035976828887 0.005927240320396265
7 0.05436396036198018 0.39278660006680965 0.013894401661103076 0.04842699948498974
7 0.6311768892390186 0.4191875618010735 0.028451274130401494 0.07155933048881885
7 0.5117107420430256 0.4094567706725985 0.009264314974074872 0.04068259320245926
7 0.5453292870640201 0.39602525056805543 0.010952171910095898 0.04699349257223184
7 0.623827484959252 0.5508615718737129 0.003063524409580798 0.009905588949167599
6 0.7051739991660158 0.5192993957295158 0.004695465832663115 0.027197906621107215
6 0.08298799065866441 0.5337651264773601 0.00915617589528829 0.04484483011202012
