7 0.49273436296820117 0.45285373173436383 0.016997587794385982 0.04171217562200774
7 0.3281897732215892 0.40825266503533475 0.007905912204700605 0.04127016396628708
7 0.3991629660426509 0.4134245046140139 0.008042207310230642 0.0389768749898714
7 0.48722993476180615 0.5315396633321019 0.001903133488004527 0.005923491214672061
7 0.054607523190539756 0.39199174665424197 0.013951922928471631 0.04846105088627456
7 0.6313227556556926 0.420287065739692 0.02851002042155093 0.07159093043534265
7 0.5118577422922893 0.41016526261939473 0.00930450853746101 0.04068406040173855
7 0.5454937861627078 0.39684753739549916 0.010996928180820098 0.04699117229955524
7 0.6238507908718098 0.5519209433849139 0.0030724672064254 0.009906344087449503
0 0.18616684153703777 0.5499064448333841 0.04909895977904177 0.04997809691966537
0 0.2715393181490551 0.5184669793562435 0.015344513529413906 0.018718778511520928
0 0.10044392828804703 0.5453723383865803 0.08700180193831261 0.04492980216950593
6 0.1764281780321621 0.5319594661137634 0.007814737538325761 0.04309972680154284
6 0.7558896137320608 0.5198258300859588 0.004625484361504895 0.025771983032170542
6 0.7051703601531598 0.5206360469636873 0.004718888944233557 0.027198029824384018
6 0.07499375754419407 0.5297467364652391 0.006899280747935402 0.0435849747977467
6 0.5616146028372393 0.586178443215065 0.01829638495213548 0.11675495561845473
