7 0.4322970802942458 0.4847128003715744 0.0029245766569013787 0.014050634216019375
7 0.42683795728181123 0.4706382712592415 0.0028154142066677545 0.013240320049932308
7 0.4300191179213518 0.472008303201633 0.0026745558441669814 0.012637714435904335
7 0.4332013187925211 0.4960484626167784 0.004142094023620313 0.00507399318504248
7 0.5545139476924634 0.4849865966837922 0.0027410947750540204 0.01358506051040248
7 0.5026581425108625 0.4744007839414637 0.002180535889525159 0.011468911885900213
7 0.5231171325264462 0.4744082042473715 0.0022603270611640802 0.011466471774765175
5 0.3108169007112278 0.5817976818493815 0.04298136004290376 0.08111173061887877
1 0.7060962486759751 0.5044980830940433 0.08153559581452474 0.053284212614330806
0 0.5017285079161815 0.5289385765026235 0.021662856291803367 0.030814548960894972
3 0.5255062245896267 0.5150872904777095 0.015549902879141264 0.032290486549790165
5 0.48031517725453193 0.5184088963840314 0.005695440084306225 0.016689646524964075
0 0.8828865856674465 0.8378716608575901 0.23422682866510702 0.32425667828481974
0 0.5347589564826012 0.529226649043844 0.021058847781637358 0.026535218712800845
0 0.5014140121301878 0.5163949832701191 0.011627283956285095 0.015474642761349355
6 0.3960443173990556 0.5194897356423045 0.0036244978014848828 0.026194603465889865
