7 0.4927032201232703 0.4524982316797237 0.016981391227924636 0.04170108024711322
7 0.3281281687333143 0.40809554052712754 0.007887018914443988 0.04126710205818429
7 0.3991085859633515 0.4131803301274831 0.008025326993577053 0.03897544067468511
7 0.48723128763989465 0.5311931500844695 0.0019007113878400372 0.005924695766798771
7 0.05452011813300062 0.3921746602425666 0.013928658766167966 0.04845025873728359
7 0.6312753194433354 0.41968301819400555 0.028486996663384945 0.0715854484038862
7 0.5118071601657711 0.40976836618836576 0.009288583099955394 0.04068572703222467
7 0.5454369677134756 0.39638925412880976 0.010979238191780039 0.046995088845389166
7 0.6238518279402838 0.5513367066246506 0.003068963699489613 0.009905128715872125
6 0.17643419892976991 0.5320422503272438 0.007792207902422382 0.0431019651157829
6 0.7051787739257971 0.5200493554022887 0.004709655991149475 0.027197722517545597
6 0.4857976561498368 0.599460072648591 0.01903657567716055 0.12917255888218304
6 0.4721359910566576 0.5956055274970293 0.017500080465376433 0.12387203393023316
6 0.07499969158730245 0.5299584341862442 0.006875041326515258 0.04359240592815905
