7 0.4935118711141204 0.4586631624353648 0.01732077162199075 0.041965389622777294
7 0.3295956103143623 0.4099127046133653 0.008281687709769447 0.04135675646780934
7 0.4004135967508355 0.4168957536890421 0.008378545435412499 0.039029880969031205
7 0.4873593526693657 0.5371608614948616 0.0019515486228268153 0.005905133516145522
7 0.056606270168476205 0.3866423886175464 0.014408255860866866 0.04870320008784157
7 0.6325006870622527 0.4301879421870648 0.0289754413861798 0.07180171683537556
7 0.5130347004356293 0.41662086555273625 0.009623153931229034 0.04068077057373681
7 0.5468114766919941 0.40431259184627083 0.011351646157623296 0.04695418126941131
7 0.6240565616963167 0.5614910181008781 0.0031436600958753003 0.009919604729965004
0 0.22620564177065716 0.5273225019527904 0.025676206639990595 0.027487311819642368
3 0.27172414789013033 0.5153675762916188 0.015531714163034449 0.023987722835819625
0 0.26580096730896313 0.5246457589973257 0.0209047565488637 0.025865005724190482
5 0.5612211822151685 0.5490398825624192 0.03187386391226277 0.038151256555510105
0 0.059141192947346335 0.5445959968601746 0.11828238589469267 0.05663736235782413
0 0.6661795898019869 0.5501070353914528 0.061726863024683665 0.03104343159540024
0 0.187287386698955 0.5271284899374657 0.029095629189766242 0.027830160239410096
5 0.16307164813809366 0.5826543663651226 0.06789195440515663 0.09663958392040528
6 0.7558373645589932 0.5321627459260951 0.004792506704317745 0.025835802537378827
6 0.7051310001487783 0.5316568310718797 0.004904514917929315 0.027257573710131044
6 0.0987744736104779 0.5180287436527025 0.006719720732272089 0.0335503430632168
