7 0.592424310097454 0.47727951506559047 0.005173761762144458 0.022644157619177596
7 0.5405638760700077 0.4596964301744434 0.003859983014868673 0.019131440234319064
7 0.5912990474154394 0.49549438025492565 0.0066895550862535735 0.008087492367000237
7 0.5891397301673487 0.520297673794307 0.0009904948201122643 0.003199050241065482
7 0.46627523266830784 0.4764967946521702 0.004160797562532681 0.022905624523149537
7 0.46362620345704914 0.4498134522601527 0.004634143238998245 0.02331581327557458
7 0.4662912521947034 0.45385933158254826 0.004261200632362905 0.02150995957363966
7 0.43299689092872284 0.45423793479507507 0.0087139476589993 0.042802465209497376
7 0.44415712600940294 0.44176520561359534 0.0055174269011601385 0.026921928092814185
7 0.43844336516913107 0.4353457904781671 0.006155099679369114 0.0298113370096334
5 0.43951083010999625 0.5316421967323611 0.021471961304616316 0.02797190671443306
0 0.40228161502979415 0.5343958606383998 0.05647511510305592 0.030103856626202297
0 0.0630886780749316 0.541282823351346 0.043514957813488395 0.0320730935094834
6 0.6319949966016079 0.559772299377414 0.012024321002314875 0.03511023540441727
6 0.24203328663407303 0.5646689339035493 0.013356137528975215 0.03822412638487327
6 0.6690821684108244 0.5364310860601151 0.00734183626294993 0.04484853616089557
6 0.7330974711709636 0.5234038624519468 0.004956388417398205 0.029060385247541842
