7 0.7013434158010469 0.48335972326182974 0.006133564574951622 0.014292867716890145
7 0.6443292600277657 0.4729868916607308 0.0021245689614435292 0.011791389211981751
7 0.6664114190615094 0.4726769382045049 0.0022688558158386885 0.01192911053564183
7 0.5289633859351344 0.4848357799383558 0.005325518363725745 0.013004851062434819
7 0.7108594107916326 0.48045159857578845 0.007280478014949909 0.016799356993385528
7 0.7034656098971616 0.4697913602466238 0.002730151901116029 0.013203693456769139
5 0.6799188766110962 0.5287969753479179 0.02527808472516979 0.03062078487515163
0 0.29616569868365816 0.6027714629457758 0.14605013506420808 0.11304763082436065
0 0.11028916723579632 0.6682276304521917 0.22057833447159264 0.22015817884400946
5 0.8062882704594974 0.5331691749812677 0.03327798059444065 0.034819259252456436
0 0.20862286727934426 0.6850664378619421 0.27582818575949564 0.28477194787528104
0 0.6126404345636335 0.5236976104940092 0.01630202889017407 0.02403261531403833
