7 0.5056095942729361 0.4814224515624247 0.001600497259078404 0.008100937121581275
0 0.4853191015915714 0.5395532101952567 0.02843853685577924 0.03282126067330482
2 0.5153968161349276 0.5113566202673383 0.011911548491903567 0.01768178587985869
3 0.5088387166017461 0.5085116707533184 0.01925904957391994 0.01931274195841809
0 0.5493723745141603 0.513119949766907 0.01836803998524783 0.010110830272196836
0 0.36214877271005796 0.5124094411512627 0.01928888085952052 0.010172917278506555
0 0.5138344159316384 0.5152068087369068 0.011518443175880688 0.014118979558850775
0 0.5305939643305233 0.5208600427753564 0.013022471570146577 0.021056957108288143
6 0.739656260884424 0.5569730409569649 0.012585384779192355 0.07940924173879715
6 0.43133407816015823 0.5107947960591486 0.0020418317681290543 0.007003078798950013
