7 0.3432859884057614 0.47076073963091203 0.00727304813740709 0.026233360748300183
7 0.30862532978815327 0.43841999197340664 0.006942708284361443 0.027539976850684877
7 0.3258458133506602 0.4439568924994491 0.006181577754228396 0.025055614999734965
7 0.3442347434715767 0.4917263484105925 0.008046001125166735 0.009424783012733695
7 0.3424971057087372 0.5205746122029355 0.0009860425316867705 0.00373623872729012
7 0.5689259876529851 0.4719268150405292 0.005118983622753315 0.02478276693981807
7 0.47501471590361555 0.45276880050305124 0.004108611954598995 0.020903822208952982
7 0.5120571691805333 0.45274802921729923 0.003972954030399767 0.020913967516114407
7 0.5653005308716035 0.5188900281252744 0.001046480052215526 0.003492207319796825
2 0.5075180341365759 0.6689658816155869 0.1756004994240553 0.2941588235375885
0 0.07917435115502286 0.6394387028330423 0.15834870231004572 0.19581123609711204
0 0.37522728386865345 0.5572269393894524 0.058605876015569214 0.060038626779427284
0 0.3411000371642126 0.6316148356560778 0.14007700514950072 0.19162556805668707
5 0.5085508349258661 0.5280915403806943 0.00874791885976578 0.02641882663436068
3 0.5433856304446847 0.512502361252418 0.03192324872132668 0.02652949717953812
0 0.46244333967148155 0.5344803198481918 0.028831004054310938 0.045158146938780286
