7 0.495744721061239 0.4813450932930614 0.0014809614503343282 0.008520814099123142
7 0.4958166883171853 0.4819248085643578 0.0014369542181200678 0.00826710672923775
7 0.5044165241370474 0.4789336222913455 0.0016767260163275122 0.009577269121425924
7 0.521518473252422 0.47893626685971546 0.0017382697787708956 0.009576063833921067
7 0.6672046403705194 0.46436823014165823 0.013717993977054865 0.03151494274255606
7 0.5472724457291014 0.4394123751772515 0.005115543700022873 0.027150034050957228
7 0.595017423315731 0.4394335111064426 0.00559496289886996 0.027140376890442464
7 0.6626672516090909 0.5246570072244274 0.0015050984990572225 0.004498123284854105
7 0.32060239672631285 0.4736080823929334 0.010346030897143088 0.023499701948231977
7 0.28592877763923386 0.445407294331607 0.00611559223539998 0.02445385149723639
7 0.3027842058523421 0.4498217813482419 0.005487845803811453 0.02247503859823513
7 0.27970157223218317 0.4644539249676096 0.014214953887672799 0.03144246068972928
7 0.4008730066368062 0.4408092204990069 0.005481111883817058 0.02652104364184671
7 0.3541279495596678 0.44078900860811526 0.005946815908961067 0.026530272846585268
7 0.43471751476037906 0.48779095105589576 0.004567704019077801 0.011267155756622793
7 0.43821799056119165 0.480777844074624 0.0017153529422565539 0.008769320793565738
7 0.43627773908841194 0.4801249051898221 0.0017775293740067144 0.009055320125825161
7 0.43399182352478594 0.4969672968435738 0.003323283465424709 0.004069860526682678
7 0.7513597739876756 0.4455599027301577 0.022011918288584176 0.04795068213633069
7 0.6784797940568864 0.4334211111066821 0.0070643711315432345 0.029856082165188425
7 0.6996005220200461 0.42550097907539475 0.00815278664456942 0.0334508552809773
7 0.7469890988969488 0.5362722864838638 0.002100571899395054 0.006776481763887121
0 0.40153898333073357 0.5137556595811614 0.020875261939903356 0.009673715842348107
0 0.7587654575405228 0.536084969579558 0.059192226167010364 0.02962248266101264
0 0.40945629694931246 0.5105701930163982 0.02280537413457151 0.01426385232924221
0 0.7258448582697563 0.5311448295103836 0.0608643487015359 0.03230586478163089
3 0.49683184604685626 0.596077535057297 0.09258403506779894 0.2119645753175537
6 0.19570633331587423 0.5584249510276253 0.012547463470068992 0.04772302664480721
6 0.15186107441181423 0.5486240602310025 0.013098572093031585 0.06783550595826449
6 0.40091243337292615 0.5214893549887278 0.0038692990451797415 0.013458981751773735
6 0.43737659135983864 0.5234720681214753 0.0037658246613306856 0.029026458555817758
