7 0.4306644966853913 0.447126894228071 0.005025738238646493 0.023737433007497755
7 0.37835103283824034 0.45124914255007875 0.010915685508649187 0.043980672765674134
7 0.4047750591611143 0.4388123201876163 0.006041241014368759 0.02747523541153457
7 0.3940421858537495 0.4321359292311212 0.006799566090192388 0.030491084191998752
7 0.37932179831257196 0.5330296860925912 0.0014775338824336015 0.006089328996431886
0 0.5078386450593739 0.8000158573795295 0.27350585547398715 0.39996828524094097
0 0.5065770545803068 0.6022948371040315 0.09193038148606314 0.16470282912487566
0 0.580838583720806 0.5379859793597821 0.06837282060270033 0.03964911914632974
6 0.6387725834619 0.5425068030330462 0.009111330401938234 0.058647978978377924
6 0.18076602655289598 0.5516242304632732 0.011422257967684674 0.06483882830858068
