7 0.28728779370894075 0.460383271456049 0.01095462406745168 0.03477722869025912
7 0.21919673891229624 0.41088791915394396 0.011078477942616488 0.03967761041480594
7 0.25338474619250095 0.4217575961938501 0.009327270025665968 0.03471955610577954
7 0.2880288250476939 0.488002789615375 0.010917833823341938 0.012450428293987348
7 0.2857421576634023 0.5260709215643405 0.0014476828726567859 0.004946710892679951
7 0.5827067688245262 0.46269204297574296 0.00700461799009966 0.032153795112137395
7 0.4614724379990332 0.43781701134348405 0.005411394850419637 0.027171751422071178
7 0.509392535063984 0.43781791043255713 0.005141802862833833 0.02717172679569335
7 0.5780383905100863 0.5232919559798115 0.0013735689082651215 0.0045114727530720655
3 0.9576754895213898 0.5398067154372441 0.08464902095722038 0.08963868038126377
4 0.528692349449845 0.5453825228094381 0.027151654484396492 0.04713105197439771
0 0.5139755244607287 0.5362747420937903 0.03382884549825893 0.034777818188994614
6 0.22258292881067654 0.538862646802098 0.009612056400509272 0.05494387367471787
