7 0.6024015958280484 0.47094850215201045 0.006020947470871341 0.025510913544736225
7 0.5441849097517883 0.45113885869386616 0.004375052273666746 0.02156894658166003
7 0.601116624410675 0.4914294441854453 0.007551498810555168 0.009090452123145798
7 0.5987023333869796 0.5192966553519685 0.0011249414813865322 0.0035965919926894685
7 0.46057204650697764 0.4700021390061176 0.0047680909788127 0.02586368291181451
7 0.456449795637083 0.43828705280712044 0.005411799137170492 0.0270542630057648
7 0.4600038514355863 0.443659235031196 0.004910439325492177 0.02465293671206048
7 0.41405854974513145 0.43815725115352905 0.011668707710065673 0.05442349070498964
7 0.4323300641952749 0.4272025227840799 0.0066478622973003 0.03203506188230226
7 0.42409648440565983 0.41797014603382077 0.007592261429796576 0.03621035948039131
7 0.4146001566438994 0.5384574334464711 0.0016347977512201628 0.007472273204468638
0 0.4125802940049932 0.5344847347090502 0.027872248012242362 0.028957558055292987
0 0.4236117699380476 0.5457390286656041 0.06332563362189952 0.04521783679799296
0 0.4975812248552255 0.6545341228425579 0.11705947966306413 0.18325261277643512
0 0.2746806361672865 0.558800549387394 0.09415403676281042 0.06982284348977696
0 0.6542425243319651 0.6310227941247359 0.12837688978954565 0.16278891143542318
6 0.24506281919554346 0.527340143860682 0.005736059698189688 0.03536818590655322
6 0.13690758500817868 0.561965092321262 0.015602079944594782 0.08061250962697775
6 0.2500834081140152 0.5233043513807902 0.0056295514566448435 0.03338861875915089
6 0.5528431031580372 0.5222682078102158 0.003904267376229842 0.03191754709863681
6 0.07480493309400726 0.5230985986368036 0.006886792191985694 0.0330962777752446
6 0.15791234178524804 0.5603548903245892 0.014984101861208327 0.0784175774847774
