7 0.5451383562604728 0.4891595619946645 0.0036760943679845504 0.009228053166460637
7 0.5095963645277564 0.4819382946203449 0.0013672539768448955 0.007821380919225296
7 0.5235908621641823 0.48193367121952485 0.001409338212635669 0.007823493298647177
7 0.6090234016758556 0.47719904236018096 0.00813012535007307 0.01946888077869502
7 0.534436171486921 0.4619371368386953 0.003035877750503624 0.01660077168750268
7 0.5639377992761454 0.46191605641449995 0.0032227816371738216 0.016610297752712055
7 0.3831136059569183 0.4812483187701694 0.006749172123176828 0.015991752907562995
7 0.36881401375574524 0.46446341409640657 0.0034433037381241816 0.015483817875250827
7 0.36936738533007085 0.4773715980361847 0.008224940842378847 0.01931739766788898
7 0.44377686129817495 0.46256232979022216 0.0031730301996770738 0.016323815640287342
7 0.41484347169536384 0.462582685601424 0.003346590125454185 0.016314618065901454
7 0.45263302356773594 0.48918930729425847 0.0036939489103167134 0.009201410461571913
7 0.4547889717651875 0.48321810441558677 0.001393055253829656 0.0072635245302263285
7 0.452009658255929 0.4966855345582145 0.0026970440009217445 0.003327056746987689
7 0.6354666974957044 0.47112020715954683 0.010505700241784433 0.024698438685073987
7 0.6115395524230796 0.459655818911638 0.0037304812702698698 0.017610631721267034
7 0.6186513872599473 0.45696565510192366 0.004029456874328763 0.018802980203104225
5 0.49940537900366316 0.5219327366251165 0.013038197820850805 0.02212347522465341
0 0.5524130856761738 0.5432554485277494 0.034976569052005524 0.041038514108732826
0 0.5031612947030607 0.5441085089075453 0.028877081724561438 0.04834731099626299
5 0.5183533790284202 0.5114363372807176 0.00361144046438322 0.011486957154342115
6 0.4376894689125297 0.5100465664220477 0.0017381476173079502 0.014320220150615293
