7 0.5613831606244029 0.49036966036634067 0.0034452904299323572 0.008634329743080982
7 0.5280907676092805 0.48369140243231185 0.0012768292725587882 0.007294559739480233
7 0.541175210746738 0.48365879213818186 0.0013161631270591778 0.00730384122555755
7 0.6142218670131568 0.4805351400536873 0.0070793218240714495 0.017000825044166112
7 0.5488697832337103 0.4674533725834308 0.0026211080486990834 0.014395846056705242
7 0.5746108649913833 0.4673491386131863 0.0027732114562177834 0.014432039909080985
7 0.41597626132715937 0.4841084105927394 0.005849118438614742 0.014087615507526241
7 0.4106277887538898 0.4712401237108107 0.002725991626412849 0.012782469505038196
7 0.4065047227996017 0.4811650374881085 0.006935121538851452 0.016614450277190107
7 0.47028629020227064 0.46819164442080896 0.002702750916154184 0.014100424866686945
7 0.44537859620988496 0.4682914838314365 0.0028214857960101036 0.014065874975066173
7 0.47508914475013697 0.4905391581118377 0.003417446353168152 0.008553490841345768
7 0.4745051318077652 0.49750507670524546 0.002496583130289609 0.003094460228370677
7 0.6333423264467175 0.4760352482363409 0.008809203160938694 0.020848558540650874
7 0.6155689109081173 0.46551289305132076 0.0031679367691772597 0.015225907927630011
5 0.5361958112168219 0.5113115368790213 0.00337385963655501 0.010318916681668178
0 0.8055734580173637 0.7550720520558701 0.33398658781331303 0.349221340784305
5 0.5231051075963586 0.5108339946413518 0.002939553228275993 0.011086262479419462
0 0.5211001767720984 0.5334188730755918 0.024368218921978935 0.036833991707719504
4 0.6987794966064054 0.5452355263750005 0.03350079408573725 0.05373983647962466
1 0.48977359038246854 0.5028659489230798 0.02117943618575502 0.03667674587775405
3 0.9343067700073806 0.5374770734737832 0.13138645998523868 0.08507342308747551
5 0.5227515823757064 0.5117592433310136 0.0031668071860297964 0.011936294107697254
3 0.9818761056829785 0.5134088070622503 0.0362477886340431 0.03080133730421264
6 0.45930872414218776 0.5087765174236716 0.0015973109601660207 0.011681255255452272
