7 0.49896282754862753 0.4800587440238736 0.00147929685088527 0.008512307456599644
7 0.49903442248397256 0.48064018320288127 0.0014353865751298156 0.008259098394829412
7 0.5509838516379474 0.48647163761711976 0.004516426824079822 0.011267799308741167
7 0.5076263115101052 0.4776380024628646 0.0016750267801359797 0.009567633050456992
7 0.5247150909137823 0.47763591047494836 0.0017370597893530126 0.009568545012435703
7 0.670261162258165 0.46289175028504015 0.013723780703308597 0.031486077761065434
7 0.5503780735990351 0.4380524400395206 0.005103176286396893 0.027083990796942403
7 0.5980597204150019 0.438036100123145 0.005585871216505334 0.02709131929108849
7 0.6657028391666512 0.523114296310031 0.0015050258419344598 0.0044920286713353574
7 0.3246551672440614 0.4722974201914353 0.010267601460012543 0.02339170131559154
7 0.2903433548770058 0.44422919773121194 0.006054839581654037 0.024318749001356443
7 0.30701684785837835 0.4486186159213512 0.005437779496046347 0.02236086271279053
7 0.3238227032850378 0.5172627324790524 0.0009225353728078423 0.0033724024140510123
7 0.2842373357123791 0.46315753065259463 0.014077710530032261 0.031256846440562924
7 0.4045284114249581 0.4395603645280241 0.00544502182910489 0.026407821446378876
7 0.35807291918572837 0.4395758905041708 0.0058985787558956115 0.026400865409901608
7 0.43805898830107526 0.4864978870333071 0.004554082911604196 0.011245452140210055
7 0.44154291579769755 0.47950440377711423 0.001710222113467108 0.008753816281257487
7 0.43961007625598003 0.4788505743795144 0.001772037099886381 0.009038789343882636
7 0.4373358931662169 0.4956566377135252 0.0033135717071466897 0.004061980551341604
7 0.7541999637939614 0.4439771158191243 0.022019934818918396 0.04788227925255428
7 0.6814976939838796 0.43195424628139867 0.007060978503065973 0.029825684398987362
7 0.7025680653124505 0.4240143718020737 0.008147859446639094 0.03341267447719737
7 0.7498036545787121 0.5345471398975712 0.002097819574543802 0.006762477530073641
0 0.49415986659379935 0.5109189091569739 0.021035645456084606 0.011772693930858336
0 0.4373822832212678 0.5270886835193836 0.015687244685143098 0.0226826741972328
0 0.8176629881903069 0.7934648183580567 0.36467402361938617 0.4130703632838866
0 0.5000091839161557 0.676916423590191 0.14188321819326927 0.24254033990468626
1 0.23393977643296718 0.5050258567235772 0.13056422892566005 0.08350442124747715
0 0.49388991793997816 0.5114083923885797 0.02094334723350394 0.009902415383937657
0 0.5189832251273311 0.5147561605587629 0.009791561160891193 0.013914858270945851
3 0.763615235766582 0.5230279809976516 0.0794042524443922 0.05335527824721403
6 0.37292707070623154 0.5082289112576199 0.0014638154110274693 0.012143155199035971
6 0.3906315144170204 0.5178117612051116 0.0036954511840517346 0.025890988747291455
6 0.3750704282186046 0.5199429085710006 0.0038221474874854944 0.028936774460877168
