7 0.44602658641708703 0.47805381219817744 0.0037169704000799553 0.018798343208673407
7 0.4405910220457244 0.4576906705103353 0.003829972373270152 0.018453848221905544
7 0.44413748590121827 0.4602540184333862 0.0035732995965131464 0.017304126023890365
7 0.4101750321032146 0.4651828488825591 0.006774259757020673 0.030395149064948
7 0.42294256950441245 0.4528339379353878 0.004402621755905445 0.020642338325918663
7 0.41699658062855494 0.4491588344909265 0.004795762631980172 0.02229954855669858
7 0.5502951359806784 0.4785514013576715 0.0036764259982711156 0.018620714508116976
7 0.5073144117501152 0.46411867850211447 0.003006442032048473 0.0157300071572144
7 0.5494005881556713 0.49356831431299275 0.005401087105434632 0.006674334642765678
0 0.4996589769642349 0.5795764099593421 0.05728245022632761 0.096423686257184
0 0.26038999429352216 0.529357070245016 0.05540798050882223 0.02744177236466072
0 0.499657529517482 0.5491482015364375 0.04379337141629791 0.07666057285321892
0 0.12339198339063656 0.5235590576309578 0.051240775602438726 0.022531238745830517
6 0.14710166967147564 0.5170395079094864 0.004089336115144976 0.024033887501654805
6 0.5581325937604238 0.5312988731278968 0.005040615185834096 0.04190031949465145
6 0.2767858814891409 0.5268452403846812 0.006196265729522588 0.016259237734106424
6 0.5824187211639749 0.5225368092399942 0.0036810691521059757 0.029051670487669767
6 0.20991659629168466 0.5300755287888039 0.0077472680303964925 0.042260283812069366
6 0.5606555342300257 0.5286060293453925 0.005704519510619344 0.040690975933242
