7 0.43951722146256983 0.475211369344789 0.004404733185882415 0.021697490620442683
7 0.4315084270139269 0.45051790502828915 0.004595407646342364 0.021854800353505288
7 0.43641830407207305 0.45406092382804064 0.004231184911306807 0.020260364388837937
7 0.38792204199985386 0.4563550433093666 0.009256301165587177 0.038770857455821595
7 0.4087120500177599 0.4435717336284298 0.005437196259840293 0.024991260273578564
7 0.3998852404080291 0.43812075102765624 0.006046435066860201 0.0274623042482241
7 0.5595531770141804 0.4759216614402828 0.004351370091825735 0.021475738450411008
7 0.510099290644114 0.4592470569775806 0.003463798668274176 0.018142591692242582
7 0.558509943777465 0.4932136004900387 0.006239675540892775 0.007676719403077181
0 0.5014158857263666 0.6633676101136852 0.12180143001417881 0.21950383540943097
0 0.24170382247437305 0.528087871418939 0.044820559044020686 0.025424807812706507
0 0.5013281299781898 0.5772300180577373 0.06877939358425428 0.12215624940216485
5 0.03270256527226319 0.5340217415623751 0.03214589865498715 0.03203016200392794
6 0.3426168331611893 0.5192611762703042 0.0040695527086828664 0.026966318307762416
6 0.05033992712013391 0.5199743968935245 0.005942845225324796 0.02796072348349199
6 0.3918929979433484 0.5390940906220532 0.006988377648934507 0.05419857045801646
6 0.6050192137824437 0.5369837691882202 0.007742905337447259 0.05167075462906601
6 0.10186021484611466 0.5256670208733591 0.007447259282836627 0.016702999534629503
