7 0.5515924416408795 0.48510780485455096 0.0037527259789659206 0.018939127672367384
7 0.5078892811579198 0.4703788011982223 0.0030530345392627556 0.015993316172861205
7 0.550682707849985 0.5003779071421881 0.005496478638048474 0.00678493477768749
7 0.4455611422548662 0.48446755032817856 0.003795212985052643 0.019121220685714257
7 0.4398833270347042 0.46359276829313645 0.003915596678736866 0.018815799934329525
7 0.4435656711665893 0.4662794661918611 0.003647572811375621 0.017621884491297812
7 0.4081825130157602 0.47080116874155187 0.007028252129911539 0.031249291939346946
7 0.4217144250162426 0.4584711668616625 0.004517373896884003 0.021096241303544816
7 0.4154943002030387 0.45458918253584346 0.0049322297220519284 0.022830370156435853
0 0.13595676598784284 0.825629326330803 0.2719135319756857 0.3487413473383941
3 0.5000734269351442 0.5559222825728862 0.04215178103422623 0.07591095771067258
0 0.3299534507356259 0.5303624957346251 0.04846042289292801 0.023980541297012548
0 0.028774902593851247 0.534606171520037 0.05179409704480969 0.02507949270474097
0 0.37694795321619956 0.5307106541028737 0.03984667499441796 0.031589555955891524
6 0.5842900484513458 0.531000704007782 0.0040851404538312375 0.031131262033769813
6 0.46456269650426524 0.5383127448193902 0.005184035474556037 0.04302208684745268
