7 0.2928172955470203 0.4588100609936201 0.010307068169872313 0.03329711779795802
7 0.2317346161886935 0.412777171741064 0.010334290861433587 0.03745088839579774
7 0.2623102717250152 0.42245549088624545 0.008787004959433187 0.0330024673009322
7 0.2936577511175318 0.48529732557502003 0.010455173343216162 0.011926480186857047
7 0.5758645267340103 0.4610175476056414 0.006650722466963077 0.03073894189762777
7 0.45975205583338946 0.43710983675247705 0.005174421720779865 0.026040592470583268
7 0.5056977708592258 0.4371548186476291 0.0049317940799330495 0.02601959532858311
7 0.5713818149993233 0.5190189054988608 0.0013109041431467183 0.00431713623016694
0 0.500610633309224 0.6844333231948587 0.09588292722488839 0.1877390745238392
0 0.6980038867345164 0.5722725654080045 0.13198460516115906 0.08421017886919369
0 0.1377457080264576 0.7938163353186233 0.2754914160529152 0.41236732936275344
