7 0.6667557314496835 0.46370765000364217 0.0133138439255579 0.03062416092712239
7 0.5500960180433088 0.43958547103808576 0.004948136567937245 0.026314126553631467
7 0.5964645387099082 0.4395584557661631 0.005406313133682783 0.026326489434478684
7 0.6623151749412188 0.5222895230367661 0.0014579357406264704 0.004368460697607879
7 0.32957183859329836 0.47276522253455777 0.010010445377651389 0.022882747464977704
7 0.29697213013579615 0.44551884728425833 0.005842944448547882 0.023670010078546744
7 0.3128145039498136 0.44970766664393513 0.005264218513508334 0.021811183274738466
7 0.2915318650850658 0.46401398653927606 0.013604581442233643 0.030357075917397114
7 0.40831348891205876 0.4410514679509243 0.0052655506026592636 0.025659283956819934
7 0.3631786879377559 0.441077127049281 0.005691852420264987 0.025647546489507178
7 0.7450287291219857 0.44593018261613687 0.02099521064147425 0.04591658304583235
7 0.6771652914191524 0.43378084814878015 0.006793668386398388 0.028910627265623545
7 0.6969163264547221 0.42630611391091033 0.00779854619403908 0.03226860818830041
7 0.7409501897953767 0.5328448344532324 0.001979506412069232 0.006485823937714463
5 0.4761939387266646 0.5202507302201059 0.006374096919966876 0.019802866462863555
3 0.6679509068295686 0.5205348307124312 0.06746000120530948 0.04778229639506221
1 0.5008117695096712 0.5024485200279234 0.02331694109933341 0.04471187014803435
0 0.45222602083297186 0.5199932828281366 0.018157600712071176 0.019681696944689575
0 0.5009682523843145 0.5204210424697691 0.012896371955112063 0.018990261303063583
0 0.6169824289386248 0.532471168210568 0.06167444650636833 0.032362190811101366
5 0.8091757274546545 0.5312235446291197 0.03145682670487604 0.033160194700046164
0 0.5012640972286536 0.6533579395463167 0.10469717446251431 0.1819822368824795
6 0.4291570772793715 0.5144071008060602 0.0025038548775692115 0.012145046635813839
