7 0.6852039220292665 0.46227185331247594 0.015091865330304266 0.03424217602775681
7 0.5549834527923944 0.4352561454996754 0.00560101766737664 0.029497125102670663
7 0.6068238322494668 0.43522983489278694 0.006176322095941877 0.029507243823134965
7 0.31387287498727623 0.47322836671983176 0.011009112882821526 0.02487242433682091
7 0.2743297805680933 0.4425508406607218 0.006696747197754205 0.026240294982790513
7 0.2935584271074292 0.44762983644465215 0.0059576586627034245 0.023975342539278355
7 0.2660303525397921 0.4626329908855075 0.015495537106318069 0.03395821635324647
7 0.39666772408171824 0.43706085619268653 0.005998747345400568 0.02869275818358591
7 0.34629193411971376 0.43708584303138664 0.006535689946720602 0.02868319883912629
7 0.7891906909722584 0.4387730464670504 0.0256818512096193 0.05455802661431003
7 0.6992542575032816 0.4279440011054185 0.007976390573429026 0.032782556763330195
7 0.7249004122471088 0.4182528521826708 0.009366315792622815 0.03716753969285447
3 0.5215054349718133 0.5149625931832817 0.014773413320826156 0.025923722189163834
0 0.7466127546538648 0.5351610695682227 0.05187808452567477 0.03255408033701379
3 0.04186742308725487 0.5448013402253086 0.08373484617450974 0.06436903828074314
0 0.5013097190414983 0.5181900259543932 0.009737158228210752 0.014209710129043818
0 0.607250690948743 0.5761340363214751 0.05263009958209641 0.07721213576551988
0 0.874970538734354 0.538302638355196 0.07980982939687775 0.0355758816158076
0 0.4998735429147479 0.589172164477674 0.0566411834211592 0.09183501964389051
2 0.7800035684223037 0.5323684764772053 0.09359297886102402 0.04758253360792386
6 0.4018299007338324 0.5259566911269983 0.004183965851267846 0.03029013205199038
6 0.43625481213472633 0.5252442026758424 0.004095407587765387 0.03077552216408197
