7 0.43782844774056806 0.4748043283025516 0.004446008165416349 0.02187658865147385
7 0.42966326832104185 0.4496049093712848 0.004641891067636961 0.02205502072078913
7 0.43465646364714866 0.4533210653859951 0.004270669707032826 0.02043236156717254
7 0.38522342788715 0.4545493608566415 0.00942385106332505 0.039345049235340435
7 0.4065521063575949 0.4423022022189511 0.005502564768777418 0.025254984821484083
7 0.3975395209570299 0.43656151100470447 0.006126933859218586 0.027780982600515203
7 0.3859369612346455 0.5279244579350182 0.001291200600114173 0.005453400306044465
7 0.5586807527579096 0.4755503858805716 0.004385377972471738 0.021638178550715925
7 0.508909802530196 0.4587484047411222 0.003487278739441324 0.018274290810922467
7 0.557631957647224 0.49295543268240305 0.006279922031771523 0.00773119943531847
7 0.5555096063938292 0.516655600561533 0.0009096100261963835 0.0030549270117100624
5 0.4157855853527022 0.5291677548832665 0.021936119438423773 0.02774214558614785
0 0.08939862550699253 0.5316087491580235 0.06648662998905508 0.030913564331911947
0 0.039288079543236765 0.5304488945411148 0.06549396091692264 0.04025515281685721
0 0.500032860464897 0.6360832427829006 0.09303847881549049 0.16409995722989668
0 0.5000154506785052 0.5847372159945998 0.06759506034555418 0.0937106585990698
6 0.5560899305628344 0.5406884054818659 0.007150349417055835 0.05316068719996481
6 0.5905990370723174 0.5200980712637424 0.004561751359208666 0.028456576516764476
6 0.0026070871595686184 0.5354731653047309 0.005214174319137237 0.05129897434272879
6 0.4956031392851383 0.5490396982429746 0.006496779560931865 0.038820513836677395
6 0.07383685641102153 0.5199909036054693 0.005902824164398843 0.028287436166742785
6 0.5926624447428436 0.5341451428920565 0.005630900977766418 0.020800973671841638
