7 0.7012549458468171 0.4569861520289714 0.01655160348255691 0.03720953529158927
7 0.5599382580305763 0.4275993633912337 0.006135769934285551 0.03211418158775253
7 0.616266421205801 0.4275695960058945 0.006810127129124766 0.03212768140263217
7 0.6959102225273315 0.5280362298697417 0.001831444266033433 0.005307618303879158
7 0.30278918875153327 0.4694241555168006 0.011754683799424737 0.026394197635835837
7 0.25736240414498135 0.4360565433345991 0.0073667133719547695 0.02828453474218401
7 0.2794757113188128 0.4418572357297628 0.006489967608393599 0.025670618008832857
7 0.24648634321317936 0.45738645421903007 0.017003415946312966 0.03686067704551321
7 0.38821573763608097 0.42970481728364285 0.006591409512507307 0.031158717484416842
7 0.33363305552706485 0.42973283668447027 0.007216242522820826 0.031146029540706
7 0.8305872230430025 0.4282057526087062 0.030102573711080716 0.062498633475109144
7 0.7187482774082661 0.4189554162146508 0.008984762821150127 0.03605145422672912
7 0.7500153120315063 0.40723916232058444 0.01075675613813376 0.04142528752500835
7 0.8235053422043972 0.5456973403839751 0.0030652824139879575 0.008797548194776073
0 0.3633664406386263 0.5373641835538591 0.05698041136181342 0.03147473750835772
5 0.5005375644198331 0.8133601689453216 0.10186727817614727 0.3732796621093567
0 0.47269771745589806 0.522629499866049 0.017289582098891476 0.024222042420974477
0 0.5016880934689785 0.5162385243596255 0.01070468386237955 0.013642012825901051
0 0.5214631203775517 0.5166644802794338 0.01113979325836223 0.015846489291715393
0 0.520343630501829 0.5156563989219245 0.012525600575609475 0.016366888587693418
0 0.8378233688783362 0.7738487351595718 0.3243532622433276 0.4523025296808565
6 0.6810459869747164 0.5234010759991116 0.004838401550742555 0.03302766291435444
6 0.08330620955142962 0.5618458710827774 0.017991338708516935 0.08793159858542454
6 0.6217731783615565 0.5229724190994365 0.00447461937111171 0.03241281535212326
6 0.22266773495816006 0.56923136950388 0.016762472507150517 0.09409337197978329
