7 0.4265072414154931 0.47011341432451936 0.005502082108624851 0.02603574816244708
7 0.4136061432610767 0.4381249056966132 0.005870342457075128 0.027279945633325864
7 0.42109126214757653 0.44356525003241554 0.0052916032574035765 0.024840167925169132
7 0.34114605691361016 0.4377866722289259 0.014862330146800384 0.05518861200206482
7 0.3811914171746291 0.4268829004282859 0.0072913887787317555 0.03234833592475711
7 0.3661007988823738 0.4174889235434811 0.008413495746051658 0.036611171898448536
7 0.3428889070326573 0.5394593679570918 0.0019604908430935764 0.007576728824575052
7 0.5697994661983631 0.4710390624840439 0.0054038791765940175 0.025702985570673798
7 0.5108538644128757 0.4510987817510309 0.004147982178856036 0.021723795775559884
7 0.5685415413867376 0.4916747433181191 0.0074789735757069264 0.00915790439947628
7 0.566044226474596 0.5197515018095962 0.0010904447529851424 0.0036238827811477803
5 0.4509771097162253 0.5365566264571676 0.03101727212161992 0.03887034509757803
0 0.5575464080779553 0.5299832476441659 0.04632835320817852 0.039220853359023145
2 0.09291401755861872 0.5753572509651692 0.18582803511723744 0.12546175411539817
0 0.5003898875147206 0.6911973725507305 0.13448492829886888 0.24366478854951745
0 0.22679212324277132 0.5334143447057026 0.05260475325537603 0.03184536798773374
6 0.6756765145532861 0.5507069981630387 0.011833151517046336 0.07211402164014435
6 0.6097479343545886 0.5239208092632405 0.0054761282446874615 0.033855447443395636
6 0.6564663422311148 0.5232283336483985 0.005286429505769519 0.03285679334184188
6 0.49824046622396634 0.5597023005194885 0.00896900185120758 0.07902162956892744
6 0.6013185132374279 0.523847551751779 0.00545458679637123 0.03375819795829593
