7 0.3754619846914711 0.4791394343288461 0.004775355400069126 0.0192994346447245
7 0.35869089901727924 0.45799782098692055 0.004455404398199525 0.019024458755041662
7 0.3671728640874654 0.460745132833144 0.004120806722955728 0.017804794622078568
7 0.3764081580777365 0.4946460072814272 0.005844443388026144 0.0069537160336627934
7 0.5427700673610036 0.479824301368626 0.0035904384417783097 0.018376646391686013
7 0.47272443519802276 0.4654808594230965 0.0030274063919986105 0.015543807309268187
7 0.5003727807548777 0.4655089270806139 0.002954936039593292 0.015531382567076313
7 0.5400694186055992 0.5148194518767826 0.0007651856152791625 0.0025996916885026033
0 0.4042698220577864 0.5274021050182782 0.024723884224479076 0.025665362705305172
3 0.42194971835394346 0.519296384827183 0.019991338217546895 0.02669777245702798
0 0.5357930653767529 0.5171338237030034 0.026197271017890933 0.013689968191747393
0 0.45267125890412785 0.5384338438527265 0.03021825159281305 0.039053418422791863
0 0.46574796620206516 0.5273792564060283 0.02106256898238601 0.024832273729280097
5 0.43676532859938033 0.5197887393891543 0.00888234020684392 0.01764300333909863
6 0.3343533049311188 0.5238139475768635 0.004504539944661656 0.031712650163464695
