7 0.46507771258587394 0.4737354954465886 0.0021998090600537368 0.01098947017718932
7 0.45382900395105563 0.48085318643577857 0.0030125639168778195 0.015646756454114563
7 0.4565631715716011 0.47204743879954725 0.0023813134580426554 0.011730109575085412
0 0.5099745424196618 0.5148349807034467 0.027679752433071303 0.015443312365746142
0 0.5201662625440928 0.5147837691354856 0.02579825889437204 0.01437873082272878
0 0.5004334750757918 0.5214888898570078 0.014310486094047725 0.021535873663077743
0 0.403287447213867 0.517336637879195 0.014716967536752001 0.01706540812745816
6 0.36424986343887067 0.5144127019358022 0.0031108089781721193 0.02187630033721144
6 0.38859801830885565 0.5152147139485475 0.003426257462603055 0.02105608850745999
6 0.25720639518568333 0.5235901792173114 0.0061505653079793055 0.03493712035447838
6 0.5543359952690163 0.5127388636761858 0.002247671252128214 0.018753354083053564
