7 0.5336182973964603 0.48488548059298564 0.002264378939965006 0.012231081977244818
7 0.5052308946324411 0.4753624771814896 0.0019688089717421198 0.01032297820896283
7 0.5330348203011563 0.49478676208563865 0.0035349807666379407 0.004401937703002734
7 0.464885927052641 0.48453119443374437 0.002269776681732394 0.012306393513033809
7 0.46340672065619987 0.4725641819021219 0.0022929320340713266 0.011429701337697551
7 0.46479367493647655 0.47359639813157295 0.00219777464257509 0.0109778057588365
7 0.4513376962873129 0.4798045930591585 0.003184610593664594 0.016405526776432366
7 0.4544336304033773 0.4707307723497104 0.002490623136452985 0.012233126221097346
0 0.4279596798504255 0.5127310528119813 0.025968092244947005 0.017892846959960296
3 0.5359633472938863 0.5129448008439859 0.027363922894353743 0.021015539432911567
6 0.21754364869417678 0.5315081173423366 0.008737005153852728 0.02161246497899394
6 0.5556715687449181 0.513189729045511 0.0025879662211419907 0.020377679185132114
6 0.700250624797843 0.5535785781512321 0.01114813428135153 0.07833038174979667
6 0.2838720874176097 0.5218385394430674 0.0051614778383923254 0.032726191196837395
6 0.7174006668403066 0.5527872444162497 0.013003614844344313 0.07717677478149443
6 0.7949713827061099 0.5101971073203093 0.002866831083010002 0.016105187892719197
6 0.5379068153619606 0.5142108580849737 0.00294015564276473 0.021832744330790188
6 0.2889231856789358 0.5140197399971055 0.0034706311936242296 0.02155356603780678
