7 0.5378418690043922 0.47875399693207776 0.003637424460949945 0.01850743611348238
7 0.4951370527633535 0.4642929028078947 0.002988361590656352 0.0156678139211216
7 0.5369504095258691 0.4936758057799453 0.0053539213800812835 0.006630391568502481
7 0.5351219360511572 0.5140112682000666 0.0007714935258785749 0.0026200573482265677
7 0.43392680894643965 0.47804073453425566 0.003713726145721352 0.018780762472057233
7 0.42852327331930684 0.45765267704049895 0.003827409829897377 0.018429801405083657
7 0.43205931010419363 0.4602377461593011 0.0035709386605111693 0.01728319697535252
7 0.3981625388148591 0.4649449937743525 0.006768069222449491 0.030351506545473417
7 0.4108747827352308 0.45272041898683163 0.004403856113793292 0.02062291953655193
7 0.40494486448549594 0.44901217418578826 0.0047973280894523795 0.022276516063472918
0 0.4876405390732266 0.5418016791454809 0.0265452859966952 0.040954495552135595
0 0.48739418371513776 0.5570651748429296 0.03739037599742279 0.05940730379844583
0 0.443378643888824 0.5370644038869751 0.027474347772196595 0.037646068069834504
0 0.5160468363247179 0.6995934299483968 0.14588552018027284 0.2665343162106083
0 0.48738978021945134 0.5934756095634919 0.06595600795050349 0.09937519306734222
6 0.2451252350803077 0.5340421703137102 0.006697054305906697 0.04407163261225644
6 0.09340198815138666 0.5341686222124498 0.008221047292152867 0.028316630164855416
6 0.21232394723724582 0.5296586505620491 0.007612214242863902 0.042444179185121
6 0.21736927058948166 0.5262869694181372 0.005918066015704104 0.03450287332243396
6 0.5507377646321645 0.5193009198961033 0.003372619651192732 0.025038009063290678
6 0.35155857702211823 0.5325894903170643 0.006017957696115073 0.04200581202271825
