7 0.43951722146256983 0.475211369344789 0.004404733185882415 0.021697490620442683
7 0.4315084270139269 0.45051790502828915 0.004595407646342364 0.021854800353505288
7 0.43641830407207305 0.45406092382804064 0.004231184911306807 0.020260364388837937
7 0.38792204199985386 0.4563550433093666 0.009256301165587177 0.038770857455821595
7 0.4087120500177599 0.4435717336284298 0.005437196259840293 0.024991260273578564
7 0.3998852404080291 0.43812075102765624 0.006046435066860201 0.0274623042482241
7 0.5595531770141804 0.4759216614402828 0.004351370091825735 0.021475738450411008
7 0.510099290644114 0.4592470569775806 0.003463798668274176 0.018142591692242582
7 0.558509943777465 0.4932136004900387 0.006239675540892775 0.007676719403077181
0 0.5014158857263666 0.6633676101136852 0.12180143001417881 0.21950383540943097
0 0.25846515165121825 0.5480606659776668 0.04983906023683679 0.04836613532664624
0 0.5013281299781898 0.5772300180577373 0.06877939358425428 0.12215624940216485
0 0.0029695312003657033 0.5277503081954935 0.0059390624007314066 0.02669715544510054
6 0.14721656260696814 0.5194155245430401 0.005251502704672256 0.027179207760073654
6 0.6088306720181902 0.5300786238451937 0.005157502277784887 0.03903943694233325
6 0.20142117884048205 0.5450209771385184 0.008506094591645169 0.057120252242242486
6 0.26297073302467255 0.5443235294110049 0.007527846388089066 0.05553847817457769
6 0.662282504964762 0.5361045134678145 0.008025944118164041 0.050438947807297074
6 0.33166120454988474 0.5249662358360156 0.005341957646680884 0.016236721925800945
