7 0.43949848701975397 0.4758858046349461 0.004408320398395893 0.02170971177837666
7 0.4314783426688146 0.4511752781958901 0.004599385431750702 0.02186887584555436
7 0.43639466478562455 0.4547220196694417 0.004234567917927534 0.020272459708730983
7 0.3878235364728984 0.45700727894048193 0.009270592528328847 0.03880989121651801
7 0.40865781939737356 0.44422083456174816 0.005442785697144903 0.025009647843713734
7 0.39981665895283625 0.4387624163201196 0.006053301648355325 0.027484511917026833
7 0.5596043933376882 0.4765965301945958 0.004354959285841287 0.02148789808847862
7 0.5101214945813761 0.4599127453367494 0.0034658856508943403 0.018152385144780958
7 0.5585613595755089 0.49389842174225995 0.006243713145597463 0.007681252018677476
0 0.501373727158377 0.6159500329886465 0.08406675288139737 0.14557054432113203
0 0.08336275698327691 0.5290259203454115 0.05052605446194815 0.02540484633617346
0 0.6971733709620573 0.52742346358125 0.05139077228653521 0.02886237520830004
0 0.5013284963653997 0.5567457003877267 0.0494468886579148 0.08759609648249811
5 0.06169419879710211 0.5347578989519826 0.03158675088250112 0.03189890851235566
6 0.1092389204476081 0.5444145009451478 0.01221330026542733 0.06109633721743679
6 0.09368272125388011 0.5204362195441204 0.005523904237189445 0.027649595178855124
6 0.3027756701402943 0.5446717290864145 0.008155791540786717 0.05545074392191396
6 0.5905561762454847 0.537966027174614 0.007736509931901003 0.05207292975593436
