7 0.4135229554118661 0.4380260472749218 0.005870851976654656 0.027282550276061357
7 0.4210093861767211 0.44346784435694675 0.00529201714755273 0.024842330451418426
7 0.3410473317499092 0.43767966480440684 0.01486508965856842 0.05519738225868931
7 0.3811029662103759 0.42678038270476004 0.007292205268116025 0.03235215741154257
7 0.3660088545377078 0.4173833322153143 0.008414579025350699 0.036616058672246043
7 0.34279242450677183 0.5393658941600632 0.001960794935636223 0.007577601978484894
5 0.12589871887399393 0.5741231321100827 0.06441945805714973 0.08279032338324965
0 0.2786254172843248 0.5298106880224909 0.05338101426938935 0.03914117311624121
0 0.500243729591864 0.6194429945689419 0.0811715753247203 0.13838895191221623
6 0.5458315147781668 0.5581283900061661 0.009270987770509942 0.07490689526244321
6 0.6079446555549155 0.5298555873549846 0.005080604216759377 0.03818559687131673
6 0.6341905591022223 0.5564351134580119 0.01242861787201266 0.0805758818847584
6 0.6371253946463469 0.5364199786693162 0.006769058022526142 0.04796643117339394
