7 0.41401687971330603 0.4713051227223831 0.0066483973924150175 0.03020950580563614
7 0.39510177596896257 0.4315311478165925 0.007283101367964617 0.03292485021312913
7 0.4057755511698874 0.43923706808271756 0.006418462986698292 0.029436052298896453
7 0.27802857417342924 0.41941837318278086 0.024296355891743837 0.0779874197131391
7 0.350634030633737 0.41469878212984546 0.009556666037293271 0.040603550578724334
7 0.32626500786197854 0.3996186746324746 0.01153521709518196 0.047550265784331136
7 0.5795651850555172 0.47245612744388454 0.006488002217078015 0.029745818971505134
7 0.5115661701778484 0.44939279724110803 0.004807236992186437 0.025151806548991573
7 0.5781106599511205 0.4962846746538475 0.008679978363116625 0.010571157850541413
7 0.5752678486303637 0.5286942836785231 0.0012755527847223558 0.004189049996922489
0 0.49875675226764893 0.8036334054865403 0.5865769978240547 0.39273318902691945
0 0.3724519988123551 0.5592475220170021 0.09701495604038635 0.06140661575871531
0 0.5857168222182492 0.5457346500456236 0.07137359005233568 0.03990006857218642
0 0.4014705435826584 0.5455136871449388 0.07193699089365924 0.039110521761608785
0 0.556086043982404 0.5496088828391009 0.07706996765098229 0.043298487058768265
6 0.7304556800817921 0.5608924259523504 0.012415593924694157 0.07795462967681432
6 0.4477426090817157 0.6128640126471013 0.017200086587524976 0.06974702173288616
