7 0.3926103207228815 0.4858286795410307 0.0040031156239284105 0.0169078236800832
7 0.3804378808658069 0.46805510320319 0.0037256862608844865 0.016322160069943303
7 0.3867108373015823 0.47010104126664337 0.0034870285841699378 0.015416102312114766
7 0.3935057166925683 0.49944049203341023 0.005085709905150337 0.0060998983676500695
7 0.53976357226067 0.4863270764377681 0.003116184677789846 0.016213149667819615
7 0.47787410534830754 0.47367328206115905 0.0026591450341698075 0.013700080696568584
7 0.5022821653546334 0.4736944694042493 0.00260992963586526 0.013693025692436023
0 0.48656707212933575 0.52074020221752 0.018789334973771443 0.01846394239247451
0 0.40675250848068484 0.5324707616099129 0.016537317924432693 0.02202009633037194
5 0.45216835728574467 0.5450324957773943 0.013221065751148953 0.038585148116504486
3 0.47584898416950383 0.5195147050820625 0.017785756157915722 0.02883545464973991
0 0.4994094509878228 0.5444333297517887 0.02876448688328559 0.04402451953147957
6 0.34575006206715053 0.5263662241226641 0.004116826448856914 0.02968921312737216
