7 0.5846031788688775 0.45610306199379513 0.0035836039268307696 0.01776132606262515
0 0.49242675030738214 0.5076505065270847 0.007424426723404043 0.011396839765666189
3 0.48714586501291757 0.5074900628408803 0.012895374119299863 0.021848779208280544
0 0.515137462230238 0.5076747542215666 0.016611396097924058 0.009931336731180629
4 0.4486908357526142 0.539884748701448 0.013753873753168722 0.052982974553242856
0 0.5172786428583522 0.5219382184452708 0.035812411171333325 0.026307128082694642
0 0.5044906751668911 0.5374840728500162 0.03233175993528187 0.04667786637995275
0 0.9197801682146095 0.5777532824169017 0.160439663570781 0.08071408144408965
0 0.5138993162205885 0.548451538130252 0.04887064674615266 0.05198144000924465
0 0.46520302909010536 0.5168479921279865 0.03351253393012604 0.02449415391888876
0 0.48754325415511446 0.5070878960316882 0.011094492842314507 0.00962586018176248
