7 0.4921629749874873 0.47748473977425554 0.0014276339452651832 0.007957017833595537
7 0.4925872066344583 0.47799971595145185 0.0013869481875146694 0.00773546664821384
7 0.610928025824045 0.46553385606483816 0.010834707195473192 0.025928345888295734
7 0.294274904876885 0.4650769283537338 0.011452151527814591 0.025579365227569595
7 0.6142905742779886 0.4410398967885285 0.005098978273310406 0.024025582134801104
0 0.49254883797914284 0.5074614733999708 0.011475895263015123 0.01244473489729625
3 0.4876543761817912 0.5073948241840679 0.014247857646496997 0.02407236755959702
0 0.5366636985801552 0.5075777636630332 0.020677951175384846 0.010702340117458853
0 0.6659546898920272 0.5308470445740053 0.056071534005163404 0.036886057102961
0 0.5067019815853375 0.5696509496964733 0.060393646454929395 0.09048102061200414
0 0.5301343181945154 0.6101700334977569 0.10684220906736314 0.1285733038660194
0 0.6985590834219577 0.524540574343825 0.043801883066037384 0.026260427805402387
3 0.6904142836463415 0.5183447406415762 0.047148566775909506 0.033388116352260244
0 0.5019719099094031 0.5170642278398934 0.02393802913106352 0.026295992008395386
0 0.47800932644559213 0.5067504837680938 0.013715893821407976 0.01043678786363722
