7 0.3783519090097195 0.4834650343094643 0.005376701297705289 0.01321389142686552
7 0.32464605944401204 0.47227699026452913 0.002150156253039104 0.011599979077017819
7 0.34622781783553785 0.472623013410021 0.002116613138203549 0.01144830943973224
7 0.37634597314478074 0.5088189489079338 0.0005660411055102843 0.0018864628120834892
7 0.5307599581127539 0.44708892181947824 0.01829141504067011 0.04487729745393476
7 0.35563757265820783 0.40140714743108413 0.00791710586152522 0.04369868232032792
7 0.43031090577597253 0.40586375566421484 0.008297174114931416 0.04162469376998729
7 0.5248803888120138 0.5318396537402235 0.0020396545701830693 0.00638016955854992
7 0.08046950870903252 0.389033434193757 0.014257074411457155 0.049495727755709706
7 0.6893220434124341 0.4039248592965846 0.03410890144736156 0.0837180584602964
7 0.5509899429707323 0.3995690659112188 0.010141082739338003 0.044559729794878766
7 0.5881128617736743 0.38260791750262696 0.012330836787489252 0.05253902958863532
7 0.6802426372767674 0.5572817352306183 0.0036968553371031776 0.011548859639504694
3 0.5716326124406683 0.5284719566190856 0.09082830434315337 0.06103127298584865
6 0.15565516379216832 0.5205262811352456 0.005158405476438421 0.030931779682592087
6 0.7026352144846937 0.5201319627430496 0.005215416857135335 0.030335676416334834
6 0.13993408034156488 0.5307998892658434 0.008042366566864412 0.044832507589114945
6 0.12915591635360854 0.5333424897935477 0.00869462333232185 0.044357352568649144
