7 0.3705120103554139 0.4763776874516612 0.005018107936833938 0.020026801361807622
7 0.3521895962899898 0.4541294331290615 0.004688076558036103 0.01986757851659421
7 0.36141859522426545 0.4571308667715016 0.004319950824030194 0.018541225837430286
7 0.37147141144919876 0.4924549210259038 0.006075267584765398 0.007212682162337336
7 0.543888591912649 0.4771477721851275 0.0037352151624592267 0.019030085578297662
7 0.47139831016301276 0.46228962535342355 0.003138681779032093 0.016099953580776927
7 0.5000186651795463 0.46232208658678176 0.0030586613463977064 0.016085923135829905
7 0.5410914525391283 0.5133600440386695 0.000792813960404315 0.0026900088265682243
0 0.38063216483187956 0.5311468752366222 0.03429868019402499 0.03508577985769512
0 0.4635367547278937 0.5269199775687134 0.018944497320691422 0.02591936663862615
3 0.4347535255590108 0.543638959288195 0.04438072266870724 0.0679445130785562
0 0.453986533842546 0.5350434247165958 0.026866680905486384 0.03401838192603723
0 0.23920528484934972 0.7215336758332547 0.24108430945083936 0.2888088727958428
0 0.39590198466371496 0.5855048900327795 0.0727441951525804 0.09147768331643957
