7 0.4976387148225587 0.4908845208071825 0.0034144421264319935 0.00883692413238557
7 0.4988165940022178 0.4827505387780374 0.0013948119959106275 0.008022643294071152
7 0.4988823573189607 0.4832642595217157 0.0013557113931066955 0.007797342577090749
7 0.5475441990869757 0.4888970656786491 0.0042194772290911065 0.010549382938503604
7 0.5069364212565759 0.48062997164031507 0.0015670393806116456 0.008953345946609959
7 0.5229375612452014 0.48062767782261784 0.0016215494395827035 0.00895402417753105
7 0.5459747071501796 0.5092112954276126 0.00044400992229576275 0.0015078362649711963
7 0.6431309401730094 0.4705552745698171 0.011328639891296732 0.026451385279904538
7 0.5421575228798092 0.4497217498737411 0.004223438817662184 0.022679879887415377
7 0.582235759007918 0.4497101661486972 0.004565220724650265 0.022684246523562435
7 0.3459627196984156 0.4774137469794779 0.008873336159855971 0.02049831815999731
7 0.32066715113002375 0.45412271322978603 0.004942163863492277 0.020711697655870165
7 0.33299395696627465 0.4573373533956874 0.004515734335481469 0.019274248518657444
7 0.3179237641499468 0.47074813022096074 0.011592908568001214 0.026296612852942325
7 0.419226781852046 0.4507832748005808 0.004474506685558488 0.022206039533132493
7 0.3800076125230445 0.45079440886086847 0.004798998954090028 0.02220186031551208
7 0.44177230036354836 0.4889236691097992 0.00425366818261208 0.010530726789052203
7 0.4447582945604451 0.48226404658896377 0.0015999706256560886 0.008237189668716005
7 0.4430460429486458 0.4816902995421521 0.001654025734082687 0.008489034574785448
7 0.4410814236784202 0.4975012492682679 0.0030986101498903795 0.003805348283748844
7 0.6500103922000344 0.4455140161171742 0.005560482987097548 0.024569438411938593
7 0.6641345758271117 0.44022788935189305 0.00623038460376768 0.026953602486201544
0 0.7345509756752316 0.5129787294520126 0.022945014801913244 0.01073516387171325
5 0.7520404592104502 0.6566778692038583 0.11569467881753204 0.17558023572218717
0 0.7422930956193317 0.510873164306579 0.01762371513501748 0.012418535590856816
0 0.6578182881271672 0.5124214413021256 0.01622354318760688 0.009802727142513179
0 0.4374142804533315 0.522542210059352 0.030128898106843494 0.028355061625236377
0 0.4999555000294168 0.6190595516918391 0.08140571035676764 0.14293572248754216
0 0.731488925347143 0.5300346535842446 0.05728566488798803 0.027814600829305425
2 0.5275735821829289 0.5208300926599206 0.021328047854161314 0.030984832244706828
2 0.6649200953177958 0.5322054699195893 0.08818001906039574 0.04847431867537577
0 0.7232228497383523 0.5239884944756623 0.05938302068724477 0.03397444884583678
0 0.7347770075009639 0.5129134257542793 0.022800711809785268 0.011271904594999715
6 0.4639741263110806 0.5116368938949916 0.0017090074434150115 0.014303878550150584
6 0.4292404098910093 0.5115050290882681 0.0017416652515735431 0.013117946190182361
