7 0.42182113678785305 0.44115768334609196 0.005353976914522385 0.025124307170005467
7 0.42821617351205643 0.445876974952487 0.004867633375252811 0.02304022854497223
7 0.3622620984479034 0.44327882766198995 0.012322570055025683 0.048164482333400205
7 0.39347748276411487 0.431605990685205 0.006517800400078322 0.029358506985987354
7 0.38116807707389555 0.42382819741691435 0.007405236367585943 0.03282756578809959
0 0.37720819608742284 0.5964171694577766 0.1076527962044424 0.13418090129463867
0 0.17327525028025864 0.5641754219850073 0.10019997112141021 0.06983833393434857
0 0.5024603887726049 0.5995379176224505 0.08785485911074303 0.1291300618957324
5 0.5020097908014123 0.662565400818012 0.04734766713638916 0.1990703777827355
3 0.21668651497839944 0.5329081532305253 0.05810513847290094 0.07902190890096972
0 0.2532096153904079 0.7134440960932349 0.26220450496530945 0.29224798266891827
6 0.23640538890236457 0.555218699491479 0.010489710752379505 0.07403440307254883
6 0.2978371462425173 0.5504493475120404 0.011353823032949184 0.06773215060278148
