7 0.619495648044353 0.4638690856950971 0.01247536764192525 0.029696125374682192
7 0.5060039497976894 0.44041711606375056 0.004394578080350597 0.0255181555510135
7 0.5509668992983194 0.44041634896466497 0.004824598366685251 0.025524011804560598
7 0.6151391909466384 0.5206895256153843 0.0013452726493349276 0.004236134922029566
7 0.25538226625229166 0.46400034884544894 0.013564000115792313 0.029497994634637315
7 0.3692543454186075 0.44172884293353754 0.0054696777422212906 0.024918944295530876
7 0.32537617370577343 0.4417292826256256 0.005875401693001769 0.024913369099114957
7 0.6727102108673686 0.447307260937112 0.019072523205497016 0.04386151675776573
7 0.6248871765318491 0.43501711713133984 0.006040329483921969 0.027936103388203903
7 0.6383531712227648 0.4280330870577399 0.006853868288739573 0.031059455376642175
0 0.5164491290502528 0.6489702416846836 0.10849795463515594 0.19107444353673386
6 0.17282126577728704 0.5409863577504119 0.011591246461272242 0.061356129877918386
