7 0.6312573833715291 0.4905660966697959 0.0016935000128517341 0.009400529496453591
7 0.6312182595394991 0.4819640163801203 0.0017203699027685815 0.008515615411820832
7 0.6318340763223826 0.48250442738185906 0.0016706353637988558 0.008272986885224654
7 0.6247024923947607 0.4882514151671369 0.0021135181935509895 0.011487809287252737
7 0.6873779420514132 0.49049522217172603 0.001880620115408349 0.009660193930973726
7 0.6637503858437168 0.48320958798226205 0.0016274948660105482 0.008052165415449952
0 0.6258630392085441 0.5133022832593375 0.015546740574582385 0.01039053662308942
1 0.05323135043169541 0.5 0.10646270086339082 1.0
5 0.6615957116786384 0.5167218520002477 0.004889117737372661 0.015107526791342862
3 0.5716031484457438 0.5144014100897385 0.01930884754751938 0.025919849847817145
3 0.6995564578241029 0.5749671974980356 0.0750644853030118 0.15736071097291365
6 0.7405259812554599 0.5246399207840802 0.004704608335831417 0.0320782732785283
6 0.24129616728536923 0.5410997677869354 0.00972586234461345 0.05431197931074716
6 0.3555344861177911 0.5298707034817955 0.0063354773709964896 0.039007026289548774
6 0.6278878546611033 0.5125964164042317 0.001849985777914065 0.015439629508788633
6 0.788205559562078 0.5285395313929186 0.005684668913215729 0.03714559741356005
6 0.8351028419680753 0.5402074324959036 0.008733294177151851 0.053026940899557395
6 0.537534653164584 0.5118116436823734 0.0023159213959520475 0.014504413777807978
