7 0.4507992308878513 0.487312158657238 0.002239135315450169 0.010772437589157191
7 0.4467279195759301 0.477110511561011 0.002092091405775709 0.009881322224658318
7 0.44907867275059904 0.4778881053022427 0.002013312994762373 0.009541934024515086
7 0.4514920956235512 0.49602284959642245 0.0031683390132867806 0.00389685458766198
7 0.5457120496780489 0.48729285223662994 0.001924654219008337 0.01056973584275711
7 0.5052201313944724 0.4791365685654148 0.0017108245046211223 0.008894288142836992
7 0.5211334958493863 0.4791085929041573 0.0016987448486962542 0.008903265858171028
5 0.4169668254604251 0.5409111755279014 0.017535345732936358 0.042591261147103765
2 0.4816400102796198 0.5093031475258212 0.014206841172739182 0.014848885762506425
0 0.4974571677098313 0.516956129195935 0.013447733679937679 0.018619877849098798
0 0.4952890465775287 0.5196545389202532 0.015773612824868388 0.01874383477162589
0 0.48041838033575696 0.5316129154847615 0.027025297212287858 0.031052800129362512
0 0.500752071332887 0.5151611712410196 0.011038577960826246 0.014505642912240213
