7 0.49888203818969357 0.4776823300121753 0.001547322787454064 0.00890620384244839
7 0.49895829240586065 0.4783183362799259 0.0014993461347917458 0.008629402098836114
7 0.553581583210673 0.4843096054885917 0.004760609717284092 0.011852233589336847
7 0.5079882296680076 0.4750157991591971 0.0017634310179043267 0.010068096775227575
7 0.5259621837731447 0.47501353909884036 0.0018323749346881302 0.010069082508878002
7 0.6970511487202244 0.45553271601065615 0.01620980694556351 0.036516673189020576
7 0.5583674877700948 0.4266771141990221 0.006012688315810255 0.03151593477136966
7 0.6136444875783285 0.42665564984251936 0.006664430744595884 0.03152562025810396
7 0.6917732779699122 0.5252566224161297 0.0017918397764652427 0.005206003455264563
7 0.3048254915917923 0.4676802303030384 0.01159885133937677 0.026060097706567642
7 0.2607298235169757 0.4348581994256432 0.007226082445725035 0.027834778030474183
7 0.2821834400779768 0.44051955429900425 0.006379436113482351 0.02529959699007417
7 0.3037643603676989 0.5177406555629788 0.001070301568126264 0.0037595953479356847
7 0.25048181999062435 0.4558868888985913 0.01667795549203302 0.036210869284257374
7 0.38971904571979044 0.4286974129624841 0.006460800016846291 0.03060493800271935
7 0.33608012754874605 0.42871764888332475 0.007068459791127635 0.030595819687532
7 0.43483516227931474 0.48433846370288247 0.00480206190619803 0.01182769699849967
7 0.4387490082781349 0.4770741826963923 0.0018015505144528543 0.00917099922300979
7 0.43662826754338957 0.4763550591266522 0.001870184893916882 0.009484264436511514
7 0.4340875776915878 0.493970411052214 0.00348999709634662 0.00427087254712466
7 0.8200239281599181 0.4278743711157793 0.029014698406028216 0.060568854850635734
7 0.7137196803553545 0.4183388002153817 0.008750066358967912 0.03528926717527592
7 0.7436003388937205 0.4070718551138315 0.01042819892608593 0.040422220395191
7 0.8132550836547272 0.5417968284942861 0.002931362762250367 0.008520869318601632
0 0.4995250415372149 0.8074101791480701 0.26278079064761917 0.3851796417038599
2 0.4505562559716208 0.5447514853888215 0.07465928671022137 0.07671028930125612
5 0.5307000700207251 0.5280411349333397 0.010568449420742754 0.028501484085364348
3 0.5034847708288334 0.50764552495767 0.023795630306860882 0.019414881599221223
0 0.8068296380350884 0.5381496814160445 0.07031431805764066 0.03409619977147804
0 0.5202037623134035 0.5144855199748616 0.012277771255415737 0.015341050559539715
0 0.8910374637561398 0.5381906938767591 0.07435405684754637 0.03419217720145573
0 0.4943993641302133 0.5096058373752219 0.01983333377417351 0.012050052099113584
0 0.4280456951082292 0.5098587248775679 0.015811000887815174 0.010951531032718953
0 0.5281254685739808 0.510626963968845 0.009199627775018593 0.010052513011094333
0 0.7614841379969067 0.530394326426783 0.06735032818175268 0.039054752866018894
6 0.058002690383250045 0.5562220293120224 0.017698394312916796 0.08352825142355036
6 0.5467882523543794 0.5094936815320568 0.0020242303579575127 0.016067568931177556
6 0.5603900715071531 0.5072674137226783 0.002049270484517862 0.012874697065317187
6 0.40091686715089414 0.5182334015014874 0.0037641681727130227 0.013198033670341891
6 0.11305539730448683 0.5584650753479822 0.017383497989762048 0.0868004321272633
6 0.49991009635921585 0.5228318640422394 0.003808900844010199 0.031655950560322
6 0.33985304704600744 0.5206881801715657 0.004455103966989227 0.03217550676403913
