7 0.3050285021504934 0.4596399604357737 0.009517936110468028 0.031595311737753984
7 0.2512864191268883 0.4167835183149686 0.009410455735589573 0.034909441587376244
7 0.2781005896083386 0.4254998691444016 0.008097711307046618 0.031012773373309654
7 0.3059094928410676 0.4847624592339916 0.00985143427464108 0.011321910866453289
7 0.5740848741794156 0.4617297225256701 0.006275020178252544 0.02933306275669595
7 0.4633139339900019 0.43893166622555846 0.0049120730678318125 0.02480971036342966
7 0.5071119495736343 0.43896924150820205 0.004702931003534139 0.024798010663056702
0 0.5023927762553586 0.527903555071191 0.02240186635580732 0.03390276263115144
0 0.3511917925819681 0.6225288530365134 0.13955398240140965 0.1521093306249699
0 0.4252177886379195 0.5597882037246208 0.05958150629340514 0.06711001399814887
6 0.3463103569268491 0.5180414257571901 0.004901986371656841 0.031216748600653044
