7 0.335538660230719 0.470853134013961 0.007387852478668522 0.026498042667111144
7 0.3000503453575739 0.43795552282179917 0.007068238013471895 0.02787195047385671
7 0.31768443213273134 0.4436645648028867 0.006281737167026791 0.025330630036707436
7 0.3364959708202458 0.4920125272725346 0.008156790298402994 0.009524152779121664
7 0.5629544980667476 0.47196022135791527 0.005143199602083204 0.02489015843076331
7 0.4686223648965818 0.45273053364199856 0.0041437611760350435 0.021034328252175216
7 0.5058789489886502 0.45270796316759604 0.003998841557230293 0.021025770727711834
7 0.5593416493459139 0.5191034599631908 0.0010506267015981674 0.0035059871070031168
0 0.5002335331502394 0.5368989299146185 0.023214253594596057 0.03837729530405476
0 0.3393293890692062 0.6381792586678818 0.1536799569771961 0.1670272967193268
0 0.4208890019709828 0.5686026140478636 0.06352573541811446 0.07144496892343932
6 0.33679395993742794 0.5236520162624189 0.004631760034497501 0.03160422754835723
