7 0.4696837396579572 0.478066698422838 0.0036808853218851523 0.020514407305571025
7 0.46798784246196845 0.4552639559256473 0.004041576011378389 0.020449900287314582
7 0.47005530071975915 0.458347768051084 0.003754750115192995 0.01904725005688529
7 0.44454880540931924 0.4621819767834455 0.006896816556708374 0.03515176534332198
7 0.4517536381672682 0.4492952549416377 0.004699769425965006 0.0231725916147712
7 0.4475720767354049 0.4446865076479459 0.0051558662646049025 0.02528203036664156
7 0.5830511016446649 0.47873636599310576 0.004502139645528036 0.0203039782723769
7 0.5364077761900732 0.4629546319678084 0.0034416084058289664 0.01715796174986789
7 0.582044882783729 0.49510191451972674 0.005983519888253297 0.007265724975973109
7 0.5800855351509457 0.5173972573967822 0.0008804719105629522 0.0028742849855802888
0 0.1476852479923096 0.5286992806693303 0.04547795546848621 0.023932329599128832
3 0.3889681727083808 0.5329160364682913 0.051367992461607115 0.06842083768640927
5 0.5778713777712328 0.534551237909642 0.017449700710926774 0.033011508863974526
5 0.24912964720557193 0.5270608967341003 0.019737725925111527 0.025181561385891227
6 0.6681522336964583 0.5449567309582843 0.00990240172715795 0.028190476863254044
6 0.6703594579464321 0.5440547956289443 0.009573364520408356 0.027581067198949705
6 0.6357094231434077 0.5282570168441978 0.00519406830795166 0.03441371180303243
6 0.6811307152521237 0.5347254235422729 0.007244120344374716 0.045861238568440044
6 0.6436004991776209 0.5198372352470864 0.003714946807437114 0.025654356430001468
