7 0.6787249921282469 0.46492512014941145 0.014528648081542084 0.03309137289017028
7 0.5527646310507991 0.4388748702818688 0.005399747263787891 0.02848624391975013
7 0.6028924361022354 0.43883362453116237 0.005935775384157238 0.028493610097701516
7 0.3178650080164739 0.47487006290223027 0.010710992052342883 0.02427162018771889
7 0.28046528085582245 0.4456021567967782 0.006433970524578392 0.025447119829414944
7 0.2986444609043338 0.4502415870137223 0.0057455810138287156 0.023311494914676267
7 0.27308613296312817 0.4654037657115345 0.014917677247883288 0.03284545497721664
7 0.39954043165805053 0.44056433986149096 0.0057690661100116 0.02774146872543759
7 0.35075247174925656 0.44060409365298026 0.006272352508428836 0.027734494074625082
7 0.7740616875521956 0.44444820596780843 0.02411928429889909 0.05169025974722613
7 0.6915689388705495 0.4322294404024176 0.007597109304116945 0.03153260597693103
7 0.7152554101090511 0.4235500280041863 0.00885591625340798 0.035569141072370136
0 0.4999810318271429 0.5661223826077211 0.04713493970294114 0.0865020296256479
5 0.49976466505430145 0.6366464293468173 0.04067396348672714 0.14277220869077767
1 0.7705378332293505 0.5088297172349564 0.13699123289924775 0.08743421665049084
0 0.12910732725660123 0.5460378499081405 0.07825235269194325 0.04444273895599249
3 0.6067869947453345 0.5512787338550782 0.06524038103417262 0.10712087532645953
6 0.6684967732220648 0.5234003859234037 0.00457791082096537 0.02916306343480035
6 0.13052826017822913 0.5553271788716506 0.014260645607430233 0.07220385806750906
6 0.7073120970392631 0.5246675257172366 0.00504566863057776 0.030903548310405426
