7 0.3998401651767556 0.47718520583280055 0.004709388736040543 0.020403107816536314
7 0.385800930004253 0.4545481589304227 0.004576648116022708 0.020319607520604133
7 0.3932135965286807 0.4575952358815403 0.00422050161776405 0.01893419852399203
7 0.40096906487093026 0.4935808607004747 0.006098672039299369 0.007349525869025875
7 0.5753007516343028 0.47787946424509736 0.004224106003153594 0.01941826085036391
7 0.5015137831632488 0.462754772274091 0.0031106023395953697 0.016418044196880255
7 0.5306860772220995 0.4627715516715514 0.0032724555503680364 0.01641048503635051
7 0.5724606146423041 0.5148509502741421 0.0008363787185865501 0.0027474173500637855
0 0.5756151517372794 0.5649173141716088 0.056779067996116095 0.07468901717283005
3 0.6642137367796785 0.6159635660099094 0.1620928957568175 0.24779513436749978
0 0.5000405216157259 0.5883754950288606 0.05830310051818777 0.10021748224480098
0 0.5711719982056662 0.5135018215720373 0.027834364419996427 0.019598014407655517
0 0.5003621002217831 0.6261663057754268 0.09372196039462988 0.1786916982818204
3 0.4999025411294447 0.5502412110395026 0.046929710797415036 0.10744461434481495
5 0.5428579714016905 0.5184067213053519 0.009072956637019125 0.017025420593856477
