7 0.4372318657424651 0.4755760627784341 0.0023968185762082705 0.011439508789915676
7 0.4396152242268128 0.47658326509187754 0.002293653883311264 0.010986851749102466
0 0.5449332636000284 0.5375886100640499 0.02838430131331504 0.0396056702115718
0 0.5366976084369587 0.5201139142682393 0.020687645040508906 0.016929785701160993
0 0.5021765364770021 0.53807964326048 0.023551968633079068 0.038362434021651626
0 0.46223681746317247 0.5167852359180107 0.012840192308267273 0.01930268034737248
0 0.5019136550082728 0.5209057172368108 0.016724430407752622 0.02828440246783026
0 0.5009553577464002 0.5510249487600449 0.03580237406136155 0.06554417558790415
0 0.5017382136310888 0.5202565377727254 0.012491220474068032 0.01745271064481524
3 0.5021453868134275 0.521727025619752 0.019217241673998853 0.04399707808571973
5 0.5837584602808141 0.5730832524434041 0.02751046541675184 0.07264615109868311
