7 0.6839313869808068 0.4535897921410371 0.015700430586042535 0.03562798338156942
7 0.5488740067493147 0.4251076111905713 0.005870821319479691 0.030870326642438328
7 0.6028365346811106 0.42522443992035436 0.006480569469339836 0.030825434517813943
7 0.6787560755396975 0.5215980571111968 0.0017342939180382544 0.005076445627257842
7 0.29804905683384364 0.46474687784675983 0.011584753855194585 0.02587934737435721
7 0.2546506930464606 0.4322961916975424 0.007200525680810699 0.027585797680493462
7 0.2757627889106741 0.43785395383718206 0.006361607612295261 0.025094138759109097
7 0.2448500311377339 0.4532061458457508 0.01661283986481718 0.03583537850880608
7 0.38304395824506365 0.4266346087541122 0.006380940973581717 0.03015608142651871
7 0.3299225374125465 0.4265221911601207 0.007000282358094689 0.030199055021135568
7 0.798777624169414 0.42780142645144054 0.027478798484424916 0.05815947895543683
7 0.6995668428524002 0.41754856239089033 0.00842376801752931 0.034318725103697045
7 0.7276630093410219 0.40695946615397655 0.009977846934999035 0.039153095362822965
7 0.7923835696761856 0.5372053968842265 0.002754235605546551 0.008178129231892428
0 0.043394919706605695 0.5342133937253855 0.08678983941321139 0.03430278216618021
0 0.49299186042988496 0.5108010435102721 0.00993723629450205 0.0159075679135946
5 0.5456890318587593 0.5407624042828683 0.03884899448159185 0.048120377106741
0 0.49260018583563003 0.5119978802257661 0.012292843664735653 0.017033515529171317
3 0.8424397336771419 0.5349103667802354 0.09382060097184253 0.06094357609107215
3 0.7619797258693732 0.5225762058261445 0.09622139688384868 0.05654012064222347
0 0.8204538594889718 0.7966455274629733 0.3590922810220565 0.4067089450740533
