7 0.6838153001782277 0.45853424595380693 0.015647627328058467 0.03559190731070938
7 0.5488243161209471 0.43012708286944257 0.0058539503506216395 0.030829551192075866
7 0.6027465054906755 0.4302260839653056 0.00645305062561663 0.030784980192039346
7 0.6787240251822348 0.526513325976691 0.0017280188176509448 0.005077054838999451
7 0.29812776756847614 0.46974792974667007 0.01155059401161529 0.02585822985749542
7 0.25480489984336663 0.43737817216245767 0.007156987233311762 0.027551920268816976
7 0.2758906687364153 0.4429053255993128 0.006325795219317865 0.02506586177732406
7 0.24498842319229847 0.45829344328641486 0.01655085841656298 0.035797193889729184
7 0.3831175393646268 0.43170038737121186 0.006357712120363124 0.030116473933689214
7 0.33003527914109054 0.4316055046556905 0.006966703021748455 0.03015913990287672
7 0.7984847520544904 0.4328773638652985 0.027340219212954264 0.058069464962436645
7 0.6993868008031268 0.42255438676915635 0.008371076089300433 0.03426939024868686
7 0.7274323238988316 0.4120069101688435 0.00990940832431253 0.03908955199832753
7 0.7923057513140417 0.5421984878262565 0.0027383001374980953 0.008179435517826295
4 0.7496297868427845 0.5329191620039989 0.022598122298560286 0.0340179268709313
0 0.04338845904534506 0.5393203081985476 0.08677691809069012 0.03434778272267269
0 0.49307608558199995 0.5153454331698895 0.009738408869437554 0.015587930749814571
5 0.7365427752680647 0.5458175045529908 0.04401710568560635 0.04898306531909302
0 0.49268825124166576 0.5165395315182842 0.012057053357647951 0.01670581918242786
3 0.6649532211741562 0.5276252614224914 0.09104565605668136 0.05704393191664153
0 0.8204677908251579 0.799380284242079 0.35906441834968417 0.4012394315158422
6 0.04345972205812473 0.5211940416182559 0.006518802929520361 0.03030857091115391
6 0.4087245429533306 0.512140849885335 0.0021909868074159178 0.01741407513767046
