7 0.43697692863365417 0.4768761379976571 0.004546499774171764 0.022258857632565632
7 0.42841593644732345 0.45122623667674966 0.00475587875151301 0.02252570687099159
7 0.4336187952179932 0.4550174553901457 0.004367158973239638 0.020835697470404313
7 0.38180661142103756 0.4563118959554895 0.00984608653154545 0.0405994637579829
7 0.40451995041548416 0.44374267253854116 0.0056623578749146475 0.025873729775992504
7 0.395034410670933 0.43782679836483773 0.006324791547170472 0.028531534126457814
7 0.5599856243198614 0.47762471502095327 0.004484166834650916 0.02201490144882451
7 0.5093284725158299 0.46053036673929576 0.0035511107976005096 0.01859758548081336
7 0.5589191916422774 0.4953400862584344 0.0063967428665012704 0.007866179447594768
3 0.3972527538551911 0.5789809562500728 0.08361651051187824 0.12030176259914405
0 0.13649553863088523 0.5341698366584355 0.06981173617052953 0.03377787093372886
0 0.07673106150651307 0.5327007245536037 0.05321074524539335 0.02848987619223642
0 0.08185390415948302 0.5386966304917972 0.07387428250570904 0.03225394121195024
3 0.2670115941979441 0.5281335197941366 0.05656568796872308 0.040620291373161255
6 0.500772420432457 0.5456699221658119 0.006303164579739562 0.055301650435487626
6 0.5970927160122952 0.53122357079098 0.005106369978599035 0.036568368533992146
6 0.09943472947549334 0.5428777459994465 0.011730403246757476 0.057289754255869796
6 0.48167560892968 0.5563538701304221 0.008556838967494096 0.034111380101726985
