7 0.041237706421479774 0.4454098895889916 0.018175071013802016 0.04750592261210618
7 0.04266328887777633 0.48269844095932823 0.018388580369806597 0.0169431503540603
7 0.038859611574535866 0.5340917758975887 0.0024208288008152543 0.006727694884445357
7 0.4306449818017123 0.45967003210502166 0.007958541345784553 0.033951109394599
7 0.2930106823037839 0.4271406901294912 0.006534962350868867 0.031708737786307395
7 0.3506064404707684 0.42979171898231966 0.006205537680128048 0.030499716469476135
7 0.42583977145986945 0.523489795833916 0.0014796764049727074 0.00477985364903144
0 0.7922520916487227 0.5655772212931739 0.10890792053416631 0.06464453484025134
1 0.45011464816990543 0.5031021905522377 0.07119447964547321 0.057973905320806596
5 0.8577698933665796 0.5405873262074445 0.03198048365296946 0.040080807718793854
6 0.056904692996237335 0.5366949769689001 0.010378497570799346 0.053283450610585925
