7 0.334475664894527 0.4595107016382118 0.009729606659055867 0.034802228947847014
7 0.283037735489571 0.40972429732215954 0.010229211741080435 0.0396971874831174
7 0.30945400433596104 0.4207311886103645 0.008672944779965663 0.03473510752302472
7 0.33568882165265196 0.48712348375067105 0.010664500026682067 0.01246058972894587
7 0.3333953837427799 0.5251902249361078 0.0013187334057714328 0.004944893117885152
7 0.6264106591727296 0.46204259064660175 0.008066166789737372 0.032171672700256004
7 0.505616823823388 0.4370912523641458 0.005111692059454054 0.027181227502375394
7 0.5535136927036913 0.4371197783526255 0.005555378428035551 0.027180963879431086
7 0.6217703415526099 0.5226394428342984 0.001443730754746242 0.004511219572777558
5 0.3988345534507871 0.5415271822213457 0.017530923197964843 0.04127804132149393
1 0.5400680801247725 0.5056781581835221 0.058325317721716674 0.09247044780257846
0 0.44045877413423584 0.5510076183243504 0.04297708791658361 0.049809709094967625
6 0.3739908340837107 0.5217065156644647 0.004463666516540454 0.03148305220423009
