7 0.6029250914097375 0.47385353453826484 0.006103264624077287 0.025740873898101924
7 0.5442008771109577 0.4538708496187269 0.004421576341402722 0.02176069891149396
7 0.6016373393286458 0.49451474920979016 0.007624966348935391 0.009171637707897862
7 0.5992167160729209 0.5226315591915289 0.0011376929916128153 0.00362939320448874
7 0.4598355425818844 0.47290139347169724 0.0048210964294210235 0.02610641939570274
7 0.4555981470958568 0.4407144105793528 0.005480963550333007 0.02736132091417076
7 0.45922490703265706 0.44622552187769915 0.004967353877153524 0.024907648459868315
7 0.41211813005681297 0.4399306664538912 0.011970062284473004 0.05550852430225339
7 0.4310800114926705 0.4293086970148189 0.006754127227857287 0.03246745303434112
7 0.4226181066931518 0.4197732677706117 0.007730624031441313 0.03676375004703625
0 0.4978550217733453 0.642743409581132 0.09401339690466443 0.16701730381118118
5 0.7794860482940889 0.5360376975868122 0.028367923081348168 0.03141905427227598
3 0.12915731527877775 0.5415028804247314 0.08459177140262013 0.05568070336940356
5 0.3581725572053537 0.5435411593790567 0.03308855690093493 0.03801262177958409
0 0.8260799835852555 0.540806747146417 0.08269920396331332 0.03290851387557914
0 0.036917115292654595 0.5423738650369457 0.07383423058530919 0.05214846343104962
6 0.6787017631511142 0.5414281406772232 0.0078048909675012546 0.04968153240753481
6 0.48831560452217027 0.5329590751365634 0.005118967086335913 0.01976166325087758
6 0.17346206297762604 0.5334685907847808 0.008555715799541397 0.02011247008260897
6 0.7913696188506527 0.5259346031469301 0.005714286523733958 0.032659565105383925
6 0.34603500745199733 0.5817073808300094 0.015606394560658099 0.04904762295945697
6 0.11477387134601591 0.5471333181822002 0.011506907823364054 0.05717292719954292
6 0.21339853495861105 0.5262258386042669 0.005844585932774121 0.03298092981110656
