7 0.5240728330329367 0.48665860350118767 0.0020014278216272663 0.010335809219613967
7 0.5001161004540213 0.47864038913852336 0.001718947585101771 0.008736659231931343
7 0.5235840458437666 0.4950328812829403 0.003002908640018176 0.0037314693644067143
7 0.5225632430684228 0.5064650656513316 0.0004319106583531296 0.0014702459000049961
7 0.46591653237741304 0.48647813031390535 0.0017724189390944112 0.010436994385908283
7 0.46649491468409265 0.4766489044887564 0.0018525772298476073 0.009542088540317184
7 0.4669026730588005 0.4773780649537914 0.001790177340607324 0.009225489412864218
7 0.46052042757668443 0.48321200710882173 0.0022985609619152747 0.01324074622108723
0 0.517473675117142 0.5121632066135807 0.02162492538770555 0.013657426913252113
0 0.48298832844176576 0.5249614436754437 0.016776470457729897 0.026597402841727513
0 0.31380701647865766 0.5126197741785886 0.02162565328460342 0.013636940042369261
3 0.3075555126689903 0.5111472524463297 0.024552817668908433 0.017218087836688545
0 0.48182473543918347 0.514885349422197 0.011580623025296333 0.01624318513695433
0 0.47097869582261864 0.5120883129404423 0.021337042292990382 0.014521274847528853
3 0.502450692478498 0.5110841885500224 0.015212009090637135 0.02595790840361767
6 0.5300790930691766 0.5142004309328078 0.003723337281826722 0.010370901676628907
6 0.31225307266818536 0.5181476648642677 0.004379580762621849 0.027348508331474397
6 0.6342497106663003 0.5267808183176867 0.0058926052300858345 0.04121229183597208
6 0.38752350402276525 0.5112907998502692 0.0024188064936322973 0.008135762861942286
6 0.3311792848032443 0.5144147262021113 0.0027234175520851056 0.010129817477131597
