7 0.5907519987217957 0.4733282604900485 0.0050195276868502114 0.022144139387162975
7 0.5400322243528741 0.4561465235974066 0.0037658013509777044 0.01870556761159542
7 0.5896466944589961 0.4911398202448439 0.006532977407732732 0.007910175786619733
7 0.46740856771888006 0.47259484994796963 0.004053936325862484 0.022389443148252253
7 0.464979336068312 0.4466593247552936 0.004500810310302528 0.022683425925961287
7 0.46750549531585267 0.4505368389828096 0.004148240113469925 0.020970585845177803
7 0.43609036844815596 0.4513754181005829 0.008272772266536721 0.04103409541850106
7 0.446257700915744 0.43899743262908975 0.005329120933762033 0.026081786213056846
7 0.4409134434485764 0.43292822516750323 0.005921892214438285 0.02878468175564508
0 0.5003163388623122 0.5766176664230969 0.051147666845672624 0.08628348036974853
0 0.22463380728370436 0.5303324430974033 0.05560091370946618 0.03325511303962858
3 0.1942341231353597 0.5292475317673782 0.06588348783331088 0.04502226809082044
0 0.30954695790724374 0.5281623651124933 0.06055516136183037 0.03185595347017123
0 0.1269901500666728 0.5278780532898514 0.06558483376519111 0.03139856243826045
0 0.7747810297662547 0.5300283418924319 0.06709218762595126 0.027285490132834656
3 0.7098849774167069 0.5244616411980562 0.08873354240616849 0.05410884459971216
0 0.03716008600097923 0.530026306213343 0.06776112103183025 0.04197419458578544
6 0.6275080294531998 0.5188777884624234 0.0047776021853150885 0.029078152207255625
6 0.3983676540034656 0.5243139907076277 0.0050870784562031535 0.016993068199308792
6 0.22029178364474925 0.5387176972368778 0.00946121958943752 0.025076914157005747
6 0.5916013226543797 0.5534875956442478 0.010163467092444978 0.03401208023131941
6 0.6112059691207528 0.5181409596317051 0.003970434819045465 0.02798655137585926
