7 0.5816803456617604 0.47636913179841733 0.00440433048296951 0.019967537418514703
7 0.5358283286052345 0.4608527318500689 0.0033792561223328077 0.01686754551536024
7 0.5806896323607335 0.4924559882360865 0.005877427609599861 0.007144492083281662
7 0.47024896819150386 0.47570675467322915 0.003609658980247399 0.02017060299623563
7 0.4686796393687194 0.45326836418306626 0.003955234443272837 0.020038433051308313
7 0.47066519687490693 0.45630483117635856 0.0036800888248483266 0.018689804099862428
7 0.4461873765009293 0.45992531761985844 0.0066575904608361935 0.03415364706186663
7 0.45289923674025845 0.4474151081835166 0.004583837645465216 0.02264561157398376
7 0.4489173380948517 0.4429165941361103 0.005016818627646691 0.024656026473361348
0 0.7264240505876118 0.522415628492401 0.0474839020667609 0.027961413264568913
5 0.1758002742886568 0.5291947756117874 0.02494649018332476 0.030194822825117873
0 0.15362479021034042 0.5259485877684322 0.05401856891676318 0.025782496279516454
0 0.3364062175674476 0.5234041914449499 0.061440094235936604 0.037157300256494774
6 0.6810185306162748 0.5168537605454693 0.0038196953560362124 0.025292126485637723
6 0.5938603379082499 0.5218325959351893 0.0038430977898052943 0.01864412393285164
6 0.7614873660421705 0.5717292653833845 0.019107934873638044 0.04905100233836979
6 0.6018309465778227 0.5346583647622614 0.006245236581253866 0.045791595348923964
6 0.6731671687365202 0.5407095007341303 0.007354980042397319 0.059339186719821524
6 0.46485177050822335 0.532484639239021 0.005689839380288886 0.04726159736147606
6 0.619789353664233 0.5243968210117393 0.004447699787654358 0.03237029622295018
6 0.523580506475221 0.5432200375627775 0.008159715256950473 0.028122407098138735
6 0.651921168221228 0.5368858417103504 0.008267330508208492 0.05383405255661711
