7 0.6439578485490207 0.46157159027893846 0.008846457471491598 0.03397662787081718
7 0.5669596951761591 0.43539542691956035 0.00594408374512001 0.028689604454304407
7 0.6421932541991717 0.48871306874079185 0.010193711537271444 0.012032535166362268
7 0.6390616363651391 0.5255727919458674 0.0015477215800417943 0.004768403273806898
7 0.4564231988003786 0.4603885441912746 0.006596821557105226 0.03439477516655204
7 0.44636369831539435 0.4117206993337009 0.007975043498294532 0.0390994315130207
7 0.45341890389318945 0.42231146232925365 0.006935504813566751 0.0342762518381593
7 0.3383195521727975 0.37612224717364295 0.029873066201496157 0.1134442835001101
7 0.40400693782544417 0.38722261399889646 0.010898146689678756 0.050379753032985974
7 0.3826303721286761 0.3633770094851926 0.013635033837579524 0.06152486984860123
7 0.3422709379830523 0.5760319639151743 0.0038412362302787106 0.014971223061947758
0 0.7977559606612563 0.5424810351884501 0.09076265388976779 0.05192256265829931
5 0.9525916491451454 0.545597791504934 0.04374151335248666 0.04383477527803881
6 0.7158231408561535 0.541733294525265 0.007400026056562203 0.053813136547109064
6 0.724127632191824 0.5579465273570064 0.009694016193716792 0.04414032695884984
6 0.7022085356908818 0.6646115960680106 0.03333813034927957 0.10672119103862798
6 0.04892628082209419 0.6509919698451914 0.038886552368636 0.19697081741990452
6 0.8289889593619264 0.5594672838102251 0.015071005207126675 0.08162487092627302
6 0.015032038691456496 0.6717017343348044 0.03006407738291299 0.11166464700816336
6 0.6648048107403653 0.6424541922977378 0.02877101162901563 0.1898913433029531
