7 0.3294757308708871 0.4599419006464983 0.009803801708802518 0.03490497253323638
7 0.27748522686865046 0.41016490515181675 0.010325082093097904 0.039874972442670464
7 0.3041862014027378 0.42113104833234805 0.008744371547134977 0.03487031283810538
7 0.33070412167595 0.4876582666678106 0.01073391909293031 0.012497882341410693
7 0.32841336559938616 0.5258607395174466 0.0013284107813337775 0.004965127569395822
7 0.6218564775912985 0.4622696997315847 0.008033045825961205 0.03211551379764899
7 0.5012192813423264 0.4373761447917247 0.005111975150145165 0.02719357750972312
7 0.5491071651851043 0.43739656962003387 0.0055471744168946735 0.027172044146775987
7 0.6172519110211572 0.52279246708265 0.0014386198833302721 0.004506512317905553
0 0.956178011980655 0.5564553053082459 0.08764397603869001 0.05196714553290449
0 0.7278127566190707 0.5494551028918473 0.08923514201301619 0.04634385776872907
3 0.7994824589214122 0.5472540074417213 0.10757593278902833 0.07269166626753076
6 0.3033767721598128 0.533675985678156 0.007513482810668104 0.047991538727109484
