7 0.5578817416013575 0.47592438450105523 0.0028895278624707643 0.01415432304602432
7 0.5251843849487212 0.4649078099195216 0.0023625232958690567 0.011951538614731194
7 0.557186871251707 0.48736778210115383 0.004138295114393009 0.005085618011301418
7 0.47857962033153123 0.47549879798617045 0.002472867273369872 0.014257459122592464
7 0.47856799597956634 0.4611558799017423 0.002625073184822746 0.013461682171827749
7 0.47947220885620306 0.46257364076381746 0.002500832958370558 0.012839267700816559
7 0.4677310255237551 0.4688235984484707 0.0036298013160397935 0.02006514847565888
0 0.1577255798968407 0.6237528014258807 0.2061285527708578 0.1573351858872214
5 0.2309324448402283 0.5115504651801395 0.015594924814085448 0.01946928766056688
0 0.3445113041351183 0.5107003889637018 0.03197810217094299 0.01731636353021615
0 0.609678557226284 0.5100121598452368 0.029229500215925297 0.023242947603502317
0 0.5537917403185275 0.5136752712411815 0.018563178362126287 0.017890324756393294
0 0.29878242979362324 0.5082173303378315 0.04183421929106074 0.024075517728274876
6 0.547665740408631 0.5076535597373707 0.0021428084177677054 0.012786450369813629
6 0.6596631101346997 0.5312625740202457 0.009179615946542818 0.026043054367845597
6 0.6098442445627335 0.510357131832697 0.00416894569001347 0.02603378067098827
6 0.15841913859569726 0.5379968743607806 0.012919529335404023 0.03054121701251422
6 0.5941982999045781 0.5112421301554402 0.0032340108146141633 0.0272928505154707
6 0.19021783614018734 0.5311807941948078 0.010339173185766465 0.05584363132618875
6 0.5304272708878166 0.5130879771377657 0.003312712603172896 0.02695117146551823
6 0.605239662967995 0.5092794943682776 0.0029881882846334307 0.02448535952075792
6 0.5500537215561017 0.5184530962909852 0.004683254849307095 0.016035386734069124
6 0.5655741415509099 0.512740207859996 0.0034206206382837445 0.02720695799272904
6 0.1972472207072965 0.5313427014795136 0.010140073328681637 0.05608856838510745
6 0.1762544988419656 0.5306211841451862 0.01024494474919721 0.05505091434458831
6 0.5474750003302009 0.5134603310461003 0.004149975118991067 0.027360486410342943
