7 0.7096251473948295 0.48539421808298233 0.006626511354747455 0.01523205756246443
7 0.6487877490538903 0.47436556326407797 0.0023149282892421796 0.012560156591271132
7 0.672355386719892 0.4740247715554986 0.0024791911008414935 0.012711641368445326
7 0.5259320182126203 0.48701598032980886 0.00565268468107516 0.013817650456978747
7 0.5794911672205789 0.4756656675573435 0.002326045275595212 0.01198311686297987
7 0.5582746550064279 0.47596912793476015 0.002367508384533812 0.01184840522833741
0 0.6248145187043148 0.5186176181112646 0.025104352543492414 0.020116338883902962
5 0.5721680310521786 0.6050969321159338 0.035678173387558965 0.11603968770973727
0 0.5863154104407292 0.5184162771623015 0.013453803962979904 0.01656474065120339
3 0.6539522372717974 0.5291369659861841 0.023645808631368226 0.03935288373581991
3 0.7145653553756572 0.5332086922602999 0.06259388192719995 0.0456781151088248
