7 0.6439578485490207 0.46157159027893846 0.008846457471491598 0.03397662787081718
7 0.5669596951761591 0.43539542691956035 0.00594408374512001 0.028689604454304407
7 0.6421932541991717 0.48871306874079185 0.010193711537271444 0.012032535166362268
7 0.6390616363651391 0.5255727919458674 0.0015477215800417943 0.004768403273806898
7 0.4564231988003786 0.4603885441912746 0.006596821557105226 0.03439477516655204
7 0.44636369831539435 0.4117206993337009 0.007975043498294532 0.0390994315130207
7 0.45341890389318945 0.42231146232925365 0.006935504813566751 0.0342762518381593
7 0.3383195521727975 0.37612224717364295 0.029873066201496157 0.1134442835001101
7 0.40400693782544417 0.38722261399889646 0.010898146689678756 0.050379753032985974
7 0.3826303721286761 0.3633770094851926 0.013635033837579524 0.06152486984860123
7 0.3422709379830523 0.5760319639151743 0.0038412362302787106 0.014971223061947758
0 0.861143215695705 0.542589792707736 0.09526025142282735 0.05204012724038165
5 0.946105531408696 0.5670499847993017 0.06057715485133053 0.06868166423373201
0 0.9701875464803306 0.5507312826868314 0.05962490703933887 0.07772736720787254
6 0.7104780798203816 0.5394661819489406 0.0076937625060620185 0.05095593324357228
6 0.7175088164173709 0.5559174845162218 0.009423768531410137 0.04255525860722187
6 0.8054651429025532 0.6691435525076597 0.039405108300379244 0.11003962131340284
6 0.14079017072527017 0.6452842605780065 0.03348601311926805 0.18907361400117484
6 0.8289889593619264 0.5594672838102251 0.015071005207126675 0.08162487092627302
6 0.05460101707120758 0.6728344471575831 0.049732409053516426 0.11207620909990557
6 0.8651422205333409 0.6399631735619031 0.034839557709384295 0.18162316888645458
