7 0.6738705016902155 0.45948571617804657 0.015164382530031606 0.03471501110659653
7 0.5423134671993677 0.4316091436213906 0.005706179126976463 0.030135336256610856
7 0.5949341302203829 0.4317801937112344 0.006265339394401215 0.030058193363136754
7 0.6689177107751916 0.5257934708112759 0.0016730501000851161 0.0049521290069876045
7 0.294965988162344 0.4699930758410805 0.011446764004321708 0.02557345361156399
7 0.25280016733440086 0.43817736221174985 0.0070479577604060095 0.027163341136697827
7 0.2733250551285631 0.4435501882088911 0.006240317710531462 0.02474425493388588
7 0.2435695066559025 0.4588821369587177 0.01631834651730138 0.03523543849994909
7 0.3798245269523738 0.43288267430299593 0.006231797670024297 0.029557260862386192
7 0.3275316829804382 0.43271711037523164 0.006833967575820554 0.029631861832800255
7 0.7812678195003471 0.4354965147655435 0.025939423870714906 0.05576801267316961
7 0.688481251726974 0.42462242400619854 0.008051116997707441 0.03331057795705472
7 0.7149107804119262 0.41469825129437804 0.009473490004297869 0.0378461149962408
7 0.7755293232047026 0.5405443177129324 0.0025758244641711503 0.007857959522022506
0 0.45990937171924506 0.5224199747469664 0.015315042409939028 0.021187782150289824
0 0.12888425661890426 0.5336060715415556 0.0786778666446053 0.03416176483382649
0 0.48769726732239355 0.5149422428466055 0.01054965447471401 0.0163272329878833
5 0.4847552566609796 0.6959308866503 0.056053891992792815 0.24028049665818552
5 0.5061191960038028 0.5146659140888052 0.00476609136283046 0.01497340050954954
0 0.8728556701742254 0.5348692808851893 0.08156333417031936 0.03756940495304795
0 0.8501942390263063 0.534719382179526 0.06289093958087455 0.0295165805426586
0 0.783326165420113 0.5362330923349636 0.06958182225477727 0.03534563769237298
0 0.7657210081488028 0.5282070773460235 0.07598418874934032 0.042756633298361546
0 0.7315436325124705 0.7165867685099945 0.23792484468127106 0.27306993000773105
3 0.532752437829177 0.5329556866848985 0.03217127795770025 0.049950166979310096
5 0.057034727974657584 0.533838517909063 0.032406997607673654 0.0323420485847552
6 0.47717428039303644 0.5238908740898868 0.003546179168794239 0.030789410278385
6 0.5481955712952689 0.5122359101491032 0.00203838065158779 0.01771369495145836
6 0.5013009063227669 0.5243240394354249 0.0036630227376377444 0.03156475280341442
6 0.8599079250661699 0.5208448622868433 0.005838947827976448 0.029928585193540025
