7 0.48477074904487105 0.4836507454558231 0.0036146147958164287 0.009258376864529794
7 0.48500928451210656 0.4750391454498716 0.0015106025862706152 0.00843734357897491
7 0.48548664819696963 0.4756159780643382 0.001464881303829546 0.008188524120204321
7 0.5348667030545599 0.4813946422848736 0.00441632653920121 0.011155742709840266
7 0.49189339889535666 0.4726421784406315 0.0016694747662826526 0.009472934467287253
7 0.5088121793804785 0.4726426212809328 0.0016638515066099702 0.009473772875098374
7 0.6231936979407793 0.4583425688221747 0.012912168670023871 0.030622825476371185
7 0.5062293347970436 0.43416687961816636 0.004532281299354901 0.026337104667226663
7 0.5525861064750418 0.43415868210924513 0.004995955385546091 0.026343606817911536
7 0.6186701334551568 0.5169009721646205 0.0013940639888138096 0.004364675389836203
7 0.29642340615468193 0.46739589059084263 0.010289357989620385 0.02291436504849581
7 0.25693595274327324 0.44004146361537877 0.006233607642905925 0.023716975276686647
7 0.27580137894442874 0.4442673338746155 0.005596454394006689 0.021851090322720923
7 0.2480015215546888 0.4585407613235714 0.014088871950111853 0.030409815033489163
7 0.3653410175659094 0.435585196319578 0.005692260312720632 0.025698545042617926
7 0.3201391550935052 0.4355928412465154 0.006128961497590624 0.025692364460289607
7 0.423105329441895 0.48140446205162807 0.004566017600226346 0.011134257442974027
7 0.4277286128150215 0.4744810702293244 0.0017429964609668724 0.00867471408147985
7 0.42537445892204195 0.4738328324718778 0.001806827235112607 0.008954460354666571
7 0.422443182602325 0.4904723429132571 0.003307669687137249 0.004022001604617187
7 0.6806312801111691 0.44042846758720305 0.020100344335966303 0.045913632293162365
7 0.6291684799318646 0.42837991369259504 0.006309916505415014 0.02892119125363346
7 0.6436228814254883 0.42086918918599836 0.0071990127917023194 0.03228165979879355
3 0.5009215112228935 0.5047086592134811 0.010372784651051403 0.023747653945060843
0 0.5005250552059473 0.509467171386471 0.011917182917439872 0.01814908117193026
0 0.48188990653304714 0.5109411588624779 0.008514203918448149 0.013545586355471317
0 0.48497224387572613 0.5082270399892652 0.009452515598906253 0.012934655814597185
0 0.07887728452979924 0.5322079877430992 0.08785807252612499 0.041308405083012034
0 0.08113303683600577 0.52173835065302 0.06446468519700255 0.033294503943763654
0 0.5012678590598143 0.507653170191314 0.009670801040484178 0.014220345509241783
0 0.6938536434287894 0.522004464552995 0.05524287056546151 0.03352020082148233
0 0.48329390303335995 0.5087286180720337 0.011291846665719418 0.015443250594449731
0 0.5036593359178795 0.6047349363316812 0.07899871900871086 0.13063902682450024
0 0.7086900370392151 0.5268957931581684 0.06424332210917227 0.031324899687516505
6 0.42242659701995655 0.5027942548184952 0.001550611561593196 0.011781829204508876
6 0.4290883447299382 0.5052557338760724 0.0020066383150803557 0.015378245123948697
6 0.2412741366873253 0.5434832843341068 0.011137435971694032 0.06448012518048385
6 0.38555602772662045 0.5086122964190144 0.0026403920200954722 0.020298254651959446
