7 0.4852357548659169 0.4885745391026733 0.0036382838187334343 0.009318377338822459
7 0.4854686483431513 0.47991595919113406 0.0015212133490012936 0.008495787044911995
7 0.48595236857200386 0.4804929494285858 0.0014748691919533319 0.00824354595062099
7 0.535715848139322 0.4863275423656167 0.0044506897730672845 0.011244570890907357
7 0.49239465587945985 0.4775140726443305 0.0016829554717461281 0.009546933454610773
7 0.5094488728621631 0.47751129558199373 0.0016765854616525022 0.009548163871081039
7 0.6265386090761922 0.4630779679863174 0.013209765797714379 0.0313071977661572
7 0.5069389413437305 0.43839621899291503 0.004632672341636335 0.026920430745898394
7 0.5543347810926584 0.4383745326755887 0.005110854698399003 0.026930234458162616
7 0.6219596194563028 0.5229637879277353 0.001427252148378244 0.004467010180324915
7 0.29371456076651514 0.47234734600337824 0.010447804177392328 0.023278939806660348
7 0.252770104025066 0.44450746931449636 0.006361781092255464 0.024174495941999108
7 0.27234608884190104 0.4488314384376221 0.005699861970469455 0.022238838909230785
7 0.29266952859485196 0.5170993630061836 0.0009767710702865418 0.0033563980354731626
7 0.2431629537329829 0.46336553722955653 0.01439227026248982 0.03105694700020084
7 0.3630280931737301 0.439897482345844 0.005821178479965605 0.026244722959799238
7 0.3168784074830815 0.4399180824767679 0.006268353748058064 0.02623541914997668
7 0.42538846251999374 0.478719534837301 0.0018181762531275236 0.009019108254283204
7 0.6329383540651558 0.4323799743827546 0.00647933861752259 0.029634957895244618
7 0.648165029852807 0.42457438898240746 0.007419597537903777 0.03317353167566395
0 0.46802882610240615 0.5134028872493989 0.01159654687002587 0.013854733155630905
0 0.48193642531794145 0.5140297276241226 0.011797564608739208 0.01884046273821771
1 0.42822576896930004 0.5030596090785177 0.036902490240677044 0.05555772014953103
0 0.3465295117965919 0.5698993772516492 0.0845520529020668 0.0713664936527344
5 0.5005644190646268 0.8139684565484406 0.12440021536322021 0.3720630869031186
0 0.5004131674706114 0.6671787125150314 0.1137515732054587 0.19973648986835024
3 0.4532455013500956 0.5166757541329099 0.014646601563418682 0.02473763952188801
0 0.4579523298483486 0.5104040904644729 0.020939701945886013 0.011421015361985032
3 0.4567632089880437 0.5094868881942605 0.01832373091010403 0.014172898639834286
0 0.4837273286178813 0.5144271823083638 0.010660264055266322 0.014610247093435058
6 0.38447740778521616 0.5218102826269968 0.004006513400865663 0.02849832624253079
6 0.45030521812174507 0.5219786692388935 0.0037761249473852176 0.02905774386508686
6 0.19510436474327272 0.5510699430253079 0.012228702975839056 0.06703525486986506
6 0.3217366557298455 0.55293160446765 0.011460492111434073 0.06859115864307441
