7 0.32456670924806563 0.4763458874078094 0.0018908424343692665 0.01005596446092849
7 0.3250621094589966 0.47710840827020606 0.0018262226219338262 0.009720747961497744
7 0.38635879873838574 0.4842549234957785 0.005282263804311904 0.013013740863887013
7 0.3337495268920121 0.47328426440294724 0.0020927289409563565 0.011404117247958312
7 0.3548717769978423 0.4736046830663172 0.002080101848969229 0.011262802096478397
7 0.5360232522335272 0.4498823272802525 0.017605158578341662 0.04309467890616836
7 0.36889756079349023 0.40686716573920756 0.007582902581501572 0.041534484226494695
7 0.4397953764413657 0.41075972704441277 0.007953650419814107 0.039721958932182944
7 0.5303610255873878 0.5313808872508414 0.001961861578129498 0.006131492496410873
7 0.0035404988345120827 0.45448392996146725 0.007080997669024165 0.03901948783544068
7 0.11143756038156002 0.396375029797638 0.01285065094955451 0.046448906174028415
7 0.011635046338103496 0.3910792344302363 0.015689690263924742 0.048945228096934856
7 0.24217535277396612 0.48296890833111694 0.006423308546496503 0.014124097209785524
7 0.24915252780858416 0.4745750420208723 0.002414611109429282 0.010835498105924268
7 0.24570411483178212 0.47362606560823645 0.0025246745608674404 0.01125364809600471
7 0.24127117089491087 0.49442896748352516 0.004651508216670264 0.005092339093938858
7 0.6837871056220934 0.4112086980906017 0.031982827308420836 0.07797458670881635
7 0.5552528947902065 0.4047627111728199 0.009690890204280933 0.042516242206770916
7 0.5902557784518656 0.3893582631025431 0.011687761426748322 0.04975722120129655
7 0.6755098202951269 0.5546491507478671 0.003425570548459267 0.01079625226163472
3 0.25161966988167456 0.5089462381540081 0.032720240342325235 0.021887662901983962
0 0.091273927868633 0.5475694711801511 0.08346563418850944 0.04944632288039874
1 0.40326616594512854 0.5016842658930816 0.04859987684178518 0.03496886381194697
0 0.3420771910004169 0.5136439502758219 0.02207446208183189 0.01308854344541388
0 0.20920686228886698 0.5554222761503118 0.06662571279961488 0.07610749226569091
0 0.34064590818086626 0.5126394639907996 0.022005448312054643 0.01376357239087378
6 0.7639958653005167 0.5197987851782386 0.0052323637472091455 0.02896198182987042
6 0.14424905874722074 0.5260008228695807 0.005312366245306455 0.03782900811293699
