7 0.3403014956355073 0.47330891913237727 0.00712630183642915 0.025780777773343866
7 0.30695992624301194 0.44201898774699633 0.0067954298163793725 0.026962143351575596
7 0.32353416634266563 0.44721905083967983 0.00606426698232071 0.02457635870112479
7 0.3412573367865934 0.4939475433081979 0.007932965418741778 0.009267582396995933
7 0.5620893040597739 0.4744868366368 0.004989610387415411 0.02426242720939059
7 0.4699790288243546 0.4556287701112065 0.004034833571967933 0.020514955278237712
7 0.506352035702072 0.4556445215943504 0.003896611724647725 0.020508099289642867
7 0.5585431970221372 0.5205244440826577 0.00102338238469879 0.00342457293923204
0 0.4409611290292608 0.5576822920701542 0.0409606513489984 0.04727735718854276
0 0.500872217710424 0.6074072897875914 0.05121817622286429 0.09410328788628752
0 0.3069943686296895 0.5914293283175862 0.06417941155189066 0.07736883093088576
0 0.33103588958022057 0.5525265944593256 0.06063292522393171 0.050561307997406435
0 0.5180547792999634 0.5626770495693146 0.04927453274444055 0.06293577805248107
6 0.4328367304597669 0.5169958935050154 0.0033033352788240933 0.020489601135674662
6 0.832297548492028 0.6249409097548474 0.032630622930887254 0.08132010914280108
