7 0.48160622672269404 0.4882905643876814 0.0040546144438042275 0.01037095746849237
7 0.48171637459644023 0.4785068434439378 0.0017144146132373472 0.00954294105749448
7 0.48231908962634584 0.4792138610364226 0.0016557927015355967 0.009225848775704037
7 0.5386844695607351 0.4855626085039435 0.005086008913637308 0.012807996467297633
7 0.48934859481249493 0.4755097952891181 0.0019226612523913222 0.010888865563520311
7 0.5087819521724014 0.47550984640009614 0.001915107136007288 0.01088885897709757
7 0.6884194338533267 0.4472318883943211 0.020834307093130167 0.047405993226251164
7 0.5082619742308478 0.4095552186748741 0.007067769573811944 0.041230808457073886
7 0.5800522390919811 0.40955543962636065 0.008155679505405522 0.0412307664069681
7 0.6816013872460501 0.5375419443999163 0.0022950470705811465 0.006767259050732832
7 0.22168961946927368 0.4650511107114569 0.01469657769160046 0.03123896896090278
7 0.14052431975439242 0.42237921449525073 0.010634670751122843 0.035222850491791136
7 0.17996748572503102 0.43090037193910397 0.009011205185080834 0.03125978451297273
7 0.219632527961949 0.5250536485871908 0.0014888201335777063 0.0045228254640587995
7 0.11062356564492637 0.4476313043068564 0.023656068320035764 0.04704108724280692
7 0.29244914799870414 0.41273991792234765 0.009732846889652591 0.03973383361430183
7 0.22318407604875012 0.4127396711966476 0.010745598402785494 0.039733889782346266
7 0.4103597552711412 0.4855844275861595 0.005286040683894655 0.012788287673128063
7 0.4166350403036523 0.4778200108621823 0.002011021161834159 0.00985107871390778
7 0.4135949481321436 0.4770128676198139 0.0020960638070182114 0.010213446089837597
7 0.40963859633954913 0.49599700486701515 0.0038189190500816927 0.004615322791289567
7 0.8774658993467483 0.39262013379143007 0.04799906464028403 0.09783331352994662
7 0.7095749659850472 0.39549199323717044 0.011689591795147503 0.047878946211602214
7 0.7512654725554309 0.3746700573179818 0.014889044106975113 0.05783654548200279
7 0.865121900608717 0.5740123310503507 0.005013220147663255 0.01369716288369116
0 0.49977530812864823 0.5176945263489734 0.012358310797679684 0.017177790305552998
0 0.5001478130035397 0.5174017394339399 0.010412599285468283 0.013273571337588996
0 0.4791132028558854 0.5171806646906094 0.014488431983898375 0.018334715910990007
0 0.4168591677269789 0.5141481822921747 0.010972942918464845 0.011079661678885189
0 0.3793706648360374 0.5141408979697042 0.011191380612748048 0.011082690338220291
0 0.390103708494193 0.5134102829191198 0.023211588532537353 0.011840515395003859
0 0.43687203236081507 0.5258858986873689 0.02444614997375416 0.027976892624800742
3 0.47377998798555987 0.5155587338576577 0.016709280527190173 0.03390786049027339
5 0.7676165264075403 0.544405736028156 0.036570308420599607 0.041518757945343876
0 0.406371803285422 0.5275751909022774 0.02324036172547056 0.02463368389493925
0 0.8178054416713647 0.5484717945988944 0.09880873196238982 0.05242463254685892
6 0.9959115640227848 0.5278477113876379 0.008176871954430398 0.037768565654247244
6 0.3909026213721334 0.5168206616235198 0.0037751611400906326 0.010658714470709652
6 0.412094322364293 0.5096823479393161 0.001751840164065821 0.013153703357361213
6 0.3995841784306434 0.5145803938924274 0.002910774795461535 0.01978509878328316
6 0.9211438657063628 0.5282281309783321 0.007956674730161595 0.03828543506269044
