7 0.4184008760437714 0.4844117672712034 0.0028838885400886416 0.013171135208445095
7 0.4117496488820081 0.47141623812034317 0.002685652622848589 0.012320992205604064
7 0.41536082289094756 0.4726084894554245 0.0025578502572827233 0.01179752004786827
7 0.41919446658913395 0.49504485075339455 0.0039136466382387325 0.004758545945996173
7 0.5337175304258237 0.48465821374319296 0.0023740096566839952 0.012761641950701286
7 0.4848916881229688 0.4747038912607435 0.002077644087714714 0.010772953953384234
7 0.5041259895372215 0.4747138824863296 0.002054506730866601 0.01077088153608291
7 0.5318242134091358 0.5090640368008126 0.0005260917893511463 0.0018110114396951982
0 0.25839121846437374 0.5712709316998981 0.0926442675162234 0.07327838914432583
3 0.5020123603773625 0.5340357874962401 0.024649759714233055 0.05021160070543429
0 0.4680983075954823 0.5292364660025857 0.021652288220426863 0.025735318972762822
6 0.5729420450831408 0.519459124501598 0.0036400845779990254 0.02798437372440621
