7 0.654321569712278 0.4673394970638381 0.012300922136526227 0.02851725225656232
7 0.5455733387292864 0.4448580755372965 0.0045806132955923395 0.024483474343291844
7 0.5887735991288983 0.4448467421308062 0.004977019666007165 0.02448915567421389
7 0.3041213878035799 0.46754220925240886 0.01259994734270009 0.028331910373765756
7 0.4132214822856155 0.4460864707298535 0.004868103841791871 0.023930452614794262
7 0.3710261459823013 0.4460972602861668 0.005242649528821419 0.023925033645361693
7 0.7199413465153732 0.4526253111351009 0.018611325448965932 0.04133871837134251
7 0.6628618066670438 0.43992853281238586 0.006154727596480836 0.026701771661010232
7 0.6796264525962417 0.43363854704562327 0.006977684095810122 0.029541417269679293
0 0.50010494437185 0.5977734550306615 0.06864773169615579 0.10347774354703909
6 0.4115570289122585 0.5458258066370942 0.007730763592635914 0.05793085523529018
