7 0.4981587060071045 0.4874447918852888 0.003404256714506393 0.008807641722704262
7 0.49933488064815224 0.4793394651849261 0.0013914944773995575 0.007993033144000183
7 0.49940015117555986 0.47985194839338735 0.0013526364772219468 0.007769403280308285
7 0.5478533260582878 0.4855020428763357 0.0042047149866512035 0.01050791948229518
7 0.5074206061472293 0.47723274425973916 0.001562685531030228 0.008916449080889899
7 0.52335334789146 0.47724487729709864 0.0016170205097518764 0.008917362167151777
7 0.6421415416896309 0.4673636715988279 0.011211869347674375 0.026180274635650314
7 0.5422272647838782 0.44666220782248095 0.004182058634466634 0.022440279884994085
7 0.5818829051716864 0.44668421462882224 0.004518465823857509 0.0224460847131554
7 0.3478183135221742 0.47388642314507623 0.008783609678746973 0.02032729226635316
7 0.32302267204432 0.45080872751554535 0.00487551222671162 0.020504373724365477
7 0.33510692116392654 0.4539878001915544 0.004459170618550945 0.019094788515122085
7 0.32045896930011175 0.4672694823333101 0.011443202820449694 0.026014052631499363
7 0.4206144921646343 0.44760394590425445 0.004417779833647273 0.02197180743647581
7 0.38182516051203647 0.44758214396135276 0.004733101791400407 0.021966250646547503
7 0.4425441060938971 0.4854315612604691 0.004233864614724747 0.010487493250306845
7 0.44549874802192513 0.47880540346396305 0.0015930611095084646 0.008205197075325799
7 0.4438007239111418 0.47823187685333013 0.001646567009811195 0.008455019451129808
7 0.44185511820878065 0.4939705987464015 0.0030840966362369326 0.0037909841428478974
7 0.6488281521844613 0.44261573444699787 0.0054943766476243106 0.024292513451909248
7 0.6626181966104447 0.43744108413927385 0.00614704303381941 0.026620299547069293
5 0.6710060485306055 0.5240746670268279 0.020873334446994574 0.024787686076033544
0 0.5179644697360936 0.5121515919488943 0.010211629276440481 0.012544625763241557
5 0.6840393091321595 0.6426366280194126 0.09747405850668134 0.15537636080703643
5 0.7173817445518076 0.5258937949714555 0.023011017258874555 0.026491363177274962
0 0.5002862523577005 0.5180238011616909 0.015879443122164327 0.021618204729143997
0 0.49965226531279616 0.6327706851338613 0.10870829917559205 0.1595699952658901
0 0.48451962365993917 0.5115803087459676 0.00952193385130673 0.013213061356164846
0 0.733767920776709 0.524715096895217 0.051956567048231816 0.025279013511840476
0 0.4113283710047628 0.5072761941755167 0.01800505927569168 0.012272053218023604
0 0.6074093827937818 0.5868259238100316 0.08767547106248896 0.11043607482681894
3 0.5012797902120718 0.5096688324769887 0.008493147568944315 0.017051308057622894
6 0.31965944940980745 0.5155217180374188 0.0039682726300100946 0.02549071952559767
6 0.4134523660416016 0.5120836983260257 0.0025769179394976582 0.02046850890150631
