7 0.5447155698867221 0.48106141504770183 0.0022358558590016564 0.01137708626244921
7 0.5183705325324275 0.47213266179586544 0.0018919208846422952 0.009606397130148492
7 0.5441569009417317 0.4902715457845225 0.003315832229700777 0.004103410092163695
7 0.48085274313628756 0.4805700606263493 0.0019581005275627894 0.011450874368118147
7 0.4812583836759423 0.46960396108785385 0.0020511336187593043 0.010561653678165306
7 0.48180698788531245 0.4704904381972823 0.0019747320104100963 0.010174827384020368
7 0.47402111940403835 0.4765426352931171 0.002620127037883224 0.014917929753574533
5 0.5356177533987618 0.508813549886264 0.012685551505826287 0.015596188661667454
3 0.5605837456718895 0.5062709531366356 0.0232364885851275 0.018075030574094875
0 0.4662625271179946 0.5093465884181807 0.020014859293017384 0.013676631055538846
5 0.4993520556302914 0.6332468712344645 0.042712428443220485 0.1488861379283114
5 0.5471249106208269 0.508317509138996 0.012325035874072632 0.015037570751994855
3 0.424229023824912 0.506372080581268 0.02241649085772829 0.025937673377906867
1 0.5954169099147016 0.4967801064568875 0.058072504020967974 0.040758496368911434
0 0.5485631979213856 0.5352575292108519 0.034687328675457985 0.04720750230443371
6 0.560865388665811 0.5072098120500357 0.002281924391007828 0.01674060887004769
6 0.5607368006825599 0.504656044292425 0.0023860456129385366 0.014992360559595241
6 0.01977146616914204 0.5429416751865559 0.01602135037680162 0.07187195397421742
6 0.45654637632363027 0.5126931695975552 0.0027348066131212545 0.014181854218812462
6 0.5427052271647732 0.5135194282330895 0.0034548842931289014 0.011801712343728288
6 0.2884188640687582 0.5196297594440155 0.0062320878131271185 0.037409578856824055
6 0.23323895294133856 0.5269600086240953 0.008532596095119555 0.04813115268524604
6 0.38086510390308187 0.5066518323947098 0.002202913213697255 0.016686215684202033
6 0.35829921743435333 0.5077234152100369 0.0030772110336551584 0.020098308736921644
6 0.39056447044022974 0.5075001114836535 0.003217601723484731 0.019669423703636335
6 0.5234794731630814 0.5135657845492094 0.0033856630137805155 0.011844346767084901
