7 0.563745061885824 0.4908232882274929 0.0032322495427217213 0.015514353467564745
7 0.5279340047967314 0.47875298613455997 0.002599716625927173 0.013096260473133225
7 0.4765885183471781 0.4742627663419131 0.0029225522900452883 0.014930444903923867
7 0.4777014992920713 0.4759841025606031 0.0027694240103978696 0.014168664970796607
7 0.4635814730188069 0.48210134788707487 0.004215698602999751 0.022907902215024145
7 0.46587838079702093 0.4711015912005406 0.0032555188644000643 0.016331426074521704
3 0.5366073565278504 0.5259989684414776 0.03443452525122981 0.026061499576454428
0 0.5660927247025108 0.5306901448418334 0.02945346104226343 0.019663993392661894
5 0.5000304036821317 0.7079994202791595 0.06131138339769915 0.22234993270507308
3 0.32612977282327743 0.5434964927102761 0.0678391761907362 0.0713296951086606
0 0.5539053214651111 0.5528443329231654 0.03734576299789527 0.05050850653460082
0 0.5898113902105263 0.5290983170391468 0.03573605694308157 0.0188860268762705
6 0.39829732265185724 0.5330686598226133 0.0038798150347221783 0.03149787873564103
6 0.5991366959582702 0.5280863280718384 0.003867150320115531 0.0260435715426538
6 0.5857726693084868 0.5229144299922792 0.0032955018652115475 0.020470991516307047
6 0.5153446544444258 0.5365270221573669 0.004029125908597275 0.02202684146773759
6 0.4924661360201601 0.537448003133445 0.005594879205618131 0.018685022058141265
6 0.2066968346455426 0.5300499294548069 0.005726849623671815 0.030544925344351714
6 0.48657325729220724 0.5371000321013729 0.004738023807282221 0.018505987108043298
