7 0.4681382549645125 0.49726652860693277 0.0020869308422174493 0.010627565422528518
7 0.4655073871720008 0.4872427736590187 0.0020088329362287216 0.009735576342701668
7 0.4672548029899299 0.4879918802825889 0.0019356763205052863 0.009406009539543791
7 0.4688676350547207 0.5058641510695565 0.003104380944772611 0.0038448504701246167
7 0.5215915238270777 0.4892022784097809 0.0016730699411175998 0.008779312142185802
0 0.516758676532057 0.5898944859441296 0.055734685297010644 0.08293113261910712
5 0.5187644892872191 0.5451418369865478 0.010372464564656791 0.03361085145235143
5 0.5022632640310531 0.5247728848834995 0.004511130053222678 0.014349480109718815
0 0.4908660025099982 0.5216430253934137 0.009421470426859258 0.012805343739065722
1 0.5514645946831525 0.5152836513629455 0.03979461043924981 0.07257286992791478
0 0.5209164536671321 0.5210225704810072 0.009422749924205887 0.012141473641772205
0 0.8311383237106207 0.7962915680156961 0.33772335257875863 0.40741686396860777
5 0.5947781306023652 0.5234463158690809 0.009634542559087245 0.013747647819537523
5 0.5179830765627846 0.5564966959114228 0.01272494983221062 0.05016385798020406
