7 0.3344786421282083 0.46020545300809323 0.00972310989563091 0.034780638805901765
7 0.28303466318529136 0.4106660075559274 0.01022189908836485 0.03968036850044648
7 0.30945137771485043 0.421556106303156 0.008666536648543 0.034721674127119184
7 0.33569722297086135 0.4878238250316773 0.010662127806273625 0.01245104397812341
7 0.33341119191370105 0.5258920573230487 0.0013177609759884579 0.004946357009005586
7 0.6264142158071597 0.46251576063704525 0.008060613515458948 0.03215699689634366
7 0.5056153451851255 0.4376426231089389 0.005106769956908064 0.02717313746377581
7 0.5535124034222231 0.4376422161146727 0.0055504994805113395 0.027173138752873027
7 0.6217853070155774 0.5231160537950224 0.0014429440858162446 0.004511275907021162
4 0.398966097513653 0.5410471057042523 0.01690920235429383 0.04288905491706896
0 0.9867571910281299 0.5500300720815438 0.02648561794374038 0.046698583238292235
0 0.4327507906868273 0.5576658184027132 0.051409215061714864 0.059472183991520766
6 0.3757120495143241 0.5265319703454057 0.004385698927661497 0.02178664646273043
