7 0.5411536933540699 0.4829361855431352 0.002872444571730415 0.01506873358585864
7 0.506250599614166 0.4712092290055061 0.002428236384570126 0.012725800928001518
7 0.5404307110971687 0.495119224790486 0.004363724302842598 0.0054128468305508215
7 0.5389237987079218 0.5117330799803688 0.0006249910930842262 0.0021385030522015347
7 0.4565704370323523 0.48248134623058203 0.002889534420165152 0.015183963660260258
7 0.45363551420645987 0.4670501876476653 0.0029409080705884993 0.014451136983124835
7 0.45583869128996235 0.46863540302449525 0.0027864747363375852 0.013736242272669452
7 0.4349403906407432 0.4750434881391024 0.004514526960307019 0.021950730287787046
7 0.44124269518666637 0.4641526353800649 0.003271516078312886 0.01575981059152487
7 0.43783279400510683 0.4620563841934674 0.0034855411736868236 0.01670808519232886
0 0.3021125714799749 0.5200720838348849 0.03766489700310305 0.01823303231786
0 0.4236219799346588 0.5196845470008302 0.030646772747512374 0.025151174789638464
3 0.5000197284110453 0.5301090240915202 0.025010950756585215 0.04468895859857969
0 0.20996002072490472 0.519265120639502 0.03614362969295165 0.017771311810795498
0 0.4557536633190844 0.5217939609566593 0.016412236547467873 0.017597056131307576
3 0.0889854659950681 0.5171331458617747 0.043169323268600554 0.025215227544036045
0 0.3265093302749261 0.5367118233268909 0.03966502608830297 0.03180353900859845
0 0.46424496017560657 0.5359162673530697 0.029964045114544924 0.04031499425659657
6 0.2802485598718983 0.5139073169291508 0.0031732988096382364 0.019582867148440486
6 0.5303528052609268 0.5233857206864132 0.003936256394077797 0.02943294257461282
6 0.1648745865781402 0.537527043860176 0.009787671987979474 0.05166567622497442
6 0.12881845081019994 0.5207373439774858 0.005701196860073671 0.028838570238758354
6 0.328280811048975 0.5214575076675056 0.004718216497705319 0.029380013385428172
