7 0.374490602794177 0.47740441640424225 0.004872392789703361 0.019602339113580503
7 0.3570918859165906 0.45580376929563804 0.004547758053758899 0.019374673294816736
7 0.36587563747330093 0.45865616992855374 0.004200025030829502 0.018111224961391503
7 0.37544198111490756 0.49314834000827934 0.005936810341496568 0.007062586829552631
7 0.5443458000500236 0.47815402224479975 0.0036550406976118 0.0186613077877395
7 0.47324536932985173 0.4635782336319274 0.0030751710460769077 0.015781859244231478
7 0.5013087979219791 0.46361142155213164 0.003001133685934576 0.015770568581305766
0 0.4975107125911373 0.5603968065921492 0.0434033787214711 0.06414553855143401
0 0.534180709102091 0.5160704484649098 0.024652571677479473 0.0171656688301991
3 0.5127040052156167 0.5140563296351919 0.02263169900142148 0.020798589177351334
5 0.49770661099077385 0.5779323997193309 0.023228371510613022 0.07762767584690033
5 0.4686553379713945 0.5162072935152651 0.010132863808516857 0.015457448284334041
0 0.4891139830009704 0.5161291807733701 0.012770988948559048 0.013140105590137119
3 0.4029155981648132 0.5343820571829656 0.03879790828230334 0.05223025564864425
