7 0.361201787541525 0.4748643486164704 0.005718592298795788 0.022043040262851588
7 0.33821121374592666 0.44954443121473464 0.005370416751109108 0.022265450767441297
7 0.349704541346986 0.4532593403568589 0.004896139560123136 0.02061292283518118
7 0.36217268411489134 0.4925358328343064 0.006714848884828817 0.007933203372814335
7 0.5515907906037286 0.4757894456051584 0.004168631236620035 0.02088938836561216
7 0.4721434587799619 0.45951051950501254 0.0034535039517269994 0.01766178212554942
7 0.5035072331935828 0.45953717238826153 0.0033557731450958306 0.01765182422444861
7 0.548524774650942 0.5154886488416806 0.0008739180726100582 0.0029499917211565085
0 0.4989929229463844 0.5861464204216904 0.0627776787451268 0.09555008887008032
0 0.5493498776947185 0.5171659079323694 0.026700393881826434 0.018128641848105254
3 0.5260465289097329 0.5150251122177898 0.025282603312305807 0.02191595031066995
5 0.4991634052251182 0.6244804945451151 0.03762821600537858 0.12963111916033276
5 0.4582367408359693 0.518453873320438 0.011079406119283375 0.01744230218296272
0 0.4796919968943148 0.5181751672814465 0.013996500844111637 0.014679055477461844
3 0.35261814408564784 0.5542722494412384 0.06917170674253237 0.08627040915851025
