7 0.33446529766993527 0.46011180565389576 0.00972337726646566 0.03478299815997754
7 0.2830171352178984 0.41054032115531636 0.01022207930362834 0.03968201522774778
7 0.3094358309510066 0.4214453836871028 0.008666665889141056 0.034722938560144245
7 0.3356837164711358 0.48772930324253094 0.010662188224266012 0.01245147400395874
7 0.33339762020635094 0.5257975403914702 0.0013177875368276526 0.004946103454356532
7 0.6264017427625228 0.4624308513200122 0.008060252194962314 0.032158916420778394
7 0.5056029438189126 0.4375560525242014 0.0051066078347628 0.027173877280534442
7 0.5534999795852812 0.4375560004668406 0.0055503294975711714 0.027173867668590423
7 0.6217726712906502 0.523030975747068 0.0014429118862915313 0.004511131394041579
5 0.984507810942835 0.5567471326046203 0.03098437811432997 0.0533708940604648
6 0.30854992124931796 0.5335483394238163 0.007443410421071661 0.04779279394423919
