7 0.6376933687994562 0.440205403615365 0.02180957373331338 0.051545714016859645
7 0.44256855911680026 0.3931723039022337 0.008378864508254036 0.047873995056382124
7 0.08795263745042665 0.45579937939424664 0.020125654039332308 0.038188091639162036
7 0.02541159936431623 0.41127306738840785 0.013236591953659237 0.039609361803910614
7 0.17361196384815952 0.3892100523131432 0.013470858290050708 0.04981373522712751
7 0.07786243146069252 0.38627546407054303 0.015842120283243374 0.05122081302081788
7 0.8858206074250808 0.3690474944245136 0.052884507235946066 0.11568472858311218
5 0.7069701855608687 0.5427612518204717 0.03918230106433929 0.04562203517690855
3 0.23302447649066726 0.5721495893215399 0.09483159348960299 0.16527168671224324
0 0.5814778015073829 0.6307232024709724 0.125446455304991 0.15083810358686012
