7 0.6275018256145068 0.46411803449679623 0.007955795847729763 0.03147182876386856
7 0.5561180861870285 0.43973558220600745 0.005475671327105247 0.02661671278122124
7 0.6258853768884383 0.4892934099574847 0.009383781630289856 0.011164970272171837
7 0.4532964194567658 0.4628796598175201 0.006071630510393333 0.03197875624149488
7 0.445198000109919 0.419380588347246 0.007201350341263457 0.03547059423015775
7 0.4511037787946052 0.4282758792442189 0.006342007711124253 0.03145456144010861
7 0.36283583653054585 0.3987561253179295 0.02237582477713429 0.09093048922138985
7 0.4088548703006981 0.39946750019657734 0.009529111066972906 0.04454253700822741
7 0.392382698454807 0.3810329072013656 0.011570376486024436 0.053041211782418884
1 0.9255614429239769 0.5079157549776544 0.14887711415204608 0.1285619854568283
0 0.866622385272693 0.5416690045666637 0.07121968128866385 0.040317903397514954
0 0.19802266327739615 0.552866266833852 0.08855899613258592 0.05021386078149148
0 0.4828394357036392 0.5712479678273448 0.08601133258480459 0.07720063487882589
0 0.11213919025991335 0.5879700651405229 0.07704698071597385 0.09596723538644347
0 0.4034923817768662 0.5540097396678707 0.07078790737385754 0.05537591839027933
0 0.28860124159921713 0.5520252296804156 0.07833135691180457 0.050802477331644
0 0.8881554207836332 0.7990622012841775 0.22368915843273363 0.4018755974316449
6 0.6993462153302342 0.5278376227410164 0.006892109029970506 0.04021198330980191
