7 0.34996743596583935 0.47385622215851586 0.006459657946339958 0.024052728377875476
7 0.32170213484137244 0.44521084177276543 0.00611067520191827 0.024736874153582167
7 0.33577365657049335 0.44977287202948435 0.005508811812356296 0.022713834968179747
7 0.3509331023770506 0.4931034474723535 0.007363261800429899 0.008648400170731763
7 0.5571366244412655 0.4749533730781996 0.004601362302861345 0.022708903639440337
7 0.4709092128526226 0.4572922319132894 0.00376480272915225 0.01919273688271278
7 0.5049537891361708 0.4573117449933547 0.0036437588590690906 0.019184295495570602
7 0.5538161350895558 0.5180455581777578 0.0009536187541806518 0.003203083387978589
4 0.41974839550386867 0.5342395083765746 0.012842759981260776 0.03400613105876227
0 0.520288694562935 0.519862187076904 0.028691135765115505 0.019646034221757702
0 0.6103354871670514 0.5330709252515627 0.0555838329683952 0.030505687801575032
0 0.8748594792920654 0.5407547462157576 0.07192719967019323 0.03335117092361706
0 0.4937723773839954 0.5222436837483179 0.02192136997520122 0.02055163064666643
5 0.4990929379506244 0.6672582944891647 0.05308114312110079 0.18926703168803438
0 0.5124293412025571 0.5233221789574529 0.02016747584005485 0.022866871609376282
3 0.6777305368567426 0.5312750182434005 0.059314173279921056 0.04253642915462208
0 0.49940066246219444 0.6043077295283505 0.08596487228591687 0.14076609635525295
0 0.4684260502940728 0.5295746427205619 0.023049750376502642 0.025294786455606677
6 0.758100351809093 0.572590449222775 0.017469915591845075 0.10257765295566212
6 0.47357696442977715 0.514260696952531 0.0027860635499797337 0.017764314326903063
