7 0.643294242457414 0.45684189633024985 0.015204389821153463 0.03562110294562687
7 0.5074789570098002 0.4286261089111857 0.005284759861041599 0.030720550373988298
7 0.5613789202098756 0.42863550926994465 0.005903494805937659 0.030730396306185237
7 0.6380879974502822 0.5248627933231619 0.001651851884013733 0.005078656477583987
7 0.2730149905849302 0.4683932925687744 0.011642005984807524 0.025598890436529687
7 0.22210836956293972 0.4363203197383565 0.007447741483722847 0.02720975303307771
7 0.24651645003537007 0.44179431989524043 0.006572001357885993 0.024782372539261632
7 0.2717119040419356 0.5175586794550363 0.0011156211615777067 0.0036913380907099835
7 0.2080117772510536 0.45693343448876844 0.016730343430806982 0.03532377207226972
7 0.3442960938662497 0.43047068599732646 0.006801164656501157 0.029852501917456697
7 0.29196818143438935 0.4304609469290275 0.007377964950418758 0.029843220217796174
7 0.7280627127442652 0.43070183362448555 0.02617473910153645 0.05813630772941053
7 0.652807238678438 0.4207466504412202 0.007734095535374519 0.03429671157041847
7 0.6734346530489246 0.4100739790918969 0.009086833481570356 0.03912533700567816
7 0.7231405036431 0.5401650786893748 0.002412941529325696 0.00818287309159249
0 0.5004260244033809 0.7621068781388827 0.22568733041600442 0.36733855432639306
0 0.21332543518853642 0.5327624396862154 0.060887890369228814 0.03196391254216768
0 0.8379239899192403 0.5522147059807399 0.11252182368914065 0.05176327512851675
2 0.17288456898121918 0.7656469654153878 0.34576913796243836 0.4687060691692244
0 0.10161116079919377 0.6139726354765965 0.20322232159838755 0.13650970236010584
6 0.5686850961842638 0.5637268728469 0.011181923558082563 0.08520583573666352
6 0.35303146843104716 0.5194960072501984 0.0037335247405044236 0.03010464070282215
6 0.34212011536474796 0.5203801689569787 0.004539662570332059 0.031391105548752796
6 0.7666687402855203 0.5201993423784792 0.0049000280486842795 0.030769586785226677
