7 0.6244117671818774 0.47228605730880857 0.009701348130173648 0.022947816011626043
7 0.53667288461383 0.45422726851263096 0.0036233469872093416 0.01963328341552545
7 0.5714500114994268 0.45421973618306644 0.003880746481133901 0.0196368630604557
7 0.3622710697007483 0.47761273482520156 0.007844729367678605 0.018327565584044136
7 0.3523007193253648 0.46007441971202306 0.0038734539426704684 0.017027077305372007
7 0.3418441624501685 0.47241972897695583 0.009902756563755832 0.02282834150690416
7 0.4298152825419669 0.45502573575457606 0.003817501743666296 0.019276244112163554
7 0.3956912787197445 0.45503298073468257 0.004062998767474346 0.01927279871851728
7 0.6633092330108529 0.4635127685972028 0.013272609143496927 0.030580521119875137
7 0.6288750415556134 0.4510931265290794 0.004605693052081472 0.02103461606682072
7 0.6391315706874712 0.4472460657934183 0.005063441371277899 0.022758277065257515
2 0.5000710713433152 0.5250990664370201 0.06234916649444794 0.1327128925727708
0 0.4587774698948081 0.5167536682589313 0.013606654025337561 0.015274895956430279
0 0.29978813482647027 0.527132241437857 0.05766936449312787 0.030082763280925184
0 0.5941199036380813 0.5768555633329295 0.07909268638676548 0.07572150671674205
0 0.5001371876852321 0.6124928817892151 0.07844712740816262 0.13709734546315766
