7 0.3884651185355791 0.47772297641680583 0.004174806945567877 0.017472425208882758
7 0.3752692683572487 0.4591733087603431 0.003886647585899017 0.016954322497685748
7 0.38202682893185086 0.4613736861113915 0.003627950716395101 0.015978759098474293
7 0.3893882820394885 0.49178221775468967 0.005260925733080013 0.00629942107434156
7 0.5403720355167696 0.4782187744216947 0.0032254709893985156 0.016726437316725296
7 0.4765498158803741 0.46518125012520256 0.0027451976118765264 0.014140016682181455
7 0.501726815984751 0.4651966134763067 0.0026919645333666198 0.014131698069712761
2 0.41776541342519613 0.5127803658162366 0.046773105954978966 0.075796419283361
2 0.4988118782447614 0.5358987037462566 0.0382676754785668 0.06131219440175861
0 0.4698625216663173 0.5139526768527499 0.022239707680995036 0.015922578598380976
0 0.4992702307613809 0.5543645205983407 0.041198436657133686 0.06056086730619714
0 0.514972026645105 0.5196882257828517 0.0264145489135309 0.01744337302707144
2 0.4359102780857309 0.5434016438350143 0.054299058822271595 0.07383699649073816
