7 0.6144228517612853 0.475596655489111 0.008512772596452778 0.020305277543222644
7 0.5366523962708629 0.4596851125749166 0.0031758123133579508 0.01731852943675405
7 0.5674193061793387 0.4596590589157191 0.0033802075260390696 0.017330556383084172
7 0.3798747772564114 0.47993612087581394 0.006999674749026796 0.01654084788178789
7 0.36442942482272733 0.46242552632806255 0.0036097399513240203 0.016097938022691882
7 0.3646921056407212 0.47579655234715 0.008599735409818343 0.02012506187274482
7 0.44218702605502724 0.46037038398985886 0.0033201244088343906 0.01701235635370285
7 0.41206059529281047 0.46039548096320715 0.003508278165013534 0.01700076988907162
7 0.6436095278744023 0.4689715359670126 0.011150300607666308 0.02606000248194318
7 0.6173666218846771 0.45720316904356445 0.003939019230535079 0.018424986433378865
7 0.625178306611991 0.45426925437691723 0.004272574196924284 0.019734207551680927
2 0.5042711375505315 0.5192717017705143 0.04754196121547377 0.10122566668136262
0 0.46627899838487874 0.5155960001181976 0.012386293822380268 0.014013875637804207
0 0.6186688779570262 0.5695160320472612 0.1000884396572348 0.06778776477707782
0 0.5042660602864097 0.5913868706792587 0.06300316865706551 0.10840162731804426
