7 0.5281201751896211 0.4879631217222817 0.0020373092715375574 0.010540215248028284
7 0.5036945711320053 0.4797196981066955 0.0017451041670693002 0.008909235343438793
7 0.5276137438761241 0.49650291796672963 0.003061186484655032 0.0037988244050671804
7 0.4693753840135124 0.47756027922641253 0.001883762838759906 0.009744469043490633
7 0.46981258449471297 0.47832075077357245 0.0018189504311971194 0.009414277314867547
7 0.4631396169403934 0.4841892838828973 0.002350499486130808 0.01356827186426185
1 0.5030068738006223 0.5027979476707658 0.023482618026233526 0.04439219294858038
3 0.6116883248170031 0.5253438634985075 0.07346334722595893 0.052404121035587115
3 0.3035136261877725 0.5097199841701735 0.03277983434307352 0.022496867505698737
0 0.4852059205637599 0.5200621674976416 0.013838398790463502 0.017875979556529642
3 0.5986905620817902 0.5108420758095291 0.02147719494724043 0.016015707939806778
6 0.5520168765290885 0.5148096229208317 0.0029232904537406235 0.021135086024982486
6 0.5421823711839309 0.5117202626363571 0.0018342301660870808 0.014936662079967578
