7 0.5470346934288186 0.4860408903110379 0.0023755621602575827 0.01202703744435013
7 0.5191871990833569 0.4766837783970549 0.001996029044220249 0.010152355724557527
7 0.546455241607118 0.4957770136790399 0.0035048739358787273 0.004330344138017916
7 0.47953291431959977 0.48571544004400324 0.002073821568012335 0.012108661971606482
7 0.4798545378316407 0.47396827854852835 0.0021793610778214623 0.011225881905006951
7 0.48047802911053333 0.4749710491210526 0.0020930582159471856 0.010789689852352569
7 0.4718635179257125 0.4811184290212033 0.0028343070612945054 0.016055869758638652
7 0.4717283465739648 0.511686835041628 0.0004302037417692195 0.002267685770221073
1 0.5221232272437499 0.5028857643308531 0.04207143810014258 0.04931228331357901
5 0.8784439697807911 0.5464521035573415 0.04795880707218436 0.049556588476408536
3 0.787454174397995 0.5356584564366605 0.1254673007204482 0.07522899025513136
3 0.29573603748817956 0.5111067530447172 0.03786300537676773 0.02592334803041285
0 0.8675442411927807 0.5258832960418605 0.042738855640530704 0.027450711545003004
0 0.4975949041875374 0.5237460920335195 0.016518984261299552 0.021514924915587597
6 0.6290965376005535 0.5250795839111857 0.004704931513447308 0.03638460883985628
6 0.33268924731257765 0.5194805983070155 0.003943030975055828 0.028058436429601263
6 0.5721881169434127 0.516969079185085 0.003444777386423792 0.024591968755035887
6 0.5625088321284739 0.5119336217925752 0.0019342949206556659 0.015998758603230523
6 0.25074186586586666 0.5147560347568682 0.0036113333259172875 0.021155072883751735
6 0.5694833887002082 0.5140374919511986 0.0026437073135551215 0.018966717104576647
6 0.25093995666301716 0.5110038076503538 0.0024698066985544553 0.01573276165474491
