7 0.5985594218256878 0.4710270215318465 0.00575892122603705 0.024650864687309704
7 0.5422726887035014 0.45187705036475007 0.004219048922373347 0.02084007432897339
7 0.5973199002247558 0.49082349690813537 0.0072876423582607375 0.008788747760145932
7 0.594978484093666 0.5177624086221582 0.0010836138682576157 0.003475620048068895
7 0.4614546669106806 0.47011050030005563 0.004584285090038442 0.024986539298336552
7 0.4578115828604509 0.4398644065165996 0.005173675061696303 0.025921926954627472
7 0.4610796666554522 0.4448509498930977 0.004713445235757507 0.023709160771065663
7 0.41934499951413673 0.44110182567877815 0.010682806958809021 0.050683054107143355
7 0.4351635831399083 0.42968568033851207 0.006294968873487572 0.03046057522847684
7 0.42776864527351577 0.42132291697564195 0.007136519605180414 0.03421168692139187
0 0.8672540541869791 0.8151202136460829 0.2654918916260417 0.3697595727078342
0 0.6370743924376898 0.6090151939275248 0.12342292513405528 0.15226026088590638
0 0.04466279755672213 0.5420767742021444 0.05008206825645952 0.03645491620518582
0 0.011260365890350236 0.5391523721571796 0.02252073178070047 0.043645546558894854
0 0.053020060797925074 0.5349940628054645 0.08461714114580933 0.03993902704049157
0 0.4979892924016085 0.6596629293453475 0.12295628735268599 0.19309838236674415
3 0.26430797733025946 0.5259897287350774 0.059138042167935445 0.04042991377582006
0 0.3150367975806241 0.5320464780189729 0.06387941348559495 0.03676262059168578
6 0.017319183584429507 0.5282180220377592 0.009566256073438877 0.019302317267730684
6 0.24413544267077553 0.5374465021215473 0.023165559073017983 0.024440718486441027
6 0.09443280269483326 0.521361751108977 0.006548664396317072 0.0318943625843402
6 0.4014568554478098 0.5494369134452424 0.00923088760204449 0.07234526861422941
6 0.2202913282383822 0.5511663078459733 0.012099611236752211 0.07002278689417052
