7 0.4246268759810141 0.48164734967511125 0.003326124133795849 0.015591520872593911
7 0.4175102754741809 0.465577963087209 0.0032052323717951525 0.014883529596508738
7 0.42151362636243644 0.4673099260931858 0.0030243999730220628 0.014126359369193986
7 0.4255975174460943 0.49420709015020625 0.004608972624862984 0.0056258879066679035
7 0.559812864456297 0.482019500649882 0.0030894146959844493 0.015017658059033878
7 0.525169065029021 0.470331184721573 0.002506691698778929 0.012677113088247538
7 0.5576039318563006 0.5106851989969681 0.0006371059451308891 0.0021276882451893853
0 0.5028197942979563 0.5644730062083533 0.04197037419621191 0.07064297991177626
0 0.5011954778896156 0.6477643015525656 0.10387366372007806 0.19456715210248599
0 0.5817124773907016 0.5612216575755948 0.06141508083718117 0.08027967971849759
0 0.586374981703098 0.5210945434352359 0.04126790633376842 0.0226337035331744
1 0.500244634312952 0.5050402835366201 0.0452700307102154 0.08677468209135314
5 0.5511397898714498 0.5400801148762212 0.014068860905804947 0.04342018379553969
3 0.5022645819518132 0.5321881457672923 0.03259068638165652 0.07461638253644465
3 0.5347783680778793 0.5235604767446322 0.02239536978078671 0.03641572719976938
6 0.6371301101230944 0.5246253748859785 0.004685938993860828 0.035620834375601707
