7 0.4280308124450771 0.47132725298611067 0.0053236082919205785 0.025342578255858672
7 0.41600144053663457 0.44054674654100956 0.005657904344645415 0.026381728045429875
7 0.42302808535418696 0.445659661670094 0.005117977334181845 0.02409319731714632
7 0.34909796435511575 0.44147588744259547 0.013767131511702668 0.052167840871571614
7 0.3852986845826719 0.43007048406708787 0.00697091139118905 0.031093996660194523
7 0.37140229821333715 0.42141092269594693 0.007992185647357097 0.03501281906273834
7 0.5675926979653527 0.47223011402965664 0.005229564038981227 0.02502154496210679
7 0.5101775033260456 0.4528097661030589 0.004037626532438998 0.021147659552105347
7 0.5663705134083816 0.4923264404208737 0.0072777600451384705 0.008919917377845088
0 0.49988971300747836 0.6367335927283047 0.09174602262432441 0.14147219943444755
5 0.18132273999437715 0.541621583158117 0.04065597556099004 0.04306167986124454
0 0.025865765946549546 0.5319877837194896 0.05173153189309909 0.040978827911280824
0 0.0993480497784608 0.5348985041620328 0.08002272354708359 0.045310141158238615
0 0.04333617483744147 0.5385373422700381 0.08667234967488294 0.05077056209162856
6 0.443893616927934 0.5227224546759771 0.004081031905624477 0.031511430859864076
6 0.37518565054043507 0.5524966549681449 0.010029701768107746 0.07341819609467692
