7 0.4970374871466797 0.4927131316931458 0.003726872293193073 0.009645739503687967
7 0.4983162232444872 0.48370024261043704 0.0015327302747846772 0.008818581357206479
7 0.49839120821430644 0.48431954655008025 0.0014856462126592307 0.008547118848799162
7 0.5073264583980485 0.4811088640794422 0.0017440395608960824 0.009956032742051812
7 0.525105240739941 0.4811088650002464 0.0018118521004003574 0.009956574909229687
7 0.6901164211568573 0.46312503602462796 0.015625645053460313 0.03530141475480436
7 0.5559087553434207 0.4352122622292444 0.005798973191476264 0.03044166277820104
7 0.6093712739485537 0.4352046751238484 0.0064118641539137045 0.030446759225622844
7 0.6850948299568771 0.5306005075737811 0.0017256969199593852 0.005040360919104758
7 0.3086781643662547 0.4744070841572474 0.011319101774585894 0.025455119565224005
7 0.26694222790343236 0.4427773920666673 0.006973754378419794 0.027011696512647787
7 0.2872508318226113 0.44809613416995986 0.00617984242573455 0.024617677046397557
7 0.25768756149455363 0.463381256900396 0.01610487930609683 0.03505157849409035
7 0.39261274163923 0.43705340028039963 0.00623103784921103 0.029602397662862767
7 0.3406321305702328 0.4370604642004161 0.006807204723479732 0.02959758934053419
7 0.43494413673768484 0.4903210867269806 0.004752123830423505 0.011700948918968834
7 0.4387665622703201 0.4831013415959019 0.001784022419579201 0.00907939915271444
7 0.4366872664570146 0.4824016006598907 0.001851296752161613 0.009386330293376044
7 0.43419712518810405 0.4998503774222889 0.003453832400502066 0.004226073644806094
7 0.802800962925813 0.43809613317315943 0.027231667087880385 0.05729944918411528
7 0.705356959691422 0.4275342651294154 0.008347882391110839 0.0339363586620281
7 0.732949398917774 0.417212376487482 0.009871907095273635 0.038657588715119984
0 0.42538091847662535 0.5172401229342953 0.021260130591418958 0.010026254749434527
0 0.7900891986232781 0.5430737713774022 0.06723874002468833 0.033040468714872206
0 0.11262712725819102 0.523399252264511 0.04072645315033062 0.017197460330311887
0 0.06907452325035955 0.5366745834674908 0.07550507300778972 0.035866447030659554
2 0.10387731492354282 0.5210263712807546 0.050738078537228073 0.026972566364281914
0 0.7515356610969544 0.5373233775578055 0.06820270015316421 0.03572160810373248
3 0.4941487743556243 0.5585652946067571 0.05810708075066029 0.12324593349442875
6 0.2316200685223176 0.5798551854708022 0.01425718856443306 0.058068116386964075
6 0.8915317869612898 0.5256752440628216 0.006231503552408202 0.030655366682365903
6 0.3953479984464302 0.526554401287761 0.004315737974886158 0.014793441437930044
6 0.4704755199933997 0.5284545734255525 0.0038626168715453213 0.0313981532585037
