7 0.6947228828412103 0.4585374609760948 0.015973044870442488 0.03605849494519492
7 0.5576976071661461 0.43005221924782155 0.005927084635089619 0.031105663984385856
7 0.6122982254175705 0.4300307989578467 0.006559584229290039 0.03111542591935096
7 0.6895345670853694 0.5274241766541574 0.0017643385341243878 0.005145187325643508
7 0.26338848654461666 0.4379551721345536 0.007106756332550368 0.02751262732846288
7 0.2843979529266054 0.44343412565410145 0.006284325546944747 0.025033108676169036
7 0.2535284565259198 0.45887994004705956 0.016424474913818238 0.035757296335551525
7 0.39108136288988815 0.4320030659984948 0.006362008636712879 0.030216903819629326
7 0.3380838926638948 0.4320232737872062 0.006951823517781841 0.030207707016250807
7 0.8137776697996838 0.43226918874850273 0.02828895203783266 0.05931958955215161
7 0.710852120014819 0.42202140418811407 0.008578303756522243 0.03477685246657197
7 0.7398654078147451 0.4112085312081643 0.010191516284666413 0.03975166725325985
7 0.8073247747516343 0.5439476923352456 0.002842837816201982 0.008361290964683299
0 0.7243074348042398 0.535001705135643 0.06910892618259667 0.0342068683815252
0 0.781754995929398 0.5369075072065767 0.07574707871511333 0.040686775877115
2 0.8120352503591338 0.7653810574524689 0.37592949928173236 0.46923788509506215
