7 0.44286641788530356 0.4563178377085646 0.007503641982484599 0.038280239645313296
7 0.4289603177273122 0.39861887967529963 0.009372698326301276 0.045292972516952024
7 0.43825948468221576 0.41238310471347384 0.007973514976211737 0.038944983429373414
7 0.2542411820980216 0.32121982194642534 0.05213065768393549 0.17009431500667396
7 0.3745785244013955 0.3646271336382835 0.013638237900911898 0.06121286411837362
7 0.341839001502352 0.32852653385714037 0.018125955405397298 0.07847483282004397
7 0.26383928531468714 0.6099681896286377 0.006306405427865924 0.02171880532807713
7 0.6498264096662837 0.4578073687672891 0.010103985345576882 0.03751702375202387
7 0.565257080648165 0.4288054093441054 0.0066286412467424505 0.031771946083870295
7 0.6478689119224961 0.48772265039575446 0.01125697169897355 0.013258530959049886
7 0.6444791856666995 0.5283266698972744 0.001723497859114298 0.005258825356157404
5 0.06157135713747713 0.5575812360850771 0.06001010584601106 0.060133243144845694
0 0.172535022079452 0.5468187493647373 0.10248125505378342 0.061877634053912445
6 0.030339042381630887 0.5521676648944414 0.014437730778331999 0.06623063149884256
6 0.8003716460057375 0.5605379579849311 0.013864015963625187 0.07812715751964583
6 0.7735953578634027 0.5334693321415275 0.008416300920282449 0.04785963414006478
6 0.38860376090994664 0.6821871842106905 0.029269678618521755 0.256652460364039
6 0.9235088933786866 0.5327991171743163 0.00979915459004188 0.04705731288112347
6 0.7116958184581654 0.5423266435697511 0.008013427858922118 0.05450919432589185
