7 0.6947228828412103 0.4585374609760948 0.015973044870442488 0.03605849494519492
7 0.5576976071661461 0.43005221924782155 0.005927084635089619 0.031105663984385856
7 0.6122982254175705 0.4300307989578467 0.006559584229290039 0.03111542591935096
7 0.6895345670853694 0.5274241766541574 0.0017643385341243878 0.005145187325643508
7 0.26338848654461666 0.4379551721345536 0.007106756332550368 0.02751262732846288
7 0.2843979529266054 0.44343412565410145 0.006284325546944747 0.025033108676169036
7 0.2535284565259198 0.45887994004705956 0.016424474913818238 0.035757296335551525
7 0.39108136288988815 0.4320030659984948 0.006362008636712879 0.030216903819629326
7 0.3380838926638948 0.4320232737872062 0.006951823517781841 0.030207707016250807
7 0.8137776697996838 0.43226918874850273 0.02828895203783266 0.05931958955215161
7 0.710852120014819 0.42202140418811407 0.008578303756522243 0.03477685246657197
7 0.7398654078147451 0.4112085312081643 0.010191516284666413 0.03975166725325985
7 0.8073247747516343 0.5439476923352456 0.002842837816201982 0.008361290964683299
0 0.32374011512824863 0.5348437570010037 0.0666359827274618 0.03389282812352823
0 0.38895378079525356 0.5947328096943418 0.10343592979578858 0.11759388592913933
0 0.46686104560003727 0.5324990758194175 0.07333308716865933 0.0485176138630099
2 0.8120352503591338 0.7653810574524689 0.37592949928173236 0.46923788509506215
6 0.18882666603290518 0.5664447284357231 0.015491074565633645 0.08501677798707696
