7 0.5745534628967107 0.4679133689048951 0.006259631120288267 0.028983353609828788
7 0.5082569571546325 0.4453890137838825 0.004684666007733651 0.024538822708241093
7 0.5731263903671604 0.49114548176318473 0.008440427684128227 0.010304283367828904
7 0.5703360444721308 0.5227373143642517 0.001237196894634418 0.00408235806413082
7 0.4130044467271603 0.46674759795881304 0.006437211712595259 0.02948057594989556
7 0.39518108402839747 0.4285303717526725 0.007015537183378828 0.03192704870260715
7 0.4052666497601106 0.43574034349501056 0.006208536759687522 0.028635896343532474
7 0.28732019834288836 0.41963644524766186 0.022194377765370976 0.07332969000477346
7 0.3529539822140454 0.41291595836245976 0.009111311927812504 0.03910642898759892
7 0.33043705151343966 0.3991163501124616 0.010902001793802962 0.0455102495758814
7 0.2907102075652349 0.5528981465728261 0.0028251921203307218 0.009959960904955656
4 0.8342952064404611 0.5460961206971868 0.033121081229981364 0.04675184507522567
0 0.16355046742147636 0.592039851087784 0.15933791380321133 0.10638669775169596
0 0.3449495481588406 0.5417609002063314 0.06901268793579357 0.032160564710003836
0 0.8002099675173941 0.5416210275452128 0.09127259158581758 0.04394813100611983
3 0.39000687036403264 0.5431576295764275 0.06892487499956346 0.08626606243036716
6 0.6701373922372535 0.5533618996315242 0.010803637276834643 0.06764680252732924
6 0.4087985674237224 0.582306301853731 0.013759378155136281 0.110125544100246
