7 0.5745534628967107 0.4679133689048951 0.006259631120288267 0.028983353609828788
7 0.5082569571546325 0.4453890137838825 0.004684666007733651 0.024538822708241093
7 0.5731263903671604 0.49114548176318473 0.008440427684128227 0.010304283367828904
7 0.5703360444721308 0.5227373143642517 0.001237196894634418 0.00408235806413082
7 0.4130044467271603 0.46674759795881304 0.006437211712595259 0.02948057594989556
7 0.39518108402839747 0.4285303717526725 0.007015537183378828 0.03192704870260715
7 0.4052666497601106 0.43574034349501056 0.006208536759687522 0.028635896343532474
7 0.28732019834288836 0.41963644524766186 0.022194377765370976 0.07332969000477346
7 0.3529539822140454 0.41291595836245976 0.009111311927812504 0.03910642898759892
7 0.33043705151343966 0.3991163501124616 0.010902001793802962 0.0455102495758814
7 0.2907102075652349 0.5528981465728261 0.0028251921203307218 0.009959960904955656
0 0.06656927222866209 0.6439426947756065 0.13313854445732418 0.17755051501699848
3 0.12804744803495813 0.7845425383198887 0.25609489606991626 0.4309149233602224
0 0.2638091654837916 0.5417830926051195 0.07307816103243958 0.03220089178160557
0 0.8002099675173941 0.5416210275452128 0.09127259158581758 0.04394813100611983
3 0.3603835439848696 0.5379720875964111 0.07898749247179265 0.07575713836696651
6 0.6907398148056239 0.5540893932392659 0.011838862241758119 0.07343557712663984
6 0.3614429448087896 0.5809724450873458 0.016426560175308802 0.11006359831516765
