7 0.5797442140268556 0.4675995759268712 0.006419652483421134 0.029539497177708596
7 0.5121913258943211 0.4446966650469937 0.004773240597590767 0.024985648691497386
7 0.5782869120191789 0.49127245186026725 0.008615366781048794 0.010497617519790448
7 0.5754445670176855 0.5234588774264737 0.001263984488268588 0.004159565912437713
7 0.4153286283682416 0.4664811696049823 0.006567503664943686 0.02998384451799546
7 0.39675540740323334 0.4272860749906411 0.007181696446415364 0.03263117235308405
7 0.40724062820308266 0.43478915324315837 0.0063385782863382145 0.029200953081157388
7 0.28268535058787236 0.41667073746449457 0.023530946842201195 0.07651106811181624
7 0.35300522839198345 0.4109494507806146 0.00938438297005112 0.040156037063544314
7 0.3292275051012524 0.3963664451965078 0.011291915551082332 0.046938091528352044
3 0.005819752766749713 0.5421742145329786 0.011639505533499427 0.06184545920928064
0 0.16313446267665727 0.8091670901113477 0.32626892535331453 0.38166581977730474
6 0.445905779589839 0.5900600866693935 0.0132989923972206 0.11744578923862348
6 0.7049646432666117 0.5596719673527177 0.011722317346382849 0.08274126367745516
