7 0.501849238424583 0.482572044369159 0.0016052569993173504 0.008130164026606768
0 0.37265231869654686 0.5135394950455738 0.021014256917477492 0.010637410523148927
0 0.527842044179925 0.516756857992268 0.009623240635736274 0.014245479631909808
3 0.4280266329018058 0.5100565088932651 0.0277834464342126 0.017913625561875812
5 0.4685673098856271 0.5132883218460687 0.008776873622144188 0.011241987807562581
0 0.5277560636697345 0.5179536886366378 0.01057190301620936 0.015737185308427826
0 0.4003869973356877 0.5129151644437808 0.02153792919351588 0.01102590669966308
0 0.48946526871402407 0.5329912265271374 0.02322037684608369 0.030542918508765782
0 0.6360899937104632 0.5239744913065425 0.04263866351789658 0.022296274737269584
0 0.43469469955304274 0.5132941876689132 0.0209712944830443 0.010933145639304809
0 0.5272814602625279 0.5244545897021053 0.01565068063665742 0.02158776937332385
0 0.4640868260177213 0.5132721479499116 0.01815608510331479 0.009941673992147959
0 0.402533096054179 0.5130375523407315 0.02240798329575927 0.009892445705140362
0 0.35756865203440946 0.5119046976757748 0.02169143843622634 0.011061067327852725
6 0.5659674192007544 0.5119835944469384 0.0016785856765567653 0.014076712318559004
6 0.5653057386672226 0.511506266856354 0.0015320198052497513 0.013015145346216395
