7 0.48161300528983675 0.4800054149407085 0.001486160133876424 0.008301938150342802
7 0.48207637652463387 0.4805565246581201 0.0014418959875467374 0.008060914093546923
7 0.530599952053645 0.4863191382574996 0.0043289441707450305 0.01094964696955103
7 0.4884049052669387 0.4777223204639343 0.0016396233698490748 0.009301466001216285
7 0.5050218677531326 0.47772571132406005 0.0016323314570516612 0.009300021332357467
7 0.6135765959112716 0.4652850536549895 0.012189846383037217 0.029108715089318726
7 0.5022951408123626 0.44224410950762827 0.004311766846018306 0.025043764376715905
7 0.5464171703395202 0.44226760801677867 0.0047203580912369425 0.025033317420330936
7 0.29947771874305845 0.47331910836309987 0.009904905842304412 0.02214792507673019
7 0.26296175252735277 0.44737363880757985 0.005888070004115342 0.0227427121032715
7 0.2804148016900557 0.4512241120028664 0.005312396889978699 0.021021337506023918
7 0.25526824894071676 0.4653303626450962 0.013379345157609579 0.029067638585325406
7 0.36770540578149546 0.44342247133094576 0.005374886049944405 0.02451423594520874
7 0.32440832904805517 0.4433998989350818 0.005775048248112535 0.024524260761967065
7 0.42075084225176884 0.48632232619535865 0.004486231735476742 0.010946386522158902
7 0.4252053324599099 0.47946414104091567 0.0017112245803236892 0.008538615420205398
7 0.42009099158499896 0.4952376479920423 0.003252893161250048 0.0039545031577656875
7 0.6642255690314308 0.4498113414218675 0.01842388943197637 0.04259405189120269
7 0.618630139639072 0.4371820343806999 0.00587380932737025 0.02732233348326457
7 0.6314949703790274 0.4305867564852963 0.006642711860707418 0.03030271466973322
4 0.48057381246053676 0.5128505961565148 0.004483243723806318 0.014034066028685843
0 0.40394139899000403 0.5411560350066713 0.06359716153370604 0.03888996276773471
0 0.4250884630181061 0.5184464027809838 0.01831213554846084 0.02105731187384685
0 0.4956325453990851 0.5109031471753258 0.019854255138010368 0.010950040456970567
0 0.7014442888113022 0.5281393557138163 0.05711523041495348 0.028257893138929346
0 0.5061579942904048 0.5106532524166729 0.015935879417693977 0.009491075624173062
0 0.496955192002657 0.6129884464237114 0.0755189391933081 0.11374598669920377
0 0.37271678688305365 0.6057816366050428 0.1100131329204106 0.12044099584164192
0 0.44835660752364015 0.520071158845312 0.015847960727405408 0.01895406328729876
0 0.7015224416958163 0.5305004919614834 0.06095729315431797 0.0298671001395443
6 0.7160774597938957 0.5180608133429867 0.00443417494166376 0.026865531319208213
