7 0.5870421221979417 0.46482598840290845 0.007082084925827292 0.031949197491191794
7 0.5141616316575538 0.44009325026969554 0.005161943636368571 0.027014030784593412
7 0.585460228476707 0.4903817146466868 0.009328131937128337 0.011331779893530125
7 0.5824078386740338 0.5251090131917726 0.0013739613402838913 0.004489929881185795
7 0.4096055489282179 0.46359264707467635 0.007252174073419992 0.03244658234754527
7 0.38693070844351507 0.4191775052013198 0.008068005569194348 0.03615892469926546
7 0.3996055432140794 0.4283569430689942 0.007022816753558814 0.03199468428135932
7 0.23565322835189917 0.3963651326507137 0.03198647166004917 0.09480416480109388
7 0.33470675041887243 0.3984965104890944 0.010914442960436255 0.045628511226540214
7 0.303577693849559 0.3791687836788622 0.013543240857029126 0.054587942803556944
7 0.24150673589352145 0.5657898226282467 0.0039332676904539066 0.012672551888307404
6 0.874522983805347 0.5652878324213915 0.017713643369844267 0.09193230507793482
6 0.6522146767735088 0.5298675823220818 0.00589667234121527 0.04130754938079739
