7 0.5378418690043922 0.47875399693207776 0.003637424460949945 0.01850743611348238
7 0.4951370527633535 0.4642929028078947 0.002988361590656352 0.0156678139211216
7 0.5369504095258691 0.4936758057799453 0.0053539213800812835 0.006630391568502481
7 0.5351219360511572 0.5140112682000666 0.0007714935258785749 0.0026200573482265677
7 0.43392680894643965 0.47804073453425566 0.003713726145721352 0.018780762472057233
7 0.42852327331930684 0.45765267704049895 0.003827409829897377 0.018429801405083657
7 0.43205931010419363 0.4602377461593011 0.0035709386605111693 0.01728319697535252
7 0.3981625388148591 0.4649449937743525 0.006768069222449491 0.030351506545473417
7 0.4108747827352308 0.45272041898683163 0.004403856113793292 0.02062291953655193
7 0.40494486448549594 0.44901217418578826 0.0047973280894523795 0.022276516063472918
0 0.07597771123790252 0.5787632402473823 0.15195542247580504 0.10503692090932482
0 0.48738361171618305 0.5540144110545977 0.03454119229305158 0.05423315447401378
0 0.48735410167525905 0.5738727886795718 0.04892208837048723 0.0796542596804567
0 0.4274520001939972 0.551058950470818 0.04045703897815178 0.05257172223470041
0 0.5160752572822876 0.6996814479037521 0.1459798067019023 0.26664412960994444
0 0.48756815787695756 0.602409706479718 0.07257083513606666 0.11029317417056328
6 0.32680269141766993 0.5331328711226042 0.0058289832734193525 0.042730077978568315
6 0.09340198815138666 0.5341686222124498 0.008221047292152867 0.028316630164855416
6 0.2710734957952291 0.5327925654068137 0.006908794600779589 0.04242238196570092
6 0.24153081446757302 0.5233221069079912 0.005102834232838832 0.030907185858718877
6 0.41092721680429223 0.528994301822834 0.005749298390429869 0.04133357553112316
6 0.5753282179994559 0.5235880508818844 0.004325380244570298 0.03125016824829918
6 0.4149216706109644 0.5295163761398558 0.004837753176013537 0.04187912726709808
