7 0.411922998824108 0.47045373789563455 0.002681863859537059 0.012302294336455244
7 0.4155232110736037 0.4716419015765283 0.0025543666952997923 0.011780356589531582
7 0.4193480137844745 0.4940453453099848 0.003908230400492263 0.004751180766224661
7 0.5337151752863049 0.4836472557808158 0.0023702556368925265 0.012744806661461883
7 0.48495207891790354 0.47371634327744505 0.0020740476145838516 0.010758757502092375
7 0.504161428708777 0.4737221015107241 0.0020511750710499044 0.010756735550888297
7 0.5318249555615006 0.5080215266009118 0.0005253227737738175 0.0018084911538593929
0 0.5017346720969422 0.5257018117818346 0.016720383401757688 0.02491108487722682
0 0.4656758684220347 0.5295806601734129 0.021514059928483487 0.029364184094021972
0 0.47015469392523423 0.5251621127414496 0.019437802499323198 0.0266052465153781
0 0.32543750861977266 0.5511798428815766 0.05799553198570706 0.04798985591771021
0 0.46062927327123737 0.5334673451956881 0.026567137158261867 0.03566215343564183
0 0.4845946550399184 0.513452858980787 0.013043780589758913 0.013802147894707462
0 0.5019267080932481 0.5282371556614858 0.020030821344094007 0.02786412735684629
0 0.522849407214237 0.510321405751955 0.014671352067548105 0.011378291354741887
6 0.5728281906059254 0.5183738976150039 0.0036317913268275603 0.02792099897291811
