7 0.39255862736975133 0.4763832495183201 0.005066581657148073 0.021553149914630088
7 0.376478910669687 0.45200889854810256 0.004941086000173234 0.02168634742670944
7 0.38489986869228476 0.45545641715855656 0.004529834774354424 0.02011559082229042
7 0.3937151532114228 0.49368859391064146 0.006462171904245528 0.007760348270477224
7 0.5774442679829415 0.47720500600951965 0.004497236229239587 0.02043373437981738
7 0.49986482501353346 0.4612723901920188 0.0032726977580519456 0.017288172261859858
7 0.5305551767240007 0.46129875395109843 0.0034506538950429544 0.017276422981927886
7 0.5744626658707671 0.5160814120884443 0.0008826724009491915 0.002889709791838335
0 0.4976192913907515 0.5259660790515035 0.019578590642028826 0.030136602238888588
0 0.7679395434520362 0.5290010513404018 0.06013615739574529 0.027684807073909634
5 0.6613628391419101 0.5365094933575334 0.030911989875259893 0.03672614438209665
0 0.4997813733562015 0.5216846297451174 0.019366012313447478 0.025067425866753923
0 0.4962636387413708 0.5747559276285039 0.06509853758493517 0.11182598365385321
3 0.7818183852069054 0.5270399396820672 0.05755169392849335 0.038127171256626236
0 0.5887002364509231 0.5707561090980209 0.07744748002423629 0.10833398878113842
0 0.526382833713956 0.5233974315761021 0.016831434521809796 0.0203289788388743
5 0.4476480969104146 0.5227811906116857 0.009306583480828023 0.02090155373797764
0 0.5828734318829928 0.5173814343011427 0.02252446756027182 0.016763628623196802
0 0.6369269456500743 0.6244836318935751 0.1256691864193371 0.1453571025873196
3 0.9215659235438936 0.5263027342383546 0.08970472576116828 0.05540294530042761
