7 0.6923838672727285 0.48955459251656164 0.0020675277411997817 0.010194157431551554
7 0.6674472924446595 0.48187362759126096 0.0017455774845202 0.008495828084416845
7 0.6918643667715527 0.4978163433515173 0.0031608871170583086 0.0036765247136446577
7 0.6331403058445457 0.4896365215542827 0.0017326215950458357 0.009916718899014187
7 0.6336945021940226 0.4804798816108083 0.00180019440765522 0.009021807276310856
7 0.6341018427659877 0.4810868061593287 0.0017454456957591846 0.00874910906697679
7 0.6279190430335833 0.48702047437645346 0.002181684232058223 0.012277822438786501
0 0.4974826286915529 0.5120073244615236 0.019848970560593315 0.012852293701900885
0 0.05448715350899793 0.8037378093899757 0.10897430701799586 0.3925243812200485
5 0.49851911025200335 0.5127839269695451 0.010177995655419991 0.01221688863987358
0 0.14091328194869884 0.6419399111440045 0.24805611554353138 0.1664226176409711
0 0.667859530264922 0.5157367578382326 0.012535121512206593 0.01734960483154957
0 0.49203048217008594 0.512735640283221 0.009605182414484548 0.009390020859886827
3 0.2848388792641059 0.6279844241718782 0.2011581566546872 0.20159153407414598
0 0.7998356202424118 0.5279411127297393 0.049823869395563714 0.03501575516316091
1 0.6481341939957047 0.5037617553355214 0.025794427215580562 0.037864361498341714
0 0.7682011111165126 0.6075164379079786 0.10696032109415954 0.11442679741702033
0 0.5605144832285653 0.5238106026582421 0.021455736027636507 0.02136730449198254
2 0.6484500030394138 0.5146670049792238 0.013849377991547285 0.02105549946387386
3 0.6750080588726297 0.5109506476323664 0.023479108064157206 0.02218638349004942
6 0.7414391302095564 0.5198272607167562 0.003869164868317565 0.025818508160040943
6 0.7079588536280674 0.5125319528403688 0.001856352994716537 0.014405159534092826
6 0.6967776271158819 0.5132062786503296 0.002890849843166454 0.01685647066829543
6 0.41207642549514795 0.525740867809656 0.005197089882507666 0.03386218694009202
6 0.5482496055361135 0.5145820552470748 0.002540321732466766 0.008275942158009975
6 0.49237002828688103 0.5210238973884136 0.003942776261187497 0.02745763737336171
6 0.7384816992821082 0.5171006019020326 0.0035357630276450225 0.02211971755318809
