7 0.575450733049178 0.4789571886242158 0.003985397029983351 0.01842501691520304
7 0.5330448144126105 0.464629261420648 0.0031081872181606407 0.015567336350331418
7 0.5745405243412948 0.4938240333988889 0.005416872769437475 0.006601928282349678
7 0.5727469860464194 0.5140834530617902 0.0007933507947148755 0.002610255775847281
7 0.47245041668833754 0.4783676946117219 0.0033026579729163452 0.0185983850399572
7 0.4713945996864135 0.4583449428811623 0.0035870037213656114 0.01823013496792436
7 0.47304521949330974 0.4608228278413289 0.003359141122843634 0.017107059728566576
7 0.4526529195123489 0.46605568786683454 0.005703446103968446 0.02987911819346789
7 0.4574957209712899 0.45364974723296825 0.004097822664664685 0.02036315452768883
0 0.22989453794827286 0.5241280345605795 0.050424693009811644 0.02879944478739893
5 0.21961525233379303 0.5272794686337177 0.026305261615224645 0.02826212605539946
0 0.653626831833497 0.5243268562707715 0.04673747699705988 0.02914891828052013
1 0.335705449824624 0.5038729487228066 0.09215678323957688 0.06432843910200947
2 0.41475773978636854 0.5216051157730498 0.0566579450496687 0.03408846929639897
6 0.6307048127931683 0.5249184487824013 0.004007615204075221 0.03384043960852812
6 0.030644368271248744 0.5170957238414187 0.0044689028391407155 0.02439916973569578
6 0.5175838890535682 0.5389703146039355 0.006654885352083473 0.024473707601519235
