7 0.43224847743992617 0.4844520206339715 0.002925531933585357 0.01405237367954909
7 0.4267785769082299 0.47044369045401224 0.0028162878568638305 0.0132464946829009
7 0.42996450985375545 0.4717830551836524 0.0026753217955461928 0.012643330023084154
7 0.4331541281228939 0.4957972170929672 0.004144166501857338 0.00507533921339165
7 0.554537953843909 0.48469791714045335 0.0027423650014500867 0.013586762941359742
7 0.5026518241196496 0.4741115425726776 0.002181629543991148 0.011473543015436682
7 0.5231229893927021 0.47411761844811173 0.002261736094089861 0.011471105842046192
0 0.501597364281434 0.5249786056270505 0.01893616272543286 0.029278594322592943
0 0.5014572440592787 0.5217919744611361 0.016479599814539225 0.025335197492871386
0 0.5001689550893471 0.6004022532790574 0.08778613176031003 0.15818589590846754
3 0.6756869504801475 0.5164865294500967 0.0326648639502779 0.023138033359033194
0 0.5439827078091961 0.5318871224466584 0.030888452754155638 0.04714604983567183
0 0.5258611558319871 0.5220005455228591 0.01421581896297952 0.019205044041233243
5 0.4950559716786339 0.5131698743793149 0.007587396106746913 0.011992072261123088
0 0.5257004317097864 0.5147853719545026 0.013905408224011984 0.014359176591077327
2 0.54485232650685 0.5107696245540136 0.023883831321005466 0.015970596573882667
0 0.5571740769213775 0.54834783381778 0.0396031006305223 0.049335206028360945
3 0.5324093602972835 0.5183547316915029 0.01872673856369389 0.03906377930582572
