7 0.3294757308708871 0.4599419006464983 0.009803801708802518 0.03490497253323638
7 0.27748522686865046 0.41016490515181675 0.010325082093097904 0.039874972442670464
7 0.3041862014027378 0.42113104833234805 0.008744371547134977 0.03487031283810538
7 0.33070412167595 0.4876582666678106 0.01073391909293031 0.012497882341410693
7 0.32841336559938616 0.5258607395174466 0.0013284107813337775 0.004965127569395822
7 0.6218564775912985 0.4622696997315847 0.008033045825961205 0.03211551379764899
7 0.5012192813423264 0.4373761447917247 0.005111975150145165 0.02719357750972312
7 0.5491071651851043 0.43739656962003387 0.0055471744168946735 0.027172044146775987
7 0.6172519110211572 0.52279246708265 0.0014386198833302721 0.004506512317905553
0 0.9606694151972003 0.5508548523740939 0.07866116960559943 0.04451771558516271
0 0.933120396642045 0.5553584893200133 0.11687181508093913 0.05520407810343442
0 0.7279552304548329 0.5556658168364347 0.09977060187171094 0.05214568324820745
3 0.5346851992034498 0.5370170673948524 0.06338350240730795 0.05786063716268808
6 0.2637054624079922 0.5407078933745786 0.009586869750323634 0.05798860510834225
