7 0.6439578485490207 0.46157159027893846 0.008846457471491598 0.03397662787081718
7 0.5669596951761591 0.43539542691956035 0.00594408374512001 0.028689604454304407
7 0.6421932541991717 0.48871306874079185 0.010193711537271444 0.012032535166362268
7 0.6390616363651391 0.5255727919458674 0.0015477215800417943 0.004768403273806898
7 0.4564231988003786 0.4603885441912746 0.006596821557105226 0.03439477516655204
7 0.44636369831539435 0.4117206993337009 0.007975043498294532 0.0390994315130207
7 0.45341890389318945 0.42231146232925365 0.006935504813566751 0.0342762518381593
7 0.3383195521727975 0.37612224717364295 0.029873066201496157 0.1134442835001101
7 0.40400693782544417 0.38722261399889646 0.010898146689678756 0.050379753032985974
7 0.3826303721286761 0.3633770094851926 0.013635033837579524 0.06152486984860123
7 0.3422709379830523 0.5760319639151743 0.0038412362302787106 0.014971223061947758
0 0.917945931164484 0.5426055414847502 0.09933592923901902 0.05215446497305065
5 0.8023104982669242 0.5667235409083123 0.05430552374583264 0.06831449388882449
0 0.9160541052511905 0.5505819157223473 0.14811769320721813 0.07769334271133443
6 0.7023084703846278 0.5376080552999115 0.007576153869835234 0.04860004916620286
6 0.7105597378919832 0.5536545583594898 0.008693657821260525 0.040843462313693846
6 0.9046239981649729 0.6716381602529551 0.046194301761066314 0.11193292654001608
6 0.2226274935192008 0.6277853846342221 0.030478115924514465 0.18296962126858307
6 0.8289889593619264 0.5594672838102251 0.015071005207126675 0.08162487092627302
6 0.10897407764916733 0.6735573593216961 0.047044573725625816 0.11232328038319528
