7 0.6439571472942625 0.46161787435270707 0.00884610662709362 0.03397637090496408
7 0.5669592471848721 0.4354420872572138 0.005943917909866259 0.028689314253544318
7 0.6421928009263376 0.4887591915860665 0.010193571889969721 0.01203250056865901
7 0.45642340610462007 0.46043521100657747 0.006596721363739844 0.03439449963229596
7 0.4463641299049028 0.41176841953631493 0.00797487651144796 0.03909888308922077
7 0.453419229783634 0.4223587761774093 0.00693538035951996 0.034275830581323
7 0.33832204193261073 0.3761738356823048 0.029871525423480982 0.11344134297017977
7 0.40400795584334337 0.387271410042023 0.010897774542639127 0.05037884277824334
7 0.38263189215836163 0.3634269305657978 0.013634465042897781 0.06152351632946845
7 0.34227159669030793 0.5760810518689943 0.003841096813513578 0.014971259343013243
0 0.9189791398896114 0.5427399420380818 0.09938637475036416 0.052187874936309386
5 0.3796540785618099 0.565816841416199 0.04636691457652781 0.06720055443936468
0 0.6415841061239682 0.5501726408841467 0.12236242454221025 0.07702263050411251
6 0.7103196846553166 0.5307064128421805 0.007585254468193248 0.043942931689776144
6 0.6941819950660161 0.5490071896507827 0.008775689911320717 0.0372604110631245
6 0.45775719513889923 0.6246153634319656 0.01971080819350368 0.17498475755159837
6 0.8977699575565794 0.5694546943081876 0.01996875655437691 0.0992282359404526
6 0.8010202380633575 0.5303147608207901 0.007996910189201567 0.04335488148832756
6 0.28212881958781233 0.6608161383228168 0.03755807513989429 0.11158073408371694
