7 0.48554560807660185 0.48888037003280643 0.0037412765319125296 0.009579752035275058
7 0.48575370458050704 0.4799575811700666 0.0015685440114223126 0.008753908893828322
7 0.4862645042393351 0.4805603498371497 0.0015193212546660284 0.008486351040347118
7 0.5376629145075716 0.48654887086023435 0.00460765157139198 0.011629220731663448
7 0.49286186172561786 0.4774361608408789 0.0017412399401341427 0.009874359816123335
7 0.5104988568573363 0.4774320621323594 0.001735181856419521 0.009876174838612362
7 0.640025962984138 0.4607361851332288 0.014682101130794378 0.0344854481510623
7 0.5084021428880223 0.43355151408467824 0.005109229058737785 0.029698692493517753
7 0.560599605850626 0.4335156131882777 0.005690054750190354 0.02971513586428376
7 0.6349973293390927 0.526656359460892 0.0015926326760672405 0.004922671778372023
7 0.2795787602559356 0.47144290622201535 0.011310015782140748 0.024968571682297436
7 0.23146922570361805 0.4408257184372801 0.007138310283995031 0.0263706164498404
7 0.2545139801731269 0.44584459172368207 0.006325808046480197 0.024084052022131985
7 0.21865514759057142 0.46112332205008055 0.016064008299306126 0.03414079582149948
7 0.35038237719482734 0.43536980502799666 0.006529690115626485 0.02886525866187417
7 0.29975233266505324 0.4354037083210043 0.00706588442327416 0.028849750705614075
7 0.4211997144557468 0.4865834705498602 0.004761783901319483 0.011598904121670084
7 0.42626534730238697 0.4793878132868702 0.0018147835238815913 0.009006951214374948
7 0.4237268726811534 0.47870810268080166 0.001884017179170805 0.009308924628125104
7 0.42051718049033215 0.49602918829708065 0.00344827298441136 0.004188625548495473
7 0.7180598232751851 0.43765449246511634 0.024689886071005973 0.055178792692624046
7 0.6486717442899239 0.4262628296503953 0.007393529334158377 0.03305023282979108
7 0.6678050739327933 0.41661579720880404 0.008627507035970927 0.037512082971484895
7 0.7136045170731347 0.541721976183849 0.0022491171137940524 0.00779062294139643
0 0.29648992887634973 0.6807807907315006 0.17706174704662486 0.22108049859111079
0 0.48453529447110466 0.5159794761322434 0.008083552652835058 0.012911639618483406
0 0.687780439506588 0.5357003630930086 0.03147648507652501 0.029338952129152496
0 0.048549482402836734 0.5392586880113857 0.09709896480567347 0.0581424590463534
0 0.4483048358709125 0.522436853850679 0.01635906990008218 0.02192912549094561
0 0.5034071646517718 0.7666197382328492 0.2456221442569691 0.4623971061501905
4 0.440129247618438 0.5169910142177991 0.006265295762938439 0.017177887160066407
0 0.49676952428895127 0.5120263666417624 0.020654161422350104 0.012577936081086594
2 0.04391289828099251 0.5160957001130438 0.05209043841602241 0.025066564088974674
6 0.3624083102420098 0.5224215831109558 0.004598056776593862 0.030739213416545064
6 0.37622179742442785 0.5243045776130054 0.004274935069391639 0.03039909472010227
6 0.4211428387345374 0.5086693111217669 0.0016033283348653726 0.012177482139483997
6 0.38532668076339494 0.5278337510545583 0.004414578121616497 0.021610110793497395
