7 0.48554560807660185 0.48888037003280643 0.0037412765319125296 0.009579752035275058
7 0.48575370458050704 0.4799575811700666 0.0015685440114223126 0.008753908893828322
7 0.4862645042393351 0.4805603498371497 0.0015193212546660284 0.008486351040347118
7 0.5376629145075716 0.48654887086023435 0.00460765157139198 0.011629220731663448
7 0.49286186172561786 0.4774361608408789 0.0017412399401341427 0.009874359816123335
7 0.5104988568573363 0.4774320621323594 0.001735181856419521 0.009876174838612362
7 0.640025962984138 0.4607361851332288 0.014682101130794378 0.0344854481510623
7 0.5084021428880223 0.43355151408467824 0.005109229058737785 0.029698692493517753
7 0.560599605850626 0.4335156131882777 0.005690054750190354 0.02971513586428376
7 0.6349973293390927 0.526656359460892 0.0015926326760672405 0.004922671778372023
7 0.2795787602559356 0.47144290622201535 0.011310015782140748 0.024968571682297436
7 0.23146922570361805 0.4408257184372801 0.007138310283995031 0.0263706164498404
7 0.2545139801731269 0.44584459172368207 0.006325808046480197 0.024084052022131985
7 0.21865514759057142 0.46112332205008055 0.016064008299306126 0.03414079582149948
7 0.35038237719482734 0.43536980502799666 0.006529690115626485 0.02886525866187417
7 0.29975233266505324 0.4354037083210043 0.00706588442327416 0.028849750705614075
7 0.4211997144557468 0.4865834705498602 0.004761783901319483 0.011598904121670084
7 0.42626534730238697 0.4793878132868702 0.0018147835238815913 0.009006951214374948
7 0.4237268726811534 0.47870810268080166 0.001884017179170805 0.009308924628125104
7 0.42051718049033215 0.49602918829708065 0.00344827298441136 0.004188625548495473
7 0.7180598232751851 0.43765449246511634 0.024689886071005973 0.055178792692624046
7 0.6486717442899239 0.4262628296503953 0.007393529334158377 0.03305023282979108
7 0.6678050739327933 0.41661579720880404 0.008627507035970927 0.037512082971484895
7 0.7136045170731347 0.541721976183849 0.0022491171137940524 0.00779062294139643
0 0.7978518266981314 0.5466510511126661 0.09556277218955012 0.04595079653910761
0 0.2922475191880112 0.6844019013101443 0.181812889499241 0.22529752477987897
0 0.4842298613779027 0.5162062450775532 0.008203375083876419 0.01309717468838989
0 0.687780439506588 0.5357003630930086 0.03147648507652501 0.029338952129152496
0 0.048549482402836734 0.5392586880113857 0.09709896480567347 0.0581424590463534
0 0.4497000144111184 0.5217330391481667 0.015824378633759684 0.021365310191235998
0 0.5034107285939567 0.7666789687637448 0.24569034162729597 0.46245404180034744
0 0.44276837679439085 0.5120057626145634 0.02150893769827955 0.012556387762461041
6 0.3116496600502302 0.5223117052548631 0.0046813000797162885 0.03099663826106347
6 0.3586879873732071 0.5212063119652484 0.003869195876921805 0.029475425924740284
6 0.4211428387345374 0.5086693111217669 0.0016033283348653726 0.012177482139483997
6 0.34693333215681565 0.5266835717714318 0.004273820309859067 0.021551906627485073
6 0.5374390370931328 0.5112646639957608 0.0019327778244565552 0.01575243789099523
