7 0.41755714268744154 0.4846932698092349 0.0029385672521030637 0.01336496520043573
7 0.4106549182838737 0.47150047049466937 0.0027358176939868417 0.012524738635645905
7 0.41438666697398674 0.47271310540772077 0.0026033288607188454 0.011984161457877507
7 0.4183584910970422 0.49548613208676484 0.003974082758946285 0.004827958329778892
7 0.5345821477929151 0.4849042047575952 0.002412369996169006 0.012946112760277073
7 0.48504238433093927 0.4748202795790295 0.0021079418274563833 0.010929453598129302
7 0.5045574935546844 0.4748243288538908 0.0020837885644883203 0.010927670651504184
7 0.5326634462446473 0.5096676638950846 0.0005339309485192789 0.0018377397630244818
3 0.4360073480077802 0.5494151488885459 0.049383359235687874 0.07483373253860282
0 0.46103688118552966 0.530481112066554 0.030553081526662362 0.04582727338753945
0 0.43809111220890334 0.517885687356118 0.013624670347747503 0.017451245635415003
0 0.494543358265173 0.5124838934356316 0.01653706162098001 0.01200608940562109
0 0.5440569002760072 0.5096374194591464 0.015086572534608544 0.012338075316188135
4 0.48809443517004475 0.5136747917595091 0.0057154800467658085 0.013805621281523406
0 0.5187913914518266 0.5116317327313415 0.01639687476304985 0.009649812997658436
0 0.5018121517884637 0.5200700016183128 0.012698135313010783 0.020276168962144125
0 0.502079039122683 0.5286432575027604 0.018753000985585522 0.024532753702959265
0 0.4772339544707064 0.5193767865274227 0.016072817774582082 0.02306451735922166
0 0.5022332762906577 0.5232675121623664 0.01701071779277452 0.022564470382528623
2 0.49150117200574844 0.5099902019322461 0.022040296832032458 0.01549918971866826
6 0.5751115887468814 0.520650412327834 0.003739097213626974 0.028682571658295686
