7 0.37437985314489586 0.46158443052571446 0.0038889534176836382 0.01697790025268553
7 0.3811601959090274 0.46376484009051866 0.0036298325318543934 0.015999735067956766
7 0.3885374085215834 0.4941847462191543 0.005268450609363762 0.00630786976127462
7 0.5397227107997749 0.4806175506997184 0.003227690354539736 0.016737157155478966
7 0.4758363586505472 0.4675544202431191 0.0027471722953006927 0.01415329726406872
7 0.5010410945582807 0.4675761275738795 0.002694176475295018 0.014143983854084996
7 0.537254547624165 0.5125397151559651 0.0006951028154071892 0.00237084489081818
3 0.4306538613906975 0.5619129339644894 0.07999927000152418 0.0926997864323078
0 0.4501659728561897 0.5353086817399078 0.03531692121853125 0.053311512833206565
0 0.3919060737529956 0.5301682215907838 0.025720674957691148 0.02942065946467376
0 0.46706001319866863 0.5169911033302894 0.01945055233936932 0.01646191717433443
0 0.5169382475040221 0.5121425793932503 0.01834705317385288 0.015515278373972263
0 0.48923589454456584 0.5149953630111419 0.019178672265138197 0.012522854671816908
0 0.4973879189906848 0.523736157410577 0.015363148825017492 0.024675555754308576
0 0.5001848109678143 0.5367318050369873 0.026448771237312207 0.032120158894282325
0 0.47021837079540124 0.5213791048585971 0.017897664634133448 0.025557085842869753
0 0.5820136828657283 0.5276472363103002 0.04550501178195665 0.026445352986296577
2 0.45976081810845415 0.5134086817694856 0.02502664583952513 0.020774479158597425
6 0.6153783621959973 0.5333662724542498 0.006461946886457737 0.04623134918356253
6 0.7889882215884213 0.5323838010694082 0.008457918473503856 0.020944454863982664
