7 0.48375417920976116 0.48895651870728074 0.0038798831711355786 0.00993005698202648
7 0.48392165211963045 0.47964912515162994 0.0016327740691798875 0.009101878737749536
7 0.4844719441881884 0.48029943030994404 0.001579510155161945 0.008812976287680463
7 0.5380526227362845 0.48643779598145576 0.004817145089127228 0.012146137831126003
7 0.49126396962477403 0.47691299720834085 0.0018206463356655322 0.010318896396329436
7 0.5096879924623803 0.476910680597872 0.0018139623422522844 0.010319958610552682
7 0.6585049675456669 0.45565619604309493 0.017009367313357893 0.039459013413514765
7 0.508160315307552 0.4244518514592892 0.005859920004519403 0.03411085198485869
7 0.5678919380119383 0.42442686953991526 0.006617469878794413 0.034122490008975825
7 0.2558464933898727 0.46904715228628513 0.012664390930196223 0.027523429983542902
7 0.19555217680959652 0.4337318772389144 0.008446038549644097 0.02983848911932724
7 0.22457036484206042 0.44005312214022146 0.0073547233972861 0.026944238659432962
7 0.17686357783114973 0.4560564448245381 0.018886789172733898 0.039099525818182435
7 0.327820361529901 0.4267602126290342 0.0077161482606109555 0.033045406444290604
7 0.2700008428264631 0.4267836488267482 0.008418785389267547 0.03303450276210862
7 0.41639199937832194 0.48646685606692797 0.004990806341409637 0.012120163617667712
7 0.42197313802602043 0.47902642920657734 0.0019007184781833497 0.009378538520871393
7 0.41921979355943906 0.47828911849059236 0.001976674779051557 0.009706397561414004
7 0.41569138389039706 0.49633644450718234 0.0036103316204177394 0.004375774808975552
7 0.7702546891619729 0.4227613233891413 0.0319187734707882 0.0691161877079991
7 0.6712960341028963 0.4148155684455227 0.008928099153879154 0.038575639048202326
7 0.6977215466640245 0.4015008164759206 0.010751419036285736 0.044792459513661786
0 0.38968510051794447 0.5799401263397446 0.051566620173575106 0.08490577829538526
0 0.4843652572521847 0.5158270589387882 0.007382378178515114 0.012400684987903032
0 0.7081765657626705 0.5403839127017563 0.03591421014779894 0.03289516256084535
0 0.015593590897115189 0.5465083916152913 0.031187181794230377 0.06833331575556889
0 0.4430848945082778 0.5246366053344574 0.017827732426067222 0.023673445967322904
0 0.49950495826555635 0.6166609640577629 0.10385616629071881 0.1891737575989888
0 0.5378106596801783 0.5130123167678255 0.021897478248896096 0.013109364530249468
6 0.3961601599083655 0.5262806035228922 0.004797101444494356 0.033871078200996885
6 0.4148855412246899 0.5270791987225958 0.004349093753131583 0.033262681242300696
6 0.7502970180086945 0.5740879463319983 0.017106646241141 0.10221982655476058
6 0.42599751638105376 0.5323675253827693 0.0045586980547800415 0.023809807507063296
