7 0.6907818085592836 0.48423124248225213 0.005805919639707002 0.013723846164432618
7 0.6362018395891021 0.47425771416157336 0.002054117260023025 0.011324206297554429
7 0.6573298513751669 0.4739658875265421 0.0021189320477832396 0.01145393017859414
7 0.5287518954372854 0.4776033777171239 0.002067377001030213 0.009833543599041872
7 0.5257372532737816 0.48561981044118147 0.0051335026957340935 0.012509344651771559
7 0.5740807709269875 0.4753579600908342 0.002145070771633839 0.01083466277730466
7 0.5549569708488951 0.4756195723128309 0.0021767780609334153 0.010718515377136806
7 0.697553975344384 0.4816466302243397 0.006821738839998148 0.016013716357772156
7 0.6916058992516827 0.47134546684532347 0.0025304762717243134 0.012626880245849681
7 0.6970153500245534 0.5122689205063818 0.0004917034720504088 0.002275882585220268
0 0.6080132926617356 0.5112040327770391 0.009362795933306689 0.010977691796783984
0 0.5508518232941553 0.5510123048834265 0.04042433827687697 0.052242766487785364
5 0.580156823550765 0.51454683456082 0.0055987679523265 0.013754095009951395
0 0.6225637146196106 0.5116875685937436 0.006140618799078346 0.00942271253727478
0 0.6241200492700097 0.510459023047676 0.007665783789457148 0.010028759076902927
0 0.2642883802823641 0.6315532374442148 0.17911333069187663 0.16259580573260413
4 0.5192594051383187 0.5400376994466244 0.01306608109524321 0.041195861139108336
0 0.7324778534797085 0.5325252053997203 0.06351990573366761 0.03484801279441996
0 0.5546371924852838 0.5298075066224317 0.024292635174339883 0.0279461800109575
6 0.7416643505404097 0.564120708348718 0.013306640245687062 0.04226094521215673
