7 0.43186417316099235 0.47681218195243935 0.0021730356460009648 0.010203825515230636
3 0.44988124902917387 0.5410340789415493 0.039685106911926504 0.06197318522614381
5 0.048920515733864106 0.633123342635879 0.09784103146772821 0.14411987009462135
0 0.4682221972004804 0.5281835994485757 0.027687206585685298 0.042563991737046725
0 0.4559188284587873 0.5142033184541761 0.010329179659864518 0.013690741828988329
0 0.5127392201949983 0.5107131689811024 0.01590512587116244 0.010152951303325941
0 0.5063598923732953 0.5180290752290205 0.01133317150653912 0.018049108235784095
0 0.506466123960688 0.5258057452455217 0.01680171997198543 0.021817891856523053
0 0.4844861403347198 0.5173140602800173 0.014187206291100596 0.02042908667278165
0 0.5063794290845085 0.5203998816230238 0.013649857477241345 0.019112688895605356
2 0.5112546145142448 0.5086513863066036 0.02007860301278086 0.013253211587328395
6 0.6642607996030176 0.5640632811096826 0.013005459262885766 0.04195618648387622
6 0.564360676246874 0.5164528099632051 0.0028881718576752036 0.02272257427063007
