7 0.5200905083922545 0.4905925314372591 0.002642843864228084 0.006772198528946338
7 0.5204546875527859 0.48459778171294676 0.0010801154130244406 0.006034300116558644
7 0.5207203333249179 0.48489064134015175 0.0010567682925195498 0.005906291461383217
7 0.5554909731858199 0.4893064682992162 0.0030667879055570335 0.00776759308497077
7 0.5255423794565625 0.4833975690917013 0.0011599451056401033 0.006549793207841159
7 0.5372929675465595 0.4833328886854532 0.0011553593065143364 0.006560100786663081
7 0.5871057886050132 0.48202826414037303 0.0056434543936836334 0.013923079841564101
7 0.5335450756628675 0.4715009308913304 0.002044423463231526 0.011749849012335445
7 0.5545709743012462 0.47135235960325816 0.002145847428047354 0.011783060046682448
7 0.42075545391921665 0.4744870801779014 0.0022662946075786006 0.01060955242633771
7 0.46954019868612107 0.47223391808068127 0.002260581780596349 0.011525274382825135
7 0.4491965564294408 0.4723769137970495 0.002337281649148759 0.011493499595272905
7 0.47804513956632494 0.48967944381826817 0.003083236848202664 0.0076804753024479755
7 0.4800120423722436 0.4845365958326328 0.0011840038479611348 0.006122565915103517
7 0.47754092435059153 0.49593013255896634 0.002246795217263897 0.0027825555392220758
7 0.5957766864554382 0.47912746009851037 0.006690592145826013 0.01639576152890293
7 0.5865561532680238 0.470021154185452 0.002398412753781054 0.012320286226144062
0 0.5252871540421937 0.55029722702191 0.03797624304071101 0.05579699894383905
2 0.49886534066074967 0.5112737299210413 0.018679762595980587 0.02004670032727096
5 0.5306253613997658 0.516300032893558 0.004957089386315228 0.016993593465056023
0 0.4331608911014533 0.5384708661973733 0.039806725611467586 0.04501985599476255
0 0.48239496203060983 0.5129715472246525 0.012133502177927913 0.014172411032135068
0 0.5012443145367005 0.5204220080699323 0.01810700122121439 0.028684104471525362
0 0.462400079646073 0.5542017912048101 0.05099571168215511 0.05837470173502446
6 0.456174614108158 0.5079064545304699 0.0018342122317803744 0.013014598445395431
6 0.691711528807993 0.5588735335688898 0.013121918080825301 0.08706852114327401
