7 0.5462207510900854 0.47801483794408717 0.003308207293879817 0.01703340557499372
7 0.5068623772368622 0.4648013312720023 0.002747179603299843 0.014384420930147856
7 0.5454029675304628 0.49176092096867136 0.0049340095970999975 0.006110651980460569
7 0.4507882638167436 0.4775527644496068 0.0033416973638971115 0.017180847413951927
7 0.44656861210158916 0.45938776364369627 0.003422831148673644 0.016628337978831342
7 0.4494652027337872 0.46151385905327014 0.0032160225926010644 0.015688991380892803
7 0.4219725071206595 0.4670877738819977 0.005667426744757342 0.02638056918037368
7 0.4314289952845039 0.45542823732576776 0.0038758603329066554 0.018384648966796757
7 0.42674861293965266 0.4524915439896091 0.004178388205741346 0.01968784628367215
0 0.16897827064326645 0.7993517241858336 0.3379565412865329 0.4012965516283329
3 0.4998283814023182 0.5351850083834749 0.03234138081233473 0.05784573111976332
0 0.3710665887281596 0.5192084340551314 0.0419273278097404 0.02169539378076024
0 0.05842358460650817 0.5225125316183178 0.045368820412215696 0.0220875773202569
0 0.35111783806351893 0.5186626075761449 0.035827031592992276 0.0276329644753448
6 0.5717353948602428 0.5181164331023953 0.003383832411543053 0.026471216709989975
