7 0.6396047619214467 0.4625178142709687 0.009100923856421361 0.034728471046992115
7 0.5610172914349477 0.43560025287746856 0.00609746683362733 0.029411735210097656
7 0.6378021568172694 0.49027785473540236 0.01040108982125254 0.012298021671286352
7 0.4475152468928989 0.4610927939433032 0.006836431509060437 0.035371300910008285
7 0.4364966610305527 0.4106903050345053 0.008333201536701806 0.040633893128502796
7 0.4441111664227103 0.4218075826558204 0.007205576189078966 0.035449648679103885
7 0.31430471509417934 0.36947905660264446 0.034282341188496546 0.1248817657811519
7 0.39117281067931564 0.3844758683766579 0.011581688686130576 0.0530008933749333
7 0.36721020013931494 0.35844477355074444 0.014707519201411945 0.0654789645449006
7 0.31924869176079346 0.5883699607361218 0.00434772055929189 0.01646288504737292
4 0.7847631167563207 0.5537068348129441 0.036000192893580696 0.053484898717437224
0 0.9231044110720403 0.556011439981223 0.11611783025814848 0.051406305621124804
0 0.9537378963598196 0.574641369570547 0.0925242072803607 0.074342465949787
0 0.6280763028014886 0.5478166337874752 0.08586579748276157 0.05023913901451882
0 0.9289284479229536 0.5492907854692981 0.09976048382886804 0.046511617580953346
6 0.8048685027126095 0.5325668622793883 0.00814063181428093 0.04409351507781456
6 0.8605263282873683 0.642896661164096 0.03403442124086664 0.1785499613439644
6 0.7379330114195631 0.6609659034368021 0.03394812201328512 0.2059920871923232
