7 0.3820760546522554 0.4716582507069248 0.005781054444434108 0.02381390636801939
7 0.36159317544494984 0.443454787130375 0.0056851143926586745 0.02444413083155289
7 0.3721964354801084 0.44789367537878166 0.005150674076476014 0.022466818832935498
7 0.3832793199005694 0.49072125353837037 0.007165282715672683 0.008562844360731736
7 0.38170137182385244 0.5169352640014814 0.0008093248819622811 0.0033913659668012297
7 0.5853713883443797 0.4727559382435177 0.005059188651484359 0.02246308265841629
7 0.5003079204448881 0.45525664751073075 0.003590476463072201 0.0190008186180759
7 0.5339790744450265 0.4552863008902257 0.0038055102022533926 0.018987813725032443
3 0.6264808133494163 0.5830448286291909 0.1176012054365907 0.19055411807582312
0 0.9273660669810626 0.5304856920943308 0.07103301799647244 0.030442044250844735
3 0.4953338167309628 0.7229341989249103 0.22210150561454478 0.508725282321331
0 0.825949267239444 0.7888755056147381 0.3481014655211122 0.41146589765190755
