7 0.49908962207149626 0.4817876161449003 0.001355975255344144 0.007798956017397496
7 0.49915297276315174 0.4822762395879677 0.0013189908144122797 0.00758587420725626
7 0.5463221951477664 0.48779266348095596 0.004084506323330794 0.010224342047554458
7 0.5069615631836921 0.47977899911609734 0.0015178369209983833 0.008675729389256703
7 0.5224695134746282 0.4797775304126962 0.0015689260410872707 0.008676498225219653
7 0.6328743315089773 0.47117418288450036 0.010413856538193378 0.024500105356458857
7 0.5392710107176933 0.45188670378449813 0.003886126729503392 0.0209805477041502
7 0.5763940093189435 0.45187727231220903 0.004178713725752625 0.020985057061284507
7 0.35513357515160404 0.47720428795414627 0.008299382486988194 0.019301837501671526
7 0.3331074457706311 0.4557023150377887 0.004513396787635571 0.019281276316297724
7 0.3438689307122355 0.45852274474107 0.004152404991340952 0.01802947349705314
7 0.3314595209132902 0.47133090194394534 0.01063661086119938 0.024360036513916328
7 0.4253068979497362 0.4528017394668757 0.004103433369345211 0.02057208751608608
7 0.3889329763504903 0.4528107863323878 0.004381416661821236 0.02056775841229841
7 0.4438032552207808 0.4878124331164755 0.004116155904704655 0.01020579062714938
7 0.4465736750933986 0.4813231420198594 0.0015490908401972203 0.008001145411541788
7 0.4449578251268954 0.4807790764904165 0.001599741650190445 0.008238558761995751
7 0.44312876278264257 0.49612588603104524 0.003000266497582116 0.003688408753811545
7 0.6783027301327827 0.4608849066004686 0.0146342460466371 0.033400440328822945
7 0.6383458897471415 0.44828084011908054 0.005015644659813856 0.022589786904426645
7 0.6502204584983013 0.4438100085688509 0.005559614359278542 0.02458975060902613
3 0.5173394304847312 0.5113793367263346 0.010114543704283885 0.01730252265851384
0 0.4609711127458246 0.5158970162462972 0.013657775142256023 0.016163904818831232
0 0.5447138174991677 0.5103241268602601 0.015457383553359016 0.009481886252236893
0 0.47854394225079694 0.5170857630516866 0.01352935379296305 0.01882656190622134
0 0.45726048369330874 0.5167506419825207 0.014793213501622104 0.018815979607875954
0 0.3115839137221287 0.5320583633132666 0.05092368691540239 0.027503301655374957
0 0.5328796111908112 0.5104497506317212 0.020764799612104756 0.010486233282943291
5 0.5011173114938913 0.5126064869701367 0.003946964109976914 0.012877804902319712
0 0.7421152651477045 0.5318555936566562 0.0673933961833405 0.03452671168274091
5 0.39552422863144676 0.5287921886907305 0.020433014322905174 0.02914522694945154
6 0.4498584315621917 0.5095837933155754 0.0016032771838774273 0.013944003296873952
6 0.4327708125587123 0.5095934091595921 0.00162659651093211 0.012552705456606805
