0 0.33861083518018376 0.5132989539627455 0.02401804285487741 0.011828751674990312
0 0.3801469705361178 0.5332734169715806 0.0347368030547755 0.03366871813064187
0 0.36276064099415495 0.5108416255607066 0.020594667907167796 0.013385631794548436
0 0.39331195714357914 0.5130338402465591 0.022393527775191546 0.01149608701269711
0 0.3999268167847458 0.512437617374828 0.023663993302661224 0.011764619235006157
0 0.4027411790855877 0.5131846390223354 0.025080847279973173 0.012502223871720952
0 0.4881088606196852 0.5165996262956968 0.01198793885270344 0.01727503022077026
0 0.4738683064822779 0.5281627048384132 0.022521408789970443 0.030526875259518027
0 0.4620665348117926 0.513792823815775 0.02130715401156974 0.010240565121413692
6 0.7044497660782569 0.5521297387045967 0.011660654569743412 0.07306567580935408
6 0.7287950890888035 0.5541543717420037 0.012958419497480889 0.07595050182638718
6 0.3932782793469042 0.5126943854959225 0.0025045178515705757 0.017435123824899867
