7 0.6947228828412103 0.4585374609760948 0.015973044870442488 0.03605849494519492
7 0.5576976071661461 0.43005221924782155 0.005927084635089619 0.031105663984385856
7 0.6122982254175705 0.4300307989578467 0.006559584229290039 0.03111542591935096
7 0.6895345670853694 0.5274241766541574 0.0017643385341243878 0.005145187325643508
7 0.30657334090552146 0.4702061466357331 0.011472963769152411 0.025824189994103464
7 0.26338848654461666 0.4379551721345536 0.007106756332550368 0.02751262732846288
7 0.2843979529266054 0.44343412565410145 0.006284325546944747 0.025033108676169036
7 0.2535284565259198 0.45887994004705956 0.016424474913818238 0.035757296335551525
7 0.39108136288988815 0.4320030659984948 0.006362008636712879 0.030216903819629326
7 0.3380838926638948 0.4320232737872062 0.006951823517781841 0.030207707016250807
7 0.8137776697996838 0.43226918874850273 0.02828895203783266 0.05931958955215161
7 0.710852120014819 0.42202140418811407 0.008578303756522243 0.03477685246657197
7 0.7398654078147451 0.4112085312081643 0.010191516284666413 0.03975166725325985
7 0.8073247747516343 0.5439476923352456 0.002842837816201982 0.008361290964683299
0 0.08493369077145949 0.5348817936230744 0.07223896188860027 0.03340151080826326
0 0.9232904963812889 0.536771277313984 0.04102236381011792 0.030481028222576256
0 0.3971757089426411 0.5348775342617854 0.06364439585619874 0.034783542890727936
0 0.47288603789548767 0.5232213863582991 0.01660738490636282 0.021461908130323226
0 0.4708085190748479 0.5524491738321348 0.07375796347744351 0.0616025781373033
0 0.4465905438077417 0.5226480993690594 0.01820209655491356 0.0223885429787698
0 0.16473718521803626 0.5340537857467152 0.0612179788239674 0.035185148024230894
0 0.6207260754093005 0.5326196611884952 0.07820856542833021 0.04927065411543907
2 0.8120352503591338 0.7653810574524689 0.37592949928173236 0.46923788509506215
6 0.1010068126513543 0.5225598037740005 0.006464252953015337 0.031676546554404994
6 0.4055313134308502 0.5140066574852348 0.002458940837600565 0.019665966040633753
6 0.054763945560552266 0.5214636264583181 0.006431364661779591 0.03013170973366519
