7 0.4441473261836956 0.45666104636459937 0.007482103472464696 0.03824589027701497
7 0.43032680142435653 0.3990426473654135 0.009344117464056001 0.04523682879282115
7 0.4395838960015985 0.41277999612859023 0.007951278745019441 0.03890408729921335
7 0.44421503133741436 0.5287603888349182 0.0011106220844205872 0.005439204118600771
7 0.256682581130274 0.3221020070400382 0.05171634610425599 0.16940223668422721
7 0.3761303408062101 0.36513401319736444 0.01358345026162161 0.06109944021250269
7 0.34357620064311356 0.32916062368633286 0.01803877923270153 0.07828635422934627
7 0.26609208611277513 0.6098111680310274 0.006262066989608739 0.02163699593065893
7 0.6510649385699694 0.4582534957698374 0.01010720563517531 0.037515780260329035
7 0.5664712772917462 0.42922015987939177 0.006623551995124433 0.03176108510506476
7 0.6491013602221407 0.4881695037306285 0.011263661183163687 0.013253612282672023
7 0.6457025642187206 0.5287745529907177 0.0017240813758666595 0.005258262867091523
1 0.02952960947791398 0.5501189756762038 0.05905921895582796 0.8997620486475923
5 0.6524484066855343 0.5577014764398245 0.0514201162252933 0.06024869478554351
0 0.8541151853917858 0.5469691753684417 0.10426106174076377 0.06086046111428067
0 0.6266852998507146 0.552088645477215 0.07146829856284453 0.04999829562011682
6 0.21775905395476527 0.7094576490743063 0.04423524497555187 0.30029186481773207
6 0.08305401641168512 0.5340798244900369 0.009929540002647202 0.04798267915147403
6 0.09656114512108435 0.5554271140741946 0.011833500015652754 0.04169941685010692
6 0.7060350000575857 0.5347700353495206 0.008067051903735023 0.04900944462124224
