7 0.378305885477418 0.4721122541851591 0.006180213716622696 0.025044036697971006
7 0.35520906213850156 0.441914495727856 0.006111702612437597 0.026003016126017853
7 0.3671208568378379 0.4468581232534618 0.005500254897722268 0.023776947087907008
7 0.3795240818736575 0.4921517384056584 0.007549832068679707 0.009002521998548063
7 0.5918354466852092 0.4732819134444217 0.005393650612407264 0.023592262602006142
7 0.5025504146260402 0.4549322854014995 0.00376992982787705 0.019947220127857657
7 0.5378908997502032 0.4549532359562045 0.004008577350677833 0.01993835535904903
0 0.49985681502476353 0.6252782563162974 0.08165041136617973 0.13859632730754878
5 0.5383591058824064 0.5233104619335949 0.00970301064149759 0.02353519589606967
0 0.5054987319904715 0.5226041125858424 0.019348155043713844 0.028696993503799728
0 0.6767141909021175 0.5376790948944168 0.05819920074681939 0.03416972216666314
0 0.5361298300476365 0.5177219468415377 0.02262695902658196 0.017239704191654437
0 0.6298309809075928 0.6239466181043698 0.11478562546240623 0.1585873436131603
