7 0.33916516056198587 0.473669683961765 0.0020884658426776337 0.011444068454027234
7 0.3602994794323543 0.4739851993969723 0.002084734919574782 0.011305369394734033
7 0.5469212823923171 0.4491751412890327 0.017997246204015105 0.043992029281936296
7 0.377174815057547 0.4052810437992768 0.007756105082865894 0.04240007323601336
7 0.4491996913043085 0.40924100780373185 0.008158914363032788 0.04055927980984059
7 0.5411752449787475 0.5323430265184818 0.002010131408841098 0.006257957010661119
7 0.0059390514946685204 0.454389480959353 0.011878102989337041 0.03939174759226127
7 0.1159993415132663 0.39473401662576924 0.013032175268524807 0.04733174435039017
7 0.01495482967929589 0.3893693163174743 0.015929645205484844 0.04985631188401257
7 0.7059867649703531 0.40786116553154 0.033422210048775214 0.08113080071113332
7 0.5676653707349191 0.4027755957745394 0.01001849143570721 0.04356779147339984
7 0.6050709361769774 0.3864681828383729 0.012166060422892144 0.051226069879491576
7 0.6970124824178149 0.5568748233960998 0.0036434407489949194 0.011219068004605814
5 0.3071690799082676 0.5175922436216747 0.006672017249142348 0.017038421506885282
0 0.35176310194873356 0.5178932423025786 0.01203987655847194 0.01846240291230883
0 0.2845957886234043 0.5283917599466434 0.02283571467593437 0.027173602026234422
0 0.3520941452126567 0.5195325527568997 0.013452673775404489 0.01949525511561412
0 0.24822469201787142 0.5285098419513489 0.028963736994411182 0.028631652993142964
6 0.14539240521270375 0.5291250052167524 0.005919246419746199 0.04176432783309891
6 0.7710679911600067 0.5249042808687225 0.005334245574557084 0.020625257313855783
