7 0.3835738490343294 0.47272133398077204 0.005751408570220828 0.023742533118131348
7 0.36327958395811355 0.4446382598434231 0.005654532201485596 0.024353910274991397
7 0.3737918236816907 0.44904553096859245 0.005125261613392718 0.022390537797084886
7 0.38477364139298387 0.4917291157361948 0.007139101425124528 0.008537857969785734
7 0.5863530034108869 0.4737903883662212 0.005049510159094828 0.02241689716979217
7 0.5014571367742656 0.45634150363222964 0.0035832936594213383 0.018954265907036638
7 0.535054446367256 0.4563652973198516 0.003797935871862279 0.01894382569730302
7 0.5830920198315046 0.5163411351094224 0.0009742459726957975 0.0031626659817678426
0 0.498983578168956 0.5516626243087699 0.03630444326957888 0.04981615224684133
0 0.7723075979733092 0.5318799289720297 0.051823798233569196 0.02922230981274543
0 0.49885716663490265 0.5916841466546747 0.05988664977192554 0.09805396833381563
0 0.5964926754379289 0.5181624577105488 0.01510077498809037 0.014817304173275536
