7 0.40598192652528287 0.4784688995501598 0.004129400425878282 0.018448713876941858
7 0.3950765235361191 0.4585303189036053 0.003995363250945572 0.01805096006951884
7 0.4009473974076737 0.4610241800235123 0.0037200413451168868 0.016949304549914224
7 0.4070561240234962 0.4932991461100299 0.005494355822469155 0.006649006251950029
7 0.5649299447706626 0.4790938659651305 0.0037378735689755915 0.017600586386985972
7 0.4979952456879636 0.4653519916672203 0.0028227265697972626 0.014886351845471879
7 0.5244581272023028 0.46537938316447575 0.002953792221413898 0.014874506755105377
7 0.5623535502150806 0.5126256330557055 0.0007523590084927978 0.0024903479915631133
0 0.49681886149440496 0.554905449163932 0.038910041319425104 0.05378888849299335
0 0.4312046172522025 0.5265574181034061 0.025806863391564183 0.02947233260815707
0 0.4976121208597792 0.617772961193772 0.07828365695533457 0.13193278338545267
0 0.5490516760065336 0.5228194325958299 0.01955511704097679 0.018945640195472624
