7 0.5977171600089954 0.44844353239447304 0.011907905026751986 0.046153213748260424
7 0.49452264239419064 0.4110932309982017 0.007891910284225423 0.03996436295861744
7 0.5953638512570146 0.48499794746525915 0.01340526858615898 0.01622608053453506
7 0.33757227990574407 0.4434934941824844 0.012014694948683236 0.049711978673586954
7 0.2833825295893004 0.3528998637173477 0.01612991178854939 0.06665521217678677
7 0.3145145498248957 0.38011138926641364 0.012540428438831464 0.05382201442439233
7 0.13152317910261677 0.2670762195834589 0.03129296501070132 0.10861808643647683
2 0.926092720368142 0.5532001026966461 0.1478145592637159 0.0848089884387444
0 0.7001479021486571 0.639426217562992 0.12196112495003697 0.1619798577648517
6 0.4383412238632163 0.5520065781084593 0.009069597722041856 0.03475617166561473
6 0.7723999806212027 0.5811758709173422 0.018640101042369683 0.10488315835198625
6 0.7629468536537236 0.5736374449533472 0.01650231259334156 0.09486124871980894
