7 0.7015458889025827 0.4832565334607664 0.006179454149662478 0.014387910324703546
7 0.6441647421918384 0.4728142678616293 0.0021428373825801428 0.01187093514416565
7 0.6663917800024426 0.47250227044098525 0.0022887577341328402 0.012009436867201462
7 0.5280314179795504 0.4847435952960651 0.00536025491939951 0.0130924666635589
7 0.5787549536852574 0.4740012372853779 0.0022151555114926502 0.01134528298590326
7 0.5586742933181598 0.4742801895401565 0.0022518849192023627 0.01122159714398846
7 0.7113867817061741 0.48030407877118597 0.00734671063432335 0.016932705790220826
7 0.7010424722740685 0.4709065203990297 0.0026213202306648586 0.012714553573614562
7 0.7038156594202057 0.4695781095095404 0.0027573040448187758 0.01330100355938052
7 0.7107256042643815 0.5126642352238748 0.0005456919075821354 0.002404616188236841
0 0.642641996480278 0.5242177183541237 0.016115907603877266 0.02531961225034085
0 0.6595117377967096 0.6139483347475949 0.07800043324691819 0.13234005788178183
0 0.5330484113579901 0.5291743391292096 0.029751900813282384 0.03254308895911784
0 0.6082042777922031 0.5155573826212121 0.022075390588969013 0.015783635991170386
0 0.8311693237817164 0.5359473734889421 0.07077486583509873 0.03298846336254457
