7 0.6761982602068621 0.46142726870215967 0.01426160858672565 0.03259609420843723
7 0.6015301453651243 0.43568769159286846 0.005817279767321604 0.028065867204955186
7 0.6714981493295572 0.5237334922076106 0.0015669431819345103 0.004647375847901536
7 0.32025087855506307 0.4716771526074354 0.010563711408678733 0.02399721667904542
7 0.28386967614006803 0.44241026107759185 0.00630596475000178 0.025099444881004407
7 0.30155098240992095 0.4471400618911436 0.0056420792588995905 0.023019279996088216
7 0.3193570076330521 0.5177859478931637 0.0009550553814502982 0.0034584512642791276
7 0.27691678543136644 0.4617278247675057 0.014635962989159368 0.032347469907065496
7 0.40134936977625124 0.4373500252884567 0.005663055527819649 0.027331730104544927
7 0.3533228118250061 0.43736819174218233 0.006148194538141194 0.02732396766983275
7 0.4373641593854045 0.48680424443310366 0.00461219821131148 0.011383650620705787
7 0.4389716477236584 0.47909511700712537 0.0017949735528774435 0.009144626313794535
7 0.43663436823837565 0.496075514573292 0.0033550283625180533 0.004111870554493746
7 0.7677690765151332 0.44027020976433257 0.023412571288506046 0.050496483467128206
7 0.6885223968319042 0.4290456439172793 0.007414804052424229 0.03101156296148161
7 0.7113508418528227 0.42030773235776364 0.008614708517769798 0.034907756429177594
7 0.7629640695479155 0.5356622876319634 0.0022598895434409183 0.007118618873232396
0 0.7175844616488269 0.6840577461893003 0.22334169897022116 0.25379566074797266
0 0.30031337468129005 0.5849742507595127 0.09701752414907322 0.0907823231398941
0 0.42591793667109135 0.5114704833335624 0.015328773162852583 0.010587485055232548
0 0.7394718497003476 0.532232123443345 0.06015453783550295 0.029078213266008124
6 0.41238843609991416 0.5131516280161509 0.002331865907435837 0.01864450082037017
6 0.1422335279113705 0.5205416409507775 0.0057739711196360954 0.029605245904755217
