7 0.4593452591111894 0.4859195878219655 0.002674460720036187 0.014204949231441888
7 0.4588634816768812 0.4730239939362132 0.002582042671867235 0.012782206079717029
7 0.5384926578617063 0.4863465341558338 0.0026618149403254687 0.014103948257246146
7 0.5058229091553087 0.4753724516767779 0.002270565917847245 0.01190272657543262
0 0.44256086327460653 0.5520131598522582 0.028221778736900294 0.043713451884151544
1 0.4495585563205028 0.5089121351889075 0.06364955135307354 0.11119085583185212
5 0.4322248792356259 0.5574662871139766 0.020875686133423 0.0611903105601832
3 0.24256384113173712 0.5186948376960819 0.03466425873688503 0.023227076892332832
0 0.5000163880426576 0.5287001739701864 0.02123681963221663 0.032687012131899285
3 0.9300513085768032 0.5288210586696281 0.05796986643060509 0.038918430537519866
3 0.300428358024019 0.5303828755974621 0.05725392252778133 0.06493255194753161
6 0.2827493003145122 0.515402401726404 0.0029792308223869912 0.018418347770548404
6 0.5411098871058648 0.5209219650772021 0.004219738076229218 0.026599159237969627
