7 0.35590330767767586 0.4751165400620143 0.005952787586806008 0.022665210134006075
7 0.33130636923115336 0.44882467019001726 0.005602309908530612 0.023022813139271237
7 0.3435826931851943 0.4527739149082026 0.005089617737478402 0.02126043529860977
7 0.3568739626788321 0.49328013652576375 0.006922925829069337 0.008155005270974014
7 0.5514688279427433 0.4761011014584555 0.004292595258826748 0.02142746326641015
7 0.4699875633591776 0.45939631034933714 0.0035494009010840766 0.018125692864107257
7 0.502165035845384 0.45942725810805385 0.00344086346061534 0.018112324848805872
7 0.5483296647025634 0.516810649890082 0.0008971880230401741 0.0030257288407645744
0 0.49678218874399926 0.5605787624649086 0.04549871708587799 0.08055625228593011
0 0.5456437540224714 0.5399799553216229 0.04753310656181675 0.04210764748582185
2 0.4960593239664608 0.6668554657795527 0.17278844065062993 0.2908386446929926
0 0.7538819497911511 0.5379895816483968 0.07514644199069942 0.0395855622076311
0 0.46057495742947346 0.5321156338488187 0.024147988607208126 0.030851408991547036
6 0.7587015809617574 0.5701204541779967 0.015985438253472317 0.09847391693853291
6 0.7013334588454945 0.5410010348501368 0.009258647100976902 0.05645730693386042
6 0.7122238271794941 0.5610475658161682 0.013673780924165602 0.08517878764949294
