7 0.6563217865962014 0.4503794657053045 0.016779832710207443 0.03893811207227332
7 0.5080349632496455 0.4195875357375736 0.005779351538039101 0.0336627452963868
7 0.5669495842967187 0.41956219243829884 0.006526132903727611 0.0336742260860276
7 0.19920941159376795 0.42879361401205107 0.008348283023025205 0.029494552815507447
7 0.2275690031453812 0.4350797800050472 0.007280837382508121 0.02666359516656369
7 0.181245517204341 0.450784342723082 0.01863809160028787 0.03858669108952134
7 0.33009391929906606 0.42187568382770846 0.007613748101503448 0.03262430631396057
7 0.2730421293418436 0.42189948750266176 0.008306963679223678 0.03261354119167237
7 0.7638654890749976 0.41775886063631573 0.03112090912271892 0.06753146508889674
7 0.6686444264164657 0.41006201197049064 0.008784910070206875 0.03800371260551355
7 0.6941933842233639 0.3969566772584615 0.010545349771631685 0.0440227548267329
0 0.0054937162703403005 0.5473676784663325 0.010987432540680601 0.05170857889221425
0 0.7920100824068091 0.5301922952876456 0.09424463977769237 0.05221114928204962
0 0.5148465133381681 0.6019486100903846 0.09184135821590778 0.12848908096100153
2 0.8093086615722043 0.5459779879312558 0.15672274452854362 0.08011439236726747
0 0.8066365380573757 0.5287735299702678 0.07278461687874005 0.04323120977896133
0 0.8766409554553123 0.5331254224227064 0.08466978634597966 0.04548095313715794
0 0.08678792911411023 0.6330781651784646 0.17357585822822047 0.18041019355388466
0 0.41344535291418394 0.5624439230629991 0.06316271417743219 0.09283662684868954
