7 0.47011254890310206 0.48238806585891925 0.002605202869958856 0.014857020448213853
0 0.5155067952946386 0.5155736313159893 0.014782839925551738 0.019271726986849202
0 0.7734874913720844 0.5183462281605894 0.027459688055073705 0.017059578825939337
1 0.4756861705967077 0.5022296269924988 0.04808595631415907 0.04096479333915054
0 0.6167418606243762 0.6100923435446374 0.10723207287019554 0.11878014734536624
0 0.2921396533901187 0.5542553268869632 0.07133006304382067 0.05606303877061358
2 0.4939365342135687 0.514411707634123 0.014796242970124829 0.02339377098079909
3 0.5638580077266672 0.5100394965370234 0.032528920940560146 0.024173812428253005
6 0.6096791682339899 0.5235811858654865 0.00479772048067606 0.03342690497980638
6 0.5478423878795469 0.5134453897024441 0.0031496745474315357 0.019642372479908632
6 0.13742702760967412 0.5356982151749143 0.009595175541908474 0.049582857677408776
6 0.5493520334196098 0.5175646333214532 0.0038446132424961865 0.011783479777455974
6 0.5888548251703577 0.517819486482477 0.00380078160183861 0.025596483589223173
