7 0.48738530040238326 0.4804855596971296 0.0013221263145544726 0.007405427193199532
7 0.48775982288208897 0.48092850557677913 0.0012869724689792972 0.007213044584794048
7 0.5307584840475097 0.4862413767727929 0.003809674737603186 0.009657716722640708
7 0.4935348739392062 0.4786766401704332 0.0014423540223851283 0.00819159808438702
7 0.5081833790433614 0.47867400108970826 0.0014361806346550043 0.00819251339624466
7 0.5872468076539616 0.4723803747551383 0.008828014549545848 0.021480361310850293
7 0.5048928900935024 0.45549704166722754 0.003167074681016291 0.018357661309432838
7 0.5374354684844378 0.4554854463024822 0.003393862838053985 0.01836226816145925
7 0.34586871902010974 0.4771962292781903 0.007532147602410388 0.017369833906409005
7 0.324865366306632 0.4584921897461377 0.004057809018597647 0.017037434294200182
7 0.3349578626930066 0.46072542591713794 0.0037655240306483373 0.016052567876146784
7 0.322866816206715 0.47252847057179026 0.009405391906626315 0.021361822001754738
7 0.4053437801106525 0.45621757145920017 0.0037475030337530413 0.018040701118653135
7 0.37339408195695534 0.45622878136562617 0.003963140687990696 0.01803625767066841
7 0.4339388562747179 0.48626650248870296 0.0039212514487122485 0.009639385231230424
7 0.43727958566980485 0.48006999602239236 0.0014984357954543337 0.007586762680616643
7 0.43547691949825257 0.479579650143236 0.0015455723454711467 0.007799890334895643
7 0.4333330676297479 0.4941190287227235 0.0028501864289070533 0.0034846508121110786
7 0.6115287727926533 0.46474668836100796 0.011710527354467093 0.02802852754906099
7 0.5886942424603854 0.4527298456333405 0.003994671888414181 0.019581223562883998
3 0.4418775351198102 0.5088603975178315 0.01480527699960682 0.026133157349307323
0 0.4765712769765535 0.5168611106805708 0.014723923242371928 0.02102748375104957
0 0.48628942541085646 0.5082927807583827 0.010151085271998372 0.016115803531341344
0 0.4768343412647582 0.5254246496691348 0.05002705566270399 0.02401871477351125
6 0.40274217020999703 0.5092125106267485 0.002194262795126356 0.016588705876388277
6 0.4057051734938194 0.5056731687663163 0.0018978706101074327 0.013218688863393058
