7 0.4419403420994117 0.4751132419113607 0.004066486438312977 0.02030023818603699
7 0.43524807304472657 0.45247864624190764 0.004216467578953331 0.020190631860930064
7 0.43946313940142445 0.45556022853011036 0.0039074168971606205 0.01882215603960541
7 0.39853548976482533 0.45905199569795363 0.007960675307077503 0.034526751500303265
7 0.41505754558585495 0.44652875314157947 0.004919103794100432 0.022840426547583392
7 0.4077356399543835 0.4419489394115663 0.005414214817011764 0.02488710544398387
7 0.5543288035826912 0.4757880332600424 0.0040180926636600445 0.02009217246741435
7 0.5080260720028282 0.4601718490393606 0.0032396368143713383 0.01697417212644803
7 0.5533546321061431 0.49197364319201775 0.005829827672093502 0.007188449062703883
0 0.10039291834151041 0.5798146299662847 0.1460024596824642 0.08967079354383434
2 0.6156098637531988 0.5092862606584355 0.0746829355441172 0.05489877818869876
0 0.6175150758203758 0.5257625871963838 0.03758132388476765 0.02569782087969885
0 0.1084515701297069 0.5275808078688673 0.05987611947833152 0.027844748868429248
0 0.5655359120131311 0.5265039908611153 0.04842713816997435 0.030731155644016628
0 0.4998210598213227 0.5699098660709201 0.050929824823817804 0.0722549260799924
3 0.42912711195368347 0.5511809060737236 0.04703381043604704 0.07839582309888049
0 0.4901120483053636 0.5246079906761401 0.046418770718648084 0.03392874600609608
6 0.2510589683498876 0.522761580815116 0.005057837532628728 0.030844204130726527
6 0.29501221149472034 0.5461455553251442 0.010155838551709262 0.029166977172526587
6 0.21554718134083584 0.5320181265795696 0.0082253639813398 0.02120865432829644
6 0.4070217986332272 0.5324157915936574 0.006004089144870217 0.04790379089191643
6 0.254890938092486 0.5327044120378699 0.007956385883666595 0.046579431321145726
6 0.08549989491138857 0.5170638992936061 0.005432114406136002 0.02624172869796293
6 0.6005511796298881 0.5250401417736676 0.00486107696908844 0.03522181641293909
