7 0.6206802461979062 0.4637090612251231 0.012483335191021294 0.029705252129312243
7 0.5071634523880253 0.4403115711948833 0.00439460263915048 0.025515729497411155
7 0.5521263020547527 0.44028770710367626 0.0048259853211792825 0.025525657023372228
7 0.6163260145206946 0.5205429775677313 0.0013461437541708587 0.004236542274446031
7 0.30219116409135777 0.4723514412319114 0.009987104180633533 0.022375313921965123
7 0.26486084566481227 0.44592475026880396 0.005966292491485781 0.02303021004158784
7 0.282700128772863 0.4499141937605209 0.005376247999498485 0.021266757710303674
7 0.30124763283106215 0.5153621021907562 0.0009242000109826454 0.003223401521598057
7 0.2567892030304992 0.46399844319052896 0.01353959325113474 0.02946955272366425
7 0.37048997636032477 0.4416923484001014 0.005463564410575217 0.02490456966256166
7 0.3266650726691326 0.44171510703556083 0.0058672050210549775 0.024895125775310056
7 0.6740709600602908 0.4471230400814097 0.019091759609822123 0.043881278241748145
7 0.6261030897093258 0.43485068430666096 0.006045271220641135 0.02794491970514046
7 0.6396130599067906 0.42785972840692255 0.006860332479736941 0.031070287437702293
0 0.5556836028416434 0.7319824063448679 0.20857337298042544 0.3010830672617969
0 0.664764869695647 0.5283204354091724 0.0444171458839312 0.027499092689282523
0 0.5039396919075738 0.5305127101002425 0.04186360522186772 0.02959466667842403
3 0.5509896499467806 0.5226199363326411 0.04727028043115589 0.03757426737778691
0 0.5017282653368572 0.6105152267626871 0.09319685023112995 0.14427788120190566
0 0.5011279872153254 0.5146390678959986 0.012663834116621364 0.01930858481405595
6 0.16300166000131083 0.5178956670220369 0.00527216799687677 0.02758368429159408
