7 0.4856586189061744 0.48809344006891686 0.0035391040053139866 0.009065963468543825
7 0.48591534701354144 0.4797158822292025 0.0014758857798709002 0.00824752739650586
7 0.4863730387109423 0.4802570884096108 0.0014322198274761 0.008009605897435712
7 0.5345872764320221 0.4859991067463606 0.004303165615045734 0.01087909599062975
7 0.49266813128202447 0.4774728830478435 0.0016275348384302557 0.009234577332238758
7 0.5091691085574908 0.47747032782211957 0.0016212787116837157 0.009235736809094841
7 0.6158838089517948 0.46561374510742015 0.011998634139509079 0.028629629772867593
7 0.5063948271930568 0.4430601364838803 0.004233013049961265 0.02457721382811645
7 0.5497507663636786 0.4430420995126092 0.004634337223560658 0.02458544406422697
7 0.6116787061010054 0.5204269486062438 0.0012919907735843283 0.00408622875948883
7 0.3070528066031739 0.4734705450677089 0.00968734725507886 0.021764950785716553
7 0.27194172215769497 0.44818638307014974 0.005716325322328408 0.022267567487975204
7 0.28871610345058185 0.45186704953032253 0.005170112394619009 0.020614722722643808
7 0.26477835048272136 0.4658519806718898 0.012997798486679757 0.028419664899420993
7 0.37448546210600575 0.4443113146025842 0.005237412217010962 0.024012567485558634
7 0.3321754276781088 0.444328518327442 0.005614364330802535 0.02400472237075657
7 0.42557909398205845 0.4860254260637613 0.004442370735570744 0.010855866216981647
7 0.4299533379054645 0.47920272512295053 0.0016950689052228074 0.008473088873165002
7 0.4277060605497376 0.47859649888507516 0.001755439468027642 0.008739798728761072
7 0.42492412612265257 0.4948672299629977 0.003221326705419858 0.003921826155344088
7 0.6644960559925899 0.45088097022011886 0.017988745838708353 0.041574745592661444
7 0.6206506233997089 0.43809824060356145 0.0057584220453058554 0.026820456577439478
7 0.6330338301362318 0.4317824770502059 0.00649612159054791 0.029686701675926297
0 0.5449981306628517 0.5099955526120364 0.019932502840451338 0.010718453065977407
0 0.43253849293899127 0.5530973021120185 0.03777708234231819 0.05681465214321879
3 0.5084975912362449 0.5966534543621644 0.08428165722865039 0.15685126484370404
0 0.45322490791059944 0.5183913928189416 0.014310286660380644 0.019495227173925156
0 0.602707817878576 0.5397965642435022 0.05942187403783428 0.03836759252396793
0 0.3896140363151972 0.5963933494636255 0.08536062302798503 0.10433311468890027
6 0.42454467575911603 0.5068452782092274 0.0015116211146387615 0.011548210164179395
6 0.5937950303292578 0.5176101419471079 0.0032961201211006985 0.02667177698894685
6 0.607031939093034 0.518580593304305 0.0033135182597747725 0.02803580888810764
