7 0.4659594282123987 0.48242278580019504 0.0020118079067041883 0.009556258555650066
5 0.5362429687764513 0.5266801676243311 0.006761015498719436 0.022291164500635285
5 0.5277369221384376 0.5142298881000176 0.005928855827226354 0.009801651731866756
0 0.5361424973178944 0.5242541059352603 0.0146989187643487 0.01865856420811607
0 0.5367893257302132 0.6413965468676577 0.10119647780819829 0.15753094949912472
0 0.38849480640277045 0.6186457517890253 0.14167924645096325 0.18741551665260037
3 0.5130018674664003 0.5212357697192238 0.012871197833559833 0.024088406376991278
0 0.5032187472930227 0.5183086037951892 0.01141973267535612 0.012895293535109764
0 0.48184652785361193 0.5197460166607721 0.011554613092966348 0.014117411791645607
0 0.50923206782621 0.5264835048969265 0.018338977484985586 0.02364592245643815
6 0.5899836942959173 0.5193714786973993 0.002687781647246923 0.02107650926644311
