7 0.5640088442225769 0.4884906418906698 0.003407542922238882 0.008532905911341093
7 0.6151754433140311 0.47914793629310815 0.006921733856258716 0.016618969481463963
7 0.551216619019198 0.46628389934707226 0.0025585334247717473 0.0140647941646036
7 0.5763980114207006 0.46621005921975633 0.0027059951608505717 0.01410368736668971
7 0.4121643540747768 0.47950787763111247 0.006748277198521613 0.016209480651054375
7 0.6332921759644631 0.4749342700302134 0.008565498440766595 0.020277945726397018
5 0.8056915973814818 0.5468832905396483 0.039305940346480495 0.04885895146315111
0 0.49103263197759844 0.5112450662119173 0.010868442250799415 0.01652694267571997
0 0.5208504311095823 0.5776117730934376 0.05375794279841445 0.09160482374413725
0 0.9732264310246085 0.5503768451878838 0.05354713795078303 0.06870315038501174
2 0.5499910585480365 0.5162547409685223 0.01921158048920457 0.028155457778611503
2 0.49660100952681774 0.5161625469965224 0.04641658147229899 0.027721030308339945
6 0.9964394970134143 0.5886272820725362 0.007121005973171557 0.12832527721631515
6 0.4748459402259362 0.5072969526882334 0.0017100042587409048 0.012571485912583391
