7 0.5755658950154916 0.4804421680147083 0.007409511623144294 0.018186757411372878
7 0.5057418496629824 0.46618976746785523 0.0026780513587790766 0.015500191475342928
7 0.5332963480367532 0.4661712112698813 0.0028411977556060952 0.015506223242893635
7 0.36719868535405764 0.4840199052207777 0.006464721929267614 0.015132237958488948
7 0.35151744442702704 0.48061095815749777 0.007803095928167636 0.018075881934943694
7 0.42129875146772977 0.46673530713518485 0.0030929617503041573 0.015265319024670765
7 0.39420853359708424 0.4667533608756592 0.0032467166929418534 0.015259475661748512
7 0.5920048312013948 0.47525410621581005 0.009342108753305434 0.022670763978592245
7 0.5804493556941153 0.4619012611898886 0.003493204816432449 0.017396479654944674
0 0.3994377092398253 0.5292870523960314 0.023945614445183505 0.027426723705975653
0 0.5018233284525502 0.5676474332252326 0.04229760313657771 0.05918902636644441
2 0.5105766975620094 0.5414831072975266 0.0698001902740808 0.064924256100509
