7 0.6277726140504482 0.46462921013133895 0.012848715344789374 0.03046611480763528
7 0.511354247568684 0.4407467242066909 0.004499099814628149 0.026125535790612442
7 0.5574197625702266 0.4406779981648383 0.004957208842681693 0.026156415814746925
7 0.6233086124018797 0.5229105801783394 0.0013865036692100041 0.0043468510879742794
7 0.30345254125991705 0.4735952652849618 0.010113594834118 0.022692295279023278
7 0.26486779835720375 0.44675273353199796 0.006081036752590696 0.02342782626523482
7 0.28330502105869404 0.45082371903096224 0.005469785802840188 0.021605479770075098
7 0.25621278210736553 0.46513184487451875 0.013782762229186368 0.030030224680576922
7 0.37183795200141345 0.4423044418035005 0.00558874742316362 0.02542486069751254
7 0.3272404964635981 0.44236944227980546 0.005998774478333857 0.02539568912209028
7 0.6845958280848611 0.4473422228573465 0.019946133736427285 0.045558924401740086
7 0.6336330670800976 0.4349562093343723 0.006256145685321957 0.028737331571031255
7 0.6479395124666351 0.42763971203435835 0.007130324505377095 0.032052653974429524
0 0.4561212668546333 0.520303346092782 0.014858621748580103 0.02018279220486796
0 0.48572777021652747 0.5149827766032948 0.011802104462870888 0.0194962822084217
0 0.6708836698610354 0.5325370242146277 0.06271818483032154 0.032375822477156535
0 0.11657538531233669 0.5309515693570128 0.06944587009356173 0.02661920543997376
3 0.48747220376932654 0.5131597646927649 0.011875190008295788 0.019572658338627758
0 0.50811449209448 0.8143795169217548 0.32391689391947565 0.3712409661564904
2 0.5065988621813193 0.623960118554344 0.1282995483056213 0.21284054272863318
6 0.14508967852126933 0.525993728949878 0.006686678222302789 0.017111507571131113
6 0.42131114746632303 0.5120906818848834 0.002593205729573167 0.017116278150737796
