7 0.4577043539044493 0.4842808836204119 0.002726190764210157 0.014358069650425576
7 0.4598639862453359 0.475969906212364 0.00219479375674847 0.01086246582912781
0 0.5003664147992667 0.6756453335871508 0.11998451252740705 0.193136166423429
0 0.500523226968275 0.5210650576801101 0.014553129854877611 0.019076303517541526
0 0.47722495753993505 0.5209634020173376 0.013391970438890621 0.018149890099378174
2 0.2768518790809782 0.539202834347786 0.07625940530809736 0.06175782830602028
6 0.4576231065801032 0.5175602978216661 0.0026321946053151635 0.01353243626345857
6 0.48796672941696606 0.5152555853837354 0.002370242523901056 0.019289787333799824
6 0.36262768051977434 0.5157521600835506 0.003118031556782419 0.020989485237288608
6 0.31544354170479694 0.5142632170235097 0.0029265853618929416 0.01887668242447582
6 0.45600008996594305 0.5146740338267186 0.0025870645099691503 0.019436572651538198
