7 0.48267664404613453 0.48786660692741735 0.004105785298195608 0.010502451901408472
7 0.4827713327434954 0.47791991150159713 0.0017384557839084658 0.00967533013113997
7 0.4833889016974964 0.47865281028578366 0.0016782087607284946 0.009349530702702169
7 0.5406086244057168 0.48501271258613876 0.005170439558123574 0.013013250162338563
7 0.49049280515698745 0.47480450606207997 0.001953157550139195 0.01106214100864411
7 0.5102314023840002 0.4748020819130109 0.0019461740347296308 0.011063246058539755
7 0.7013239494066683 0.44304716439456593 0.02230511102292232 0.05035663968596282
7 0.5102178674030484 0.4030805351887585 0.007507991453676088 0.043837923341587426
7 0.5863954954318904 0.40304358864831713 0.008738955462974762 0.043855322383411
7 0.21270095502745057 0.46308655249223796 0.015332505571651694 0.032424553721248583
7 0.08986684903111461 0.44367689612916805 0.0253128539548209 0.04978889164159622
7 0.28202514624999075 0.40679661855419935 0.010463112255159224 0.04209965487234962
7 0.41031151333859406 0.48504520800366724 0.005369433620510178 0.012984331171130348
7 0.41679290016389026 0.4772147177987397 0.00204223255188829 0.009988892442037545
7 0.41366858133929757 0.4763770476180855 0.002129948313372876 0.01036165907356762
7 0.40958519193187004 0.4956169817927967 0.0038775608153867047 0.004685617752496263
7 0.9288242215217839 0.3764015298561215 0.05612079784443147 0.11127256601990593
7 0.7261319136544027 0.3868348322037581 0.012828035986299446 0.05148702789472959
7 0.7747786599795582 0.362330332876175 0.016715043928473783 0.06318087636006486
0 0.3329746617178175 0.5855573153079372 0.06169414997836542 0.09287251588020651
0 0.4831343772319757 0.5159754270262553 0.008461362006398299 0.012896977908034124
0 0.7520133801429467 0.5484703519636158 0.04550647909214378 0.0402222543198244
0 0.43576643179811725 0.5272874713898859 0.02054055160459639 0.026839955441647523
0 0.499555398496223 0.6282184187393904 0.1151157206265831 0.20979058827494912
4 0.41361553983469446 0.5238109692130909 0.009281776706943023 0.024110967215195345
0 0.5551094146289656 0.5133983982336019 0.023652037505989876 0.013971415953222155
6 0.39808865065942034 0.5306033286722576 0.005561900208294002 0.03951449344916125
6 0.42110959353563077 0.5309108060976391 0.005008119813264433 0.03859941368223019
6 0.43446123162444633 0.53722666282282 0.005229262286606251 0.027792533676670672
