7 0.5283397607370832 0.48919095838155446 0.0034249263296580734 0.008700297571814841
7 0.49479414788673115 0.48237677693669634 0.0012974355117997827 0.007374257874795231
7 0.5079915457433066 0.48237509099448517 0.0012918320062779154 0.007375227214467983
7 0.5708631476867008 0.4792343679693296 0.007008851348627387 0.017258023529258093
7 0.5045804856635703 0.465686860769025 0.002540698215020676 0.014706354354637297
7 0.5307363940136225 0.4656791732865566 0.0026867049783296792 0.014710216345723504
7 0.3718699004936159 0.48243648642018233 0.0061692955317503295 0.014494461798051639
7 0.35794840303372266 0.4676383644911715 0.003131198848229211 0.013841938106355922
7 0.3580101888425912 0.4793245963019109 0.007377009262178991 0.01717286577418753
7 0.42433028259258676 0.4661518277423702 0.0029177533764659924 0.014499482568864464
7 0.39857157859836256 0.4661592801945821 0.0030568098276419486 0.014495732683586171
7 0.441081274408092 0.48920685185465507 0.0035140292356243275 0.008683648606860717
7 0.44051673181491585 0.49628210742202705 0.0025597691751376717 0.0031407359299432946
7 0.5854258535615564 0.4746117686318312 0.00871542978687223 0.02124616538175228
7 0.571042956679467 0.46393132244655955 0.003061738004587422 0.01548382794945996
7 0.5750353107323534 0.4618665161898158 0.0032647109317179845 0.016398185464155612
0 0.4672367817326063 0.514021486784817 0.011434847508524026 0.012798211524172931
0 0.4511814834883673 0.5415006004840643 0.03629666099533363 0.04292246570942704
3 0.4880570247467654 0.5072866101081552 0.008601769567342765 0.01819685357067391
3 0.7473728319099682 0.5402145378978587 0.13849340497421914 0.08345386227038754
3 0.41431803639721354 0.5205588649867271 0.02091935360047087 0.03061196433648594
5 0.5585367224484932 0.5222804732930773 0.017533546081343387 0.021172166831533334
0 0.3770659763298645 0.5183240300223728 0.02763519317784019 0.015872379656498015
6 0.42285172108806945 0.5077193734281412 0.0016368386326457984 0.01188284702693121
6 0.422488593880726 0.5094950210127236 0.002028911365698882 0.01435789498278206
