7 0.48281879529760735 0.4885793409624262 0.004050888989450496 0.010363533059032815
7 0.48293257751866175 0.47876529922762956 0.001712724202159177 0.009535685351712064
7 0.4835332303268076 0.4794876928334618 0.001654218468474522 0.009219067395666247
7 0.5398575941979851 0.4857450224174314 0.0050832676417750244 0.012800375359283689
7 0.49056260510907684 0.47570264361928444 0.0019206139778410458 0.010879937560098196
7 0.5099770056445682 0.47570092009689935 0.0019135085695813903 0.010880926831190185
7 0.6892165324341644 0.4460228059016823 0.020796600191875236 0.047312539196358694
7 0.5095243827625221 0.40849613410353225 0.007044483270028268 0.04111128862376684
7 0.5810873323716393 0.40846725298987235 0.008132272104642402 0.041125456211938305
7 0.6824240794505538 0.5360946387613473 0.0022908121997312625 0.006745256546157208
7 0.22394430576380772 0.46452686730660575 0.014624413659168167 0.031139207856464124
7 0.1435034599458788 0.42166175629090075 0.010560864109322499 0.03507414639826484
7 0.18258215080528012 0.4303065285825596 0.008956551055091716 0.031142690292012998
7 0.22188768026884728 0.5243000469918743 0.0014807805171102584 0.004503081973866729
7 0.11396660131161984 0.4465673093123044 0.023481580125256044 0.046821159875620855
7 0.29465336596347214 0.4118171248762249 0.00967496702231252 0.03958186107366757
7 0.22578315199038618 0.4118438379710838 0.01067399964217372 0.039568752915988215
7 0.41168558777485564 0.48577336309534336 0.005277112093673486 0.012773005611607713
7 0.41794050750707346 0.47806875298131235 0.0020080411303788903 0.009840359573501323
7 0.41490934366845045 0.47724460815377334 0.0020928284178854395 0.010201923783172084
7 0.4109643062844063 0.49617380562297647 0.0038122459072152393 0.004610173862699574
7 0.8768691804683642 0.38970526497636077 0.04778145601885442 0.09743026125575971
7 0.7102235735219338 0.3941172736522748 0.011658634315523608 0.04776367517092567
7 0.7516526320356196 0.37295474019082064 0.014838030066773533 0.05766765016483916
7 0.8646933244509397 0.5702684761415997 0.004983980020464296 0.013597232561347705
5 0.4274230584566192 0.520355496500459 0.0078444742147597 0.02100788479248883
0 0.795422442919405 0.5498282079318394 0.08601173563367182 0.045713912243819044
0 0.5011259440339411 0.5182377719985762 0.011506265945257721 0.01574878965725912
0 0.43619192501136617 0.5286268821381983 0.024212261461036 0.025216400645864945
0 0.44465990187642324 0.5243149751297556 0.019034719663752253 0.022016371503562948
0 0.48150018054219224 0.5176847667595044 0.01320129452473412 0.015978544305358056
6 0.409970545061957 0.5155748362653737 0.002315066523997822 0.012181946690626111
6 0.4133895331641001 0.5099663339153454 0.0017498959953605175 0.013137612489846573
6 0.5502364282931738 0.5283121475821804 0.004369052757657865 0.037492996469698836
6 0.5001781566061578 0.5307153042195591 0.004400358307895869 0.03841828337074782
6 0.0986419238392208 0.624771369727593 0.031909883282823084 0.16011370352180154
