7 0.32312333934089843 0.45606868551570484 0.010513058843702738 0.036820612448441814
7 0.26455199207524493 0.4015153568997526 0.011264059474568155 0.04287769373479361
7 0.294753301792427 0.41420144006570153 0.009417509790237866 0.03714655683658352
7 0.32433439561353566 0.4852307383493641 0.011334813184529668 0.013168726554990684
7 0.6303170217304461 0.45898546954818237 0.008621830285102217 0.03376801243453331
7 0.5037504738628305 0.4327437630382485 0.005375989144997373 0.02857914778940851
7 0.5540106170050019 0.43280010295305804 0.0058598558566397285 0.028561299435720777
7 0.6254613507060085 0.5224983608006719 0.001522403109899817 0.004728040055650418
0 0.5221628836644092 0.5173059737553882 0.03605688506358262 0.029058325344838765
0 0.9942907196583877 0.5167278583549693 0.011418560683224555 0.017509102386178532
0 0.9910538106773767 0.5608459966626236 0.01789237864524651 0.05472411440316394
0 0.5199107769748237 0.5279980361409473 0.029903688250974336 0.029743170108672667
0 0.5823808614229742 0.52276481673999 0.030986468372215303 0.023235784487542377
0 0.9664355061665014 0.5485980767381553 0.06712898766699715 0.05669377572313661
1 0.39558010691196344 0.5064602177911214 0.09134079893572233 0.12747840339463662
0 0.4578881347652016 0.525903440020136 0.03086317276838829 0.029338938185533125
