7 0.8930580857429007 0.48598568248424456 0.0028998780988201966 0.010929436026605788
7 0.8877493259808564 0.4761682306079401 0.0026179495502263173 0.00982603507748997
7 0.8907594781751114 0.47670728514422933 0.002556513099530533 0.009589450363660657
7 0.8939338168266828 0.4948198679757394 0.004079097655535158 0.003968247327858887
7 0.9690961972440862 0.4758808905022064 0.0026500686609027824 0.009855012604091162
7 0.9937430967191023 0.4752934917266065 0.002726143786664026 0.010112306120907855
2 0.903129069305153 0.5238493563874981 0.04049674381147583 0.040434438964635167
0 0.9164147658026855 0.5260056274999305 0.031028729841991343 0.024718639438099932
5 0.9264018442911257 0.5149780935036884 0.007775393602557523 0.016371172320457372
4 0.70313373726777 0.5401978504314715 0.02216135446294276 0.04382864912829543
0 0.9754350202096922 0.5199965679379404 0.02047596205754909 0.019358127615953014
4 0.9328620196525081 0.5364406310234235 0.01272611584830341 0.03916439977919339
0 0.6557311014558553 0.6242014340273001 0.1254278520071459 0.16619904675807184
0 0.8563176770852031 0.5235792810770993 0.03766364032031144 0.038053745197830224
