7 0.3812610704359687 0.48773404379279234 0.004133400883860161 0.010393851079315897
7 0.38226361495675276 0.4779658439996728 0.0017166934876142181 0.00953340733795277
7 0.38251585546854483 0.4786720946200079 0.0016604833195141833 0.009224083452920584
7 0.44044271255660117 0.48534212405339683 0.004982196672419448 0.01244426962871642
7 0.39156188370228573 0.4750933073486223 0.00190833875848323 0.010793382905322502
7 0.4110727103403849 0.47529667955774124 0.0019539769851348865 0.010704065127505824
7 0.5887267893544573 0.4538668615396463 0.016538770455113205 0.03977746988026737
7 0.43834360316275633 0.41721587294228146 0.006840294003459535 0.036820228815419964
7 0.5007829598946507 0.41942983360855884 0.007297090782748705 0.03580221786935722
7 0.5834321009203152 0.5293616951415157 0.0018422458943760933 0.005664409927076397
7 0.12161142375123159 0.4614751599734275 0.01704850725728993 0.033111517536884905
7 0.04194964330496483 0.41555177064899496 0.012085920731681687 0.037586819323205456
7 0.08130762613062616 0.4251041192930144 0.010155843950917398 0.03320161467262894
7 0.11971073733304605 0.5246555120963473 0.0016406979197500782 0.004766316289603889
7 0.016973431683555328 0.44215797699971016 0.02801300193096423 0.050111394834532696
7 0.22577833947363513 0.4125151947181048 0.009442803626649288 0.0389876094554899
7 0.14960294845932848 0.4098982704225803 0.011038217370724718 0.04019765240606821
7 0.3087187769766859 0.4845412584046036 0.005667258116752061 0.013131859017494973
7 0.31411484509610765 0.4766382276408108 0.002124792264063813 0.010115416465130811
7 0.31134069858204333 0.47578764340120416 0.002215198575538424 0.010488611102819845
7 0.30787762695601073 0.4952098336687353 0.004112705918171866 0.0047374066237663714
7 0.7256840429616929 0.42104466524554457 0.029579511630043576 0.06896665869074081
7 0.6072771128158221 0.41278697127579467 0.009079479282967373 0.03886182111502168
7 0.6401913871309881 0.39955250836542255 0.010875827309584474 0.04500513332869199
7 0.7182159759464308 0.5490676964829306 0.0031289344290517107 0.009612145000377104
3 0.5444828842007805 0.6691393489721196 0.17354539269416824 0.28224583733308684
0 0.4211577379891963 0.5113710517766272 0.020006272837056305 0.01363907706541434
0 0.6540303853495307 0.5361207784696043 0.06768688304693238 0.03543734517800301
0 0.31369704639208895 0.5237582179068728 0.024327151845837947 0.03152729884328598
0 0.4326459793054114 0.5122837794444589 0.022818981593634824 0.014857088220772807
6 0.33381607761957355 0.5282710785837383 0.004788865950410448 0.03637998016953603
6 0.3446909716632205 0.5284587437615895 0.004959462399213077 0.037105077822003785
6 0.7982655044793683 0.5204942045529868 0.00545851255483798 0.02937349875843409
6 0.44792181695112765 0.5092927377690628 0.0019863703992198944 0.013357916421273819
