7 0.5030411150862899 0.4887320676757275 0.0037849068834217015 0.009799030261066044
7 0.5043412672832623 0.4795435325370974 0.001558530846400119 0.008971655511405663
7 0.5044168174888348 0.48018673955696445 0.001509877065912213 0.008690857086114223
7 0.5595643639002212 0.48619746458081503 0.0048121669311648185 0.011965274757614386
7 0.5135298798187633 0.4768389973411614 0.0017790210737856915 0.010153818206693532
7 0.5316669409449067 0.4768277427900599 0.001850246882901141 0.010158846518967313
7 0.7085728889300231 0.4564122876745239 0.01681990686433954 0.03763564976155648
7 0.5655405606265952 0.42690577667123525 0.00620034990394025 0.03239213476087888
7 0.6224614505875149 0.4267934742884154 0.006901523113307162 0.032443363040026985
7 0.7031504618135682 0.5282383477802006 0.0018616047943216252 0.005366040485512591
7 0.30765851338201056 0.46935591191089643 0.011728264493559626 0.026426770778852637
7 0.2621377703413712 0.43589559631697894 0.007355899599143789 0.0283289871802615
7 0.2842910805733846 0.441728587351108 0.006480647323229949 0.02570745572988503
7 0.25114870220360125 0.4572085450349824 0.01696717776752779 0.03693900056004645
7 0.3928180217139474 0.4292905755975207 0.006613944382891146 0.0313112592750216
7 0.33817033069065155 0.42939532466315083 0.007228912959834077 0.03126354952906685
7 0.4398610810292019 0.4862614585175802 0.004828580166966412 0.011909222324583413
7 0.44383523588410045 0.4789553631783279 0.0018107869821899492 0.009228193504093152
7 0.4416897584701496 0.4782293548080213 0.0018801442431806148 0.009545418599330557
7 0.43910952515394486 0.49595900871834464 0.0035092183281739686 0.004300000598357723
7 0.8418306480099055 0.42663403930616417 0.030939880766736705 0.06370143315543292
7 0.7265509181399962 0.4178366601687993 0.009160697529662754 0.03651590876568278
7 0.7586666709111602 0.4057756635191929 0.0110007460370104 0.04203887419046454
7 0.8344989646851272 0.5462644116870937 0.0031599189459845523 0.00895798575463691
0 0.07282563644201018 0.5419467529747196 0.12209699622848458 0.06342172204514163
0 0.12234257136485681 0.537858349541701 0.07334053999896997 0.029514525015709836
0 0.041516327149175344 0.5561833721755609 0.08303265429835069 0.055045037488361315
3 0.19001119865012633 0.5306441105637485 0.06642062200499033 0.04366049015216822
0 0.7805360735859945 0.5364494497270453 0.07472369669575141 0.034827915288
0 0.4501790600321419 0.5210440418456384 0.01910904095429372 0.026849899595418503
0 0.5278412391806413 0.5129246173883519 0.017322787778119797 0.015283916965200373
0 0.07633871947857426 0.5192100603757801 0.037245433194326674 0.018168423073644746
6 0.429615136949661 0.5252685724368427 0.004147020823601466 0.03207498665068709
6 0.43699089108483546 0.5244393361361641 0.004407055171906371 0.032656618176610586
6 0.9591245471793448 0.523016011590081 0.007039481269481285 0.03249900677766415
