7 0.390150078439389 0.48008210948644325 0.004113204977065965 0.017302364375705925
7 0.37728101869649594 0.4617409225106157 0.0038280252147659954 0.016761566478441903
7 0.3838842527705345 0.46390632169573115 0.003576497021779146 0.01580744125996625
7 0.39106434838448 0.4940034209154227 0.005203656200902573 0.006238898172058138
7 0.54061090494031 0.4805890604905779 0.0031922155853186807 0.016575470943557435
7 0.4773680387947775 0.46766515660938257 0.0027170063173773684 0.014008070046023169
7 0.5023132978371665 0.4676823129178507 0.0026670224707509016 0.014000642779850525
7 0.5381674943383277 0.5121934521429119 0.0006880796413032408 0.0023467029699452135
0 0.5016982326459809 0.5822665955575903 0.06488437990958273 0.1108964373008926
0 0.4495447611715546 0.5447306368420898 0.032719283466111526 0.0380566545421579
0 0.5000357155641485 0.5539983366697703 0.03948865421692965 0.057788220709439786
0 0.4119049840339829 0.5780564109259483 0.04642479305919606 0.06963584111232712
0 0.4993008256508163 0.5387745372201174 0.02940286155929861 0.05197012679336421
3 0.43645587800487246 0.5383765028167994 0.04723649607539704 0.0883098557095105
0 0.5182198346617437 0.5195992348967275 0.036596317335678474 0.025811820394157747
6 0.7401018854669019 0.5917092597178879 0.022894206089589808 0.06234111688488919
6 0.6143857461252227 0.5318317883833983 0.006310570203311161 0.04526397992758946
6 0.7966707513047022 0.5794391338881189 0.020710374022876343 0.11403044748736979
6 0.36509936805235416 0.5185800904995648 0.0037392744287546575 0.02620931922314018
