7 0.5288799230696974 0.48877282965887203 0.003572709936228713 0.009067803226801563
7 0.4939165980789846 0.48167012492205236 0.0013532110617291426 0.007688032245485532
7 0.5076736590274582 0.4816683426163881 0.0013473907303673816 0.007688820516409067
7 0.5042940160670681 0.4631852326777014 0.002765276063786515 0.016008497716995695
7 0.5327413693301064 0.4631776321280916 0.0029378208696356767 0.01601192329680301
7 0.5735638468025671 0.5139736734261815 0.0008134126436074585 0.0026815685984982185
7 0.3618753997143778 0.48151468401805886 0.006667189627616366 0.015551114126626242
7 0.35344600299187656 0.467122336919367 0.003240993102386902 0.014227235367447355
7 0.34494071758833356 0.4780261086366235 0.008097979342891526 0.018675800802869014
7 0.4170907129775472 0.4637181289734331 0.0032108109033452403 0.01576714993769507
7 0.38909643118309656 0.4637254964261252 0.0033756529289366566 0.015763830954375946
7 0.43792798708013275 0.4887909434003565 0.0036711161233030642 0.009051778280806833
7 0.4392136714756351 0.4824441693132504 0.0014444240699910127 0.007342048176516569
7 0.43734676478293266 0.4961654675401446 0.002672029414304722 0.0032730805831611143
7 0.5940498370710139 0.4725650428968561 0.009735772560004685 0.023578092775257187
7 0.5817220052039505 0.4587299509608923 0.003635435972612844 0.01803024361790795
5 0.44572033765060404 0.5145153121410524 0.005544151462633373 0.015010431540071423
3 0.5057119976233273 0.5068092823650034 0.015772589138654036 0.017034727366054714
4 0.4246198080150879 0.5310534309759065 0.011838847919434403 0.03205534292703105
0 0.5003901802140304 0.5424371270352021 0.026274196648235104 0.04033167333308918
0 0.5013034117077834 0.5113313896345331 0.008097520048296891 0.011173355016199982
0 0.4508983712606052 0.5438973332571633 0.03532306878199165 0.04117952860603091
0 0.46447557550142565 0.5143565613561152 0.012175585789058196 0.014790991796768349
0 0.38390281898141076 0.5329887422514663 0.032468630341642934 0.03302182046231528
6 0.42364667829020397 0.5096278197120259 0.0020423161371311838 0.014406539902449444
6 0.42512675591562343 0.5084555124632222 0.0015866379291675226 0.012818884099553007
