7 0.2861932580924941 0.46316211762420073 0.011165043563773513 0.03518028086740199
7 0.21606950890788887 0.4132031428122549 0.01133805883931488 0.04033354757442753
7 0.25132116161015916 0.4241645488480691 0.009514884347030406 0.03522078367158987
7 0.28690304953805107 0.4911392855127804 0.011062902757317694 0.012600929158076313
7 0.2845732216463953 0.5296902207119509 0.0014742912054102053 0.005014959431944521
7 0.5853260580364852 0.4653347758382328 0.007135420020687899 0.032551769186793866
7 0.4625282702242752 0.4401998182644597 0.005482347336802751 0.027502731677831238
7 0.5110484393194425 0.44017903142509773 0.005211157168677927 0.02751040732428922
7 0.580607649808986 0.5267349458221497 0.0013951111118516435 0.004574089337385012
0 0.6007736466978827 0.5258830235373492 0.03332197571450313 0.0185678411102852
0 0.002123572374311261 0.780902018367524 0.004247144748622522 0.3412831271954482
0 0.9467655117117737 0.5599444153440186 0.10646897657645249 0.06139300125694236
6 0.31401354097670753 0.5292898524832502 0.005769866656947398 0.03710480024050766
