7 0.38229151040226406 0.45256191520399935 0.009796490893368814 0.040920607417809396
7 0.3412370049297053 0.3877668874477189 0.011705539541775556 0.049779306192292816
7 0.3639470892596024 0.4042444870030682 0.009656711440488797 0.042218809983200156
7 0.38167610632959426 0.5295116432227744 0.0013783350543014605 0.005810450806346901
7 0.24697781929696405 0.34512117373816087 0.018352475156249853 0.0697057138902834
7 0.16923329366452844 0.2966716140871968 0.026463949327900527 0.09297038924913098
7 0.603649735650645 0.4544467695388178 0.009407185474836766 0.03998391243906757
7 0.5131315041742479 0.4234524824604381 0.0064731363715750945 0.03388880025652674
7 0.6016374330425709 0.48626468334226974 0.011691454429743398 0.014097807791590866
7 0.5978991438670815 0.5294261460357224 0.0017434952111089475 0.00559205582618072
0 0.9366617137910876 0.5634812461687766 0.1266765724178247 0.06409408558552498
0 0.876294730709374 0.5506574302377015 0.11493276978587419 0.06298205975430293
0 0.5598906247124537 0.6362043636551604 0.14233895475999575 0.23204063435067335
0 0.7757939251841204 0.5757095294759679 0.14285387930323468 0.09067088616573304
6 0.6719140049647641 0.5345888481513865 0.007879594917850952 0.05036082031252487
6 0.784593487227349 0.5728171708968073 0.017670582387068978 0.09941132895214555
6 0.2377362817736315 0.8784864786875843 0.098609582383609 0.24302704262483144
6 0.8482919166732508 0.8635138768672754 0.0941346304984898 0.26291701972052206
