7 0.4467900123671069 0.47772304000826227 0.003732984451911725 0.018907024144531936
7 0.44128537830633496 0.45710972506389047 0.0038484191067848506 0.01857299133637541
7 0.4448718271618889 0.45975025501241606 0.003588940870990154 0.017408642086289394
7 0.4104856185181481 0.46427885678630276 0.006835315178540191 0.030682415649330885
7 0.42348066742827606 0.4520915680937161 0.004427685283294014 0.020791145998410088
7 0.41745303326272876 0.44829615461868566 0.0048262216823040105 0.022473635434354045
7 0.410822505667817 0.5219545982182877 0.0009593849296256618 0.004285516003315948
7 0.5516340211922435 0.4783298184688143 0.003697980961663405 0.018733754236621325
7 0.5084115030162564 0.46377183279842993 0.003018950647945551 0.01581948448344561
7 0.550729344935531 0.4934324120907146 0.005432189545386934 0.006709096777287704
7 0.5488750662959052 0.5140099333982581 0.0007829125933669356 0.0026506915315049895
2 0.5008855108153667 0.5265769671194218 0.06577407757276987 0.14002858726872092
0 0.44030196987068493 0.5511861447826157 0.039266650931852554 0.051461087351324375
0 0.5121879566924157 0.5225939503311241 0.04116210479358079 0.024508084941319286
0 0.5009544122049294 0.6385479134994644 0.1292297743049876 0.2333188496994003
0 0.5240410244676599 0.525022594707275 0.033154246962828426 0.023205181851558176
0 0.5004810335338186 0.5825259073118387 0.07076348941794086 0.10270126012354197
0 0.14198364761357313 0.5265153372957891 0.05718639600060847 0.024931653525221087
6 0.46816722457997173 0.5305037152134514 0.005002305732419332 0.04212333314804195
6 0.5738184874624483 0.5278817564804493 0.006311387061610163 0.04037690936153715
6 0.13949947748945096 0.5166742687031745 0.004741714345518927 0.024226474446041646
6 0.4086912394658465 0.5164779832814476 0.0032331877908275963 0.02393555745981435
6 0.5795234553272732 0.5302264628825348 0.006264087477425573 0.018662025333229915
