7 0.4467900123671069 0.47772304000826227 0.003732984451911725 0.018907024144531936
7 0.44128537830633496 0.45710972506389047 0.0038484191067848506 0.01857299133637541
7 0.4448718271618889 0.45975025501241606 0.003588940870990154 0.017408642086289394
7 0.4104856185181481 0.46427885678630276 0.006835315178540191 0.030682415649330885
7 0.42348066742827606 0.4520915680937161 0.004427685283294014 0.020791145998410088
7 0.41745303326272876 0.44829615461868566 0.0048262216823040105 0.022473635434354045
7 0.410822505667817 0.5219545982182877 0.0009593849296256618 0.004285516003315948
7 0.5516340211922435 0.4783298184688143 0.003697980961663405 0.018733754236621325
7 0.5084115030162564 0.46377183279842993 0.003018950647945551 0.01581948448344561
7 0.550729344935531 0.4934324120907146 0.005432189545386934 0.006709096777287704
7 0.5488750662959052 0.5140099333982581 0.0007829125933669356 0.0026506915315049895
0 0.30147443209922553 0.5509458449565168 0.06729534521812292 0.05744160276199339
2 0.5008763892848761 0.5258807399330591 0.062266050478728685 0.13249408083577446
0 0.44142990630979195 0.5502233142929909 0.038302778276637306 0.05054376071426925
0 0.13686863982737968 0.5245185804071006 0.052757958890795875 0.024380315464908375
0 0.5009544122049294 0.6385479134994644 0.1292297743049876 0.2333188496994003
0 0.09538509725676136 0.5255640210879332 0.045813663246495995 0.02313618934466377
0 0.5004810335338186 0.5825259073118387 0.07076348941794086 0.10270126012354197
0 0.14198364761357313 0.5265153372957891 0.05718639600060847 0.024931653525221087
6 0.2478393618522593 0.5311101690373563 0.007211474274181895 0.04264589624645343
6 0.40596236379502204 0.5356896531007177 0.005747741251186822 0.02965103697445759
6 0.5997994032328284 0.5240410303455515 0.004576167739730241 0.03387353579219887
6 0.28447967848935507 0.5169365538217479 0.00417546425279286 0.024603710765230935
6 0.2660257925457382 0.5166981953681278 0.004060842898966521 0.024256467493397715
6 0.541095519728121 0.5165204624536188 0.002762118391130164 0.023996028654510115
6 0.5907185819777833 0.5335108289287283 0.007616690273795745 0.022554911963185487
