7 0.4436452909250903 0.487100200491716 0.002345314726454162 0.011188962944222614
7 0.4391857005217454 0.4764247404092208 0.0021900821176942253 0.010297716623444586
7 0.44172888593370396 0.4772687471784249 0.0021039011666544316 0.009929541766150574
7 0.4443567114577081 0.4961456424372005 0.00329659956200834 0.0040457442225912965
7 0.5420906342856064 0.4871490521067301 0.0020009652152177537 0.010949381125576696
7 0.5001570590869795 0.47866970206592674 0.001772979828452037 0.009220276727738896
7 0.5166460701230023 0.4786526041902861 0.0017597786961587314 0.00922695567104731
0 0.6320776700835251 0.5135720794117163 0.02730448129866636 0.014120369448335834
0 0.45320160796380926 0.5171636243951907 0.014160884422178777 0.017262917290971402
0 0.518091315511291 0.5099250587220268 0.014585103072877414 0.012597182346342994
0 0.5121940063737584 0.5545455904860505 0.045673493202977256 0.06463705153933352
