7 0.5443768023881714 0.48928457728896524 0.003631902607814208 0.009120992520425253
7 0.5092458907719528 0.4821469947202832 0.0013511560333012707 0.007730424734587238
7 0.5230783556584631 0.48214256764542895 0.0013922334900472455 0.007732376429236076
7 0.6061889767910733 0.47774604038086 0.007918162264202278 0.01899804833001878
7 0.5333916184178198 0.4628524087423735 0.002957950849819313 0.016196082069686257
7 0.5621814415812528 0.46283310378485054 0.0031357792592494604 0.01620465816454114
7 0.6033926006540606 0.5142245638742018 0.0008498183178208274 0.0027130425008938808
7 0.38518279145064005 0.48161827137073987 0.006606039404185193 0.015676031396674506
7 0.3715216925611642 0.4652586102818365 0.003350064365341743 0.015133711971825892
7 0.37223177922165285 0.4779078382563368 0.008013515832214768 0.018858378426800493
7 0.4448841607188405 0.46344582248812727 0.0030902712158911716 0.015933831343673655
7 0.4166288891301945 0.4634644881913446 0.0032559544290582387 0.01592554213510522
7 0.4529349663174189 0.4893137288980047 0.0036502502599503606 0.009095829832751368
7 0.45503092126859185 0.4833981571788949 0.0013768496370508698 0.007185418118084097
7 0.4523171415580577 0.49672406979181793 0.002665627564091555 0.0032890860821098156
7 0.6311695456005442 0.47199244970551835 0.010155700695908543 0.023945635662228515
7 0.6152166279285697 0.45813445228883676 0.0038976452811247952 0.018283997584597367
0 0.4852865787538897 0.5147425123770295 0.012025729904045102 0.01557848384866356
0 0.42013621894257414 0.5174393172536499 0.028719394370801232 0.02287016583080148
3 0.5181947515881703 0.5086590203961737 0.009991965825999927 0.017890610214926717
3 0.5030205945623045 0.5134188225960779 0.015045250794247733 0.027661524903941415
0 0.5294155272415817 0.519746313814428 0.016250651637762292 0.02551916125442777
3 0.476413464861327 0.5182428594991626 0.055313927920147665 0.03771131047669524
