7 0.5009515353629922 0.4886736724894837 0.003669967911756722 0.009500683475605898
7 0.5022124372386242 0.4798131218980912 0.001507475940788261 0.008675800682266754
7 0.5022854860314127 0.4804156273861739 0.0014619061916401055 0.008412932508755633
7 0.5553809859061506 0.48631125778389084 0.004623296248206454 0.01151807303753477
7 0.511062087030025 0.47729467126351516 0.0017119666987825966 0.00977579244241733
7 0.5285250721770699 0.47728730963602123 0.0017774866853816906 0.009778985575630395
7 0.6844767755864505 0.46072217434189866 0.014749532765063411 0.03353325379929756
7 0.5568512681918183 0.4343681089416265 0.0054617893422211905 0.02883097598603518
7 0.6076019684505396 0.4343062463939048 0.0060148692094292855 0.028858778671064733
7 0.3204591326801907 0.471295328578504 0.010740473159063124 0.024401831605629365
7 0.28262314403735467 0.4414980889082619 0.006464081498637031 0.02562641366576951
7 0.3010082171509564 0.4463336019360695 0.0057695072615429055 0.02346184001567808
7 0.2750367299973461 0.4612297086436332 0.014984523807754613 0.03309488894380147
7 0.402184432785336 0.4361943477449777 0.005818447894442913 0.02800877910089339
7 0.3530800340812027 0.43625268493836206 0.006318904623217991 0.027982596971957263
7 0.44006018474550357 0.4863592236465599 0.00464828553173785 0.011477422210437738
7 0.44371245143682975 0.479253927336873 0.001744784173418945 0.008919958961074725
7 0.4417064479507973 0.4785759295464598 0.0018091448761765605 0.009216021919533468
7 0.4393273607149911 0.49570607383580095 0.0033807223005981046 0.004145117332832626
7 0.7829781939173206 0.43862824455098265 0.024720208242839603 0.052778474824098365
7 0.6977681322404993 0.4273176962189795 0.007732591096816677 0.032015583436786454
7 0.7221770420624832 0.41813950542839784 0.009038176895297179 0.0361847683598005
0 0.4773636949570926 0.5213866968267281 0.018019011006874863 0.023102586509682776
0 0.20371388816148084 0.5285392680153396 0.05480449175007948 0.03793808972617996
3 0.522983764169505 0.5111717231809196 0.01329572593054662 0.02342863698768055
3 0.5032891237539966 0.5164974189972916 0.018585637170962566 0.034170051254917455
2 0.5247774454855867 0.5070312005456158 0.018320020276241245 0.037502357900085936
0 0.4239972957957263 0.5337613793062941 0.027851085809972365 0.032575772459990326
0 0.534573150574362 0.5226714759262181 0.019632182196983594 0.03035992963047518
3 0.7551490765210496 0.5363326695734228 0.1261199059768946 0.07510228815522041
0 0.44540403050057437 0.5251121297144912 0.02175452573180303 0.022774647943128334
3 0.11507394435883844 0.5275827094882053 0.06339885944721396 0.0398049052586299
6 0.4368641451461372 0.5085888486561598 0.0015981444191847105 0.01247415435694188
6 0.42499600203946486 0.5165085562283929 0.0035338515585230934 0.010970814416345287
