7 0.682183580147101 0.48899949902140993 0.0018441874947631165 0.009563031170849667
7 0.6588660860517309 0.48178919250192975 0.001602410894044004 0.007972889206133094
7 0.6817019859662901 0.4967500205252299 0.002932819227941863 0.00345059019691879
7 0.6267673745004951 0.48907716813072233 0.0016781572993003202 0.009315012448140148
7 0.6266689547669655 0.4805306648361057 0.0017006341066841957 0.008431818250166923
7 0.6273023255753487 0.48107615984164465 0.0016517840237394443 0.008193397535453228
7 0.6201176917940476 0.48669923487190925 0.002092073678830353 0.01136577787866
0 0.49945016500388534 0.5111622525621269 0.01836989025217506 0.01042646449553375
0 0.28272013204073704 0.6059282601296471 0.17050741246575107 0.12372885369767195
5 0.5258060225319201 0.510343421640192 0.009147470565437299 0.010972770783973074
2 0.556318629543539 0.5159408829897909 0.022558473586088534 0.025418820344395132
0 0.5231742895619191 0.5110077328570437 0.009036358486560592 0.008976909302017666
3 0.5898226296549132 0.5074476319629653 0.02326147219583352 0.017294334611259288
3 0.6714476134360459 0.5402989806994224 0.04709871937909149 0.08303198987016541
3 0.6303251412325723 0.5200600141051215 0.015701813608732906 0.029203472435757827
0 0.3023695434847016 0.5737322139126584 0.10211023220502358 0.07762585092108565
6 0.2500535829520575 0.5364695732512424 0.009275013501099827 0.052235634184342405
6 0.35174636509465274 0.5271284786986505 0.006312366483060883 0.038816227161992845
6 0.25387458160495474 0.5088491738277723 0.002045932792307359 0.012659574851303534
6 0.5147482711716113 0.5153920117263916 0.003444255186038303 0.01015420751423246
6 0.7009360581732167 0.5132469631711956 0.0028591977295605586 0.01893030110280569
6 0.543763326509511 0.5096567116957158 0.0017374505165462795 0.013236948758573397
6 0.718939572349664 0.5139837726481982 0.002725988041075711 0.019987696548156908
6 0.7087774903578842 0.5089066613696247 0.0017070601537902963 0.012734690686255767
