7 0.37956883387986984 0.4715082249869747 0.006095157067798451 0.024801036098069607
7 0.3570219665359533 0.4416402448274063 0.006020036502622228 0.025688057281386123
7 0.3686576805246605 0.44651373406026473 0.005425388683188592 0.023513318410347928
7 0.38078483358604187 0.4913474031519822 0.0074694390091287755 0.00891453535515141
7 0.591057848130623 0.4726677320822247 0.0053279903521722405 0.023378139722826596
7 0.5025942601211457 0.4544897208225819 0.0037345612285695218 0.019762071823075156
7 0.5376068070745217 0.45450900124465654 0.003968726474103956 0.01975359744250904
7 0.5876603185006787 0.5170108053501663 0.001019591677082543 0.0032963437482115276
0 0.5903374667449789 0.5158137583896549 0.027116475442191534 0.018838171229163536
0 0.518015622066658 0.5174452481981784 0.021184347132425563 0.017175258772840762
0 0.49995870220908395 0.5854318814473451 0.06528141109806251 0.10408277876654615
0 0.5000278521345564 0.5486033204526524 0.03739387409184053 0.06384828188984293
