7 0.6284796256237002 0.4852699190982018 0.0011517583276036136 0.006363619481161709
7 0.6286196217760327 0.48558620083723103 0.0011267474646385889 0.006225856617045056
7 0.6678144024194184 0.4901957845303592 0.00345674437348642 0.008328049189477937
7 0.6346329524461269 0.4839535441935392 0.0012438144273049234 0.006937415639959865
7 0.647562331041982 0.4838493880158467 0.0012904855922371006 0.006982890593262958
7 0.7118084182944395 0.48184680777028543 0.006749299086469818 0.015494759953468551
7 0.6499266886275569 0.4706393226929048 0.002360849029343859 0.012777338730502574
7 0.6739065286729085 0.4702879576085599 0.002529195390434391 0.01293244171746466
7 0.5317854698470135 0.48566148351511773 0.004989168837444935 0.012213007061278813
7 0.5249730917995699 0.483526938074115 0.005742525856629044 0.01404730363494655
7 0.5794220083512962 0.4719818060752169 0.002355150167213771 0.01218522957064433
7 0.5578505269422852 0.4722944025669595 0.0023997105534157015 0.012047435309469723
7 0.5836157269740008 0.4906117887510875 0.0032203932463136242 0.007971654504850156
7 0.5853397023151339 0.48529526093934894 0.001224912234301212 0.006352420818243221
7 0.5830627102219954 0.4970992514521385 0.0023527144766616326 0.0028817861249595955
7 0.7158170141830652 0.4668843752531608 0.0030918774167405516 0.014436568676275185
0 0.6110675844410947 0.5125432541110595 0.010162161610570042 0.013589501789183278
5 0.6629717392911609 0.529660164534229 0.017447809360809807 0.03195652099646451
0 0.13497085895176691 0.7129152568350474 0.26994171790353383 0.27273841112854935
0 0.629281980837189 0.5101507991609973 0.007785121379026538 0.010092158093944481
5 0.857341102107517 0.5393581124576683 0.041699653458856734 0.041597405873206816
0 0.6212055453505188 0.525025688767025 0.01650113893722105 0.02476499028552781
6 0.5735247922087624 0.5077656365161713 0.0013053942880185687 0.010007527231774449
6 0.5689086058344195 0.5075151336119469 0.0014652465754640964 0.010779759096786412
