7 0.3872429815157984 0.4736504315160859 0.005497028564780404 0.02294722660225018
7 0.3685472933002143 0.4468720097955521 0.005386803097399417 0.02336834074014088
7 0.378263971155145 0.45094841889916093 0.004903298503318221 0.02155470743081367
7 0.3884278929572632 0.49203285524453094 0.006889660696822009 0.008254597159088717
7 0.5835106030804273 0.4746384360246334 0.0048471838395559574 0.021704915099115374
7 0.5012593835505506 0.4577409336403865 0.0034703171694570045 0.018351025342625837
7 0.5338030374114677 0.45776363504756645 0.003671634054147499 0.018340998440732947
7 0.5803502457306939 0.5158603147752567 0.0009410407513799068 0.003063532501775157
0 0.5734412927685371 0.5154748336863543 0.02601194660576034 0.01839696758255016
0 0.526939677466851 0.5162105314991143 0.02009684539757095 0.015866550581539407
0 0.4987123828659396 0.5897677767290634 0.06866140017628164 0.11083345227781205
0 0.4988712910159897 0.5517726864159027 0.03953154405941417 0.0705123659629886
0 0.203055642247145 0.6277719642064297 0.19790562006924975 0.16792414567669278
6 0.8743955652013938 0.5755942652085106 0.020803963672582748 0.10867139713495577
