7 0.41991665635375053 0.44518762300088743 0.005376667782698352 0.025178493205428032
7 0.42635580811126095 0.4497606178568603 0.004886229180566415 0.02308557734017047
7 0.35986516371363975 0.4484522674000773 0.012427540123101377 0.048282897437657346
7 0.3914099455044887 0.43592567272838545 0.006553707957854649 0.029435972683941103
7 0.3789948707131571 0.4283757828769033 0.0074515470183821875 0.032924942596547546
0 0.16182885152046267 0.5406178686178525 0.08332971012755544 0.033074431100284185
0 0.321171265425404 0.5434602784821787 0.06580425307751214 0.0377326052569098
0 0.1295364372812174 0.5455241348244682 0.08294758402768751 0.033689710325451316
0 0.34249935104163814 0.5408673172433629 0.033301909396204254 0.03206840747052109
6 0.33405810746831177 0.5522876483799377 0.010170216833656598 0.06920782091513134
6 0.7195729731041218 0.5469898911444699 0.01029803211289071 0.06217717971734149
6 0.5080225932620742 0.5558610845137709 0.008556375211584921 0.06729306908134602
