7 0.3254843104128739 0.466232451315645 0.008064861055447903 0.0281832759095777
7 0.28446771043813956 0.43017488732750714 0.007788872951896508 0.030125095134537982
7 0.30485705037972965 0.4368004350152941 0.006852323968348895 0.027177635500003905
7 0.3264234130875857 0.4887057832783417 0.008711119405810874 0.010113835395420823
7 0.32456517796815204 0.519644278853191 0.0010866458457684525 0.0040081862662120216
7 0.5667275678446533 0.46779972401644954 0.0055032722501014986 0.02636836632407552
7 0.46691055291961586 0.4473193872829137 0.00439455168064784 0.022291783465970272
7 0.5063499258217067 0.44734066782556775 0.00422766003014563 0.02228216345465983
7 0.5628792426101479 0.517680299534419 0.0011143211960341626 0.0037090076988267606
0 0.95133230544573 0.5430549498645043 0.09733538910854 0.0678767789677851
0 0.45298449631857285 0.5401346935207213 0.022723983178328078 0.03560226199264349
0 0.17302607334521528 0.7904769179346351 0.34605214669043055 0.4190461641307298
0 0.46438061328943636 0.5302035773419758 0.024832394712741845 0.02991891343463482
0 0.49983404516513064 0.7120372109446009 0.1498240714640542 0.2700160011016104
5 0.6744433793889862 0.5446688428117084 0.041335949036784614 0.04929018454077072
0 0.539433801775522 0.5191816844238737 0.03060309188327537 0.0192914273221233
0 0.8096539906355937 0.5394748925082484 0.07292833536054022 0.04306659518597045
6 0.9817665145782494 0.6312613541879115 0.036466970843501256 0.1946618622619104
