7 0.5744689945763346 0.4771773465113685 0.007306278809867783 0.017958874029732508
7 0.5055322130864737 0.4631102598944197 0.0026435504098097917 0.015305924949291783
7 0.5327364991067096 0.4630895203585119 0.002800934800842203 0.015311663876491077
7 0.3684694735284755 0.48077043836215083 0.006392095038682488 0.014975240461176043
7 0.3532460895841537 0.4773659985240146 0.007697179305883928 0.017852115491990672
7 0.4221443643476707 0.46365675351683283 0.003051036764889936 0.015077293497150257
7 0.3953905085011403 0.4636769692405608 0.003200943984273008 0.015071731290759949
7 0.5904073594262749 0.47202056480221233 0.009179786885308405 0.02231754199714736
7 0.5791630768109096 0.4588732495557516 0.0034328369934295555 0.017151675405035982
0 0.5070613882617151 0.5399129760737218 0.03894485439806705 0.04411216986524602
0 0.40467296986410983 0.5153242311696205 0.03195014670441648 0.020581332752093062
0 0.8121730410434486 0.5587698876001748 0.1282999339138413 0.06067643773777631
0 0.5018967772452883 0.5124221512967237 0.011161361944573733 0.01698050556520625
0 0.4733596236540454 0.5156559540778636 0.020237453076333733 0.021105370671643087
