7 0.594295069253616 0.4693680631906699 0.009631441365751336 0.023308538438279403
7 0.5050140108017027 0.4509799746555659 0.00344251159708997 0.01994508674115658
7 0.540317043237307 0.450989193339442 0.003709698222957858 0.019949561952074757
7 0.3351862155192416 0.4748487967054673 0.008101314742654964 0.01855279727182657
7 0.31080583680920104 0.45438500200882237 0.0044718495528338065 0.018401352909536484
7 0.3224866271914302 0.4569981231565159 0.004122157661639647 0.017257918209188927
7 0.30768269590093067 0.46936372664254217 0.010306384206521357 0.02317782570018656
7 0.39715290267527853 0.4517631333618145 0.0041164845837421415 0.019574432196161173
7 0.36253544615020006 0.4517539025473788 0.004370401897261178 0.01957012787745538
7 0.6237678340072479 0.46006165111679315 0.013160181511915003 0.03122188067779752
7 0.5964531309554272 0.4477398824913812 0.004427354926207716 0.02139489045891302
0 0.5117647362982511 0.5747523631550642 0.07194446470052579 0.08941905797116778
0 0.324892572924635 0.5184196967200964 0.04225377055489338 0.026258302915873832
0 0.5000947100659855 0.512434931014793 0.012435268250195586 0.018952140276363716
0 0.5015535499702116 0.5217382981470433 0.04241422611996232 0.03097604517960051
