7 0.4297810107955945 0.46773122769146774 0.005175060014368349 0.024771400152216794
7 0.4184607914256402 0.4377267007992294 0.005483381949360655 0.025642561491579507
7 0.42511110233428234 0.44267370214576796 0.004974481807620834 0.023475223187291117
7 0.3560046445375866 0.4388867729395157 0.012913026741693923 0.04980242866138779
7 0.3891644363537775 0.4276650693180799 0.006711583557677203 0.030072059312529043
7 0.37622320757943184 0.4194216919732347 0.00765482021969649 0.03372239528893539
7 0.5661644556486822 0.4686126288904444 0.005087599329957282 0.024466015130512442
7 0.5100458829429668 0.4496289149213026 0.00394488186914721 0.02067068717767795
7 0.5649667206710645 0.48825454836289434 0.007109040533198718 0.008721165020698085
7 0.562578299451765 0.5149780799095012 0.0010347051903333293 0.0034466738459215662
0 0.6087378951661688 0.5269067902525881 0.05693950188221819 0.032980640655557836
0 0.5000635555133077 0.600197331407032 0.08873036406307111 0.1446403637523257
0 0.3914469279373031 0.5268331368222913 0.05692013840265997 0.03290502218678215
3 0.3401478306271802 0.613753599369009 0.14628984599932704 0.19476506415409367
6 0.6588930121818314 0.5336187870493176 0.006452797215925843 0.05416851744904738
