7 0.4851067394865144 0.44649317703678093 0.01188477161004814 0.04943687017971138
7 0.3704868000540694 0.4024652028729905 0.008674366649439325 0.0449938613161075
7 0.48264674180218425 0.48554171476046426 0.014077972535022854 0.017398269697440127
7 0.17538877087146795 0.4342093142627361 0.01805403133440381 0.06007168376870581
7 0.060971216881926735 0.3107308372200441 0.027042580145997884 0.08941571676678539
7 0.12661369637601594 0.3529580112900163 0.019179067352282572 0.06835357833698674
7 0.17367426071923012 0.5456975292522153 0.002485106198031606 0.008518147764482564
0 0.7735179313040652 0.5630321963161568 0.0908143332359509 0.06181979044832242
0 0.6801795997612134 0.6152458031794854 0.1334809778637308 0.1251284037316187
6 0.6655426783107968 0.5384762872784772 0.00869765084368379 0.05303713005873556
