7 0.4650587930974701 0.4465499228705385 0.004721245609319746 0.02375641983191562
7 0.43324159535457857 0.4509580680507044 0.009006434774395777 0.04403205341065192
7 0.44508272284219486 0.43829342449082964 0.005638467155110127 0.027507751498049016
7 0.43911340616153194 0.4316700239300091 0.006306052314780597 0.030531327943585762
7 0.43346532612876126 0.5328733971171641 0.0012862276946375983 0.0061021315091769335
5 0.610056405415836 0.5962253160530928 0.040792234627603285 0.09533306838418332
0 0.5026721016267522 0.6942105230848116 0.15246703441367315 0.2947166019337941
0 0.5022335698594081 0.5875850745138322 0.06644029277440372 0.09599336900540656
0 0.6571116773020891 0.6354843049196985 0.12362040792554141 0.1518899053430608
6 0.6139245000242486 0.5597280688540405 0.011493125997269371 0.03615167095216176
