7 0.671190210222089 0.4576144498057012 0.013715017025391352 0.031377918757235945
7 0.5992290375446866 0.43287036602577766 0.00558040281447858 0.02699243151209313
7 0.29304073818981613 0.43911566296127763 0.006039313635968602 0.024195055204845994
7 0.28709942856419524 0.45795906898227917 0.014008777966316444 0.031077709250486363
7 0.40657965745817626 0.4344503075441002 0.005425611093148763 0.026283097674510036
7 0.36039989586269217 0.43448193589175976 0.00587934823959485 0.026268730311556576
7 0.7543536334041437 0.4388581189291505 0.021982856436753462 0.04763044497660285
7 0.6823422071249089 0.426807182157536 0.007066787370140215 0.029719162996266146
7 0.7032403666524232 0.4189298606044274 0.008152611725722791 0.03327875475283415
3 0.8376347282309595 0.7671335525256968 0.32473054353808095 0.46573289494860626
