7 0.4123862251504338 0.44076007134814366 0.005545784259022413 0.025879711888707246
7 0.41917595774126143 0.44569453877533866 0.0050260229629084385 0.02367396013124734
7 0.34832728689805925 0.44231030257915505 0.013212500221151002 0.05053708780078653
7 0.3825625852807074 0.43067741516964025 0.006806566487101873 0.03040849481868335
7 0.3692768536713058 0.42240588017907726 0.00777750308850661 0.03414576259230473
7 0.34973944561519943 0.5357379603595303 0.0017610415372864008 0.006958561292501386
5 0.39513276549163934 0.534807248117189 0.027866201255997647 0.03283594217271768
0 0.7347301448977088 0.5343516287175359 0.06710110207293452 0.03242952495731344
0 0.35190726465421784 0.6234184970635083 0.12141681146062633 0.14652312556561964
0 0.49374288851481685 0.6424776866163002 0.1321329795277273 0.23964805305387127
6 0.6178896354941279 0.532172694637574 0.005867180605770295 0.04225274519995281
6 0.3338558817359354 0.5503394891523989 0.010563476462308208 0.07184438111263947
