7 0.6265386090761922 0.4630779679863174 0.013209765797714379 0.0313071977661572
7 0.5069389413437305 0.43839621899291503 0.004632672341636335 0.026920430745898394
7 0.5543347810926584 0.4383745326755887 0.005110854698399003 0.026930234458162616
7 0.6219596194563028 0.5229637879277353 0.001427252148378244 0.004467010180324915
7 0.29371456076651514 0.47234734600337824 0.010447804177392328 0.023278939806660348
7 0.252770104025066 0.44450746931449636 0.006361781092255464 0.024174495941999108
7 0.27234608884190104 0.4488314384376221 0.005699861970469455 0.022238838909230785
7 0.29266952859485196 0.5170993630061836 0.0009767710702865418 0.0033563980354731626
7 0.2431629537329829 0.46336553722955653 0.01439227026248982 0.03105694700020084
7 0.3630280931737301 0.439897482345844 0.005821178479965605 0.026244722959799238
7 0.3168784074830815 0.4399180824767679 0.006268353748058064 0.02623541914997668
7 0.6329383540651558 0.4323799743827546 0.00647933861752259 0.029634957895244618
7 0.648165029852807 0.42457438898240746 0.007419597537903777 0.03317353167566395
0 0.4641705903321449 0.5148427708735677 0.012982197328532952 0.015344504433721817
0 0.48193642531794145 0.5140297276241226 0.011797564608739208 0.01884046273821771
1 0.4220231372985034 0.503198254029698 0.04116203210442704 0.06061095952707213
0 0.07986777898310665 0.8005144363249641 0.1597355579662133 0.3989711273500719
5 0.5005644190646268 0.8139684565484406 0.12440021536322021 0.3720630869031186
4 0.44545813203807305 0.5222369218250695 0.007787929762210044 0.023519643509328225
0 0.5004131674706114 0.6671787125150314 0.1137515732054587 0.19973648986835024
3 0.4493209859528128 0.5181332763537165 0.01619886565182921 0.026879018441424152
4 0.5011175631470981 0.5156212917425909 0.0034039753071471446 0.016712451423528618
6 0.42968413581728454 0.5219287900616261 0.004251089571191469 0.028920085356030523
6 0.4976892051419103 0.5222703358653729 0.0034310354308962343 0.029184848739328584
6 0.4290268616859604 0.5525535932991099 0.009058426777624307 0.06799606157961413
6 0.3217366557298455 0.55293160446765 0.011460492111434073 0.06859115864307441
