7 0.6849539106735156 0.44738976083260606 0.02026805045356872 0.0462300569492074
7 0.5093044711005796 0.41073985163939575 0.006880566569294033 0.040142019181232225
7 0.5792337714255495 0.4107103221949969 0.007920020949740425 0.040155674155515075
7 0.6783137911136476 0.535429520955887 0.002229959776996693 0.00659137822997613
7 0.22809708269311685 0.4652267253709525 0.014365868697025608 0.030666040608151368
7 0.1505062585080668 0.4233662495623222 0.0102668757568663 0.03436538689377866
7 0.18814904048365766 0.43169444869935497 0.00873827876762548 0.030582574137387963
7 0.12257880370295537 0.44792515218463885 0.02283717407297904 0.045759500213521154
7 0.29917529700058143 0.41392038733347236 0.009398945433686301 0.03868209703331871
7 0.23182090119257065 0.4139478090330456 0.010354996148627144 0.03866944099951425
7 0.8600595247338134 0.39477339822629287 0.045174078603599455 0.09295035737330787
7 0.7046950709200297 0.3970489013902867 0.011260217725834853 0.04646118708239588
7 0.7437628561470518 0.37708171100399845 0.014216043119695376 0.055780679590831495
0 0.4391149559665662 0.52645572744719 0.022577437213290197 0.025799135018637287
1 0.05803486234305649 0.5084754049367239 0.11606972468611298 0.11558928002139862
5 0.9456506457290991 0.5734300054857172 0.07110413430228335 0.07641755028962627
3 0.1824917923496984 0.6268904987218502 0.19641133638231417 0.19777618606562852
0 0.555290989234807 0.6246223835915191 0.10631178211302106 0.15365546875526848
6 0.661244947319618 0.5271167770340084 0.004439427026540876 0.037296689931374805
6 0.7631538591102245 0.527921715696994 0.00640186828829481 0.038424469767595615
6 0.8544519813517266 0.5265079921876314 0.007031310677950708 0.03640146073969597
6 0.5517051013653356 0.5165635023347313 0.0029631503643127166 0.010271733259144766
6 0.20465238641853378 0.5272461760641711 0.00683384424811001 0.03746171539577714
