7 0.4028342452920598 0.4838012650083139 0.004393155255911718 0.019309949081368294
7 0.39060202071749 0.4626646250969235 0.004259015227517371 0.019032994166090778
7 0.39712886778659295 0.4654047554816312 0.003948203841291409 0.017812142744591697
7 0.4039257956132572 0.49931960913278145 0.0057658846966384125 0.006961172356836243
7 0.5690590404960751 0.4843640562189254 0.003960756393606268 0.018398398419531725
1 0.7736325897499918 0.5106169834120199 0.1114054253002329 0.07040501779843034
0 0.4604461484075063 0.5370787104892606 0.024159826385966865 0.03097671109441169
4 0.43117641682585617 0.5330082989719711 0.010042799943454472 0.0277516209209846
3 0.5554902491969226 0.5435590897718161 0.049183939312258174 0.0763608647977172
0 0.5833742648728697 0.5820619607727111 0.04492439060050435 0.06800620708011207
