7 0.4833673747086572 0.4828667393529536 0.0017037415155884972 0.009480405526721136
7 0.4839618544232954 0.48356358586974674 0.0016458393712162622 0.009167391745951936
7 0.5399563152086069 0.4898922357317076 0.005053718774113647 0.012718968529727537
7 0.49096243544660545 0.47991509605655025 0.001908921421634624 0.010808163946172955
7 0.5102564513663004 0.47991326709140675 0.0019018196698642464 0.01080942757243697
7 0.6854219192401634 0.4528787260008361 0.020322810830881166 0.046221339106891524
7 0.5096447986721055 0.41625645725243327 0.006883976689287419 0.04010871563215068
7 0.5796044673352911 0.4162228310502825 0.007936817017924924 0.04012615915514384
7 0.22844647089906822 0.4699825671852077 0.01439516325638368 0.03064590003651846
7 0.1509098379412931 0.4285900822686966 0.010309914024785899 0.03432414072100587
7 0.18853820798291482 0.4367066881468833 0.008772766462695064 0.030549787820790597
7 0.12293282987456253 0.4534031543890559 0.022897754197960044 0.04571663075833343
7 0.2995043765499462 0.41937221875753367 0.00942917090756229 0.038640096699100734
7 0.23217155451032745 0.4194033156105465 0.010393832933176417 0.03862393621301219
7 0.41257814744239496 0.4899183786613165 0.005246248976183032 0.01268972732140633
7 0.41875199386908035 0.4821954260421887 0.001998118860914555 0.00978063500721893
7 0.4157558027140589 0.48140109563659333 0.0020820327448765608 0.010137739247157218
7 0.4118554140020717 0.5002511670014 0.003788964942160078 0.004580464488704805
7 0.8609010021761785 0.40236959030215935 0.04540060345847208 0.09291913386896511
7 0.7051631485795185 0.4028851307613487 0.01130902551824342 0.04642937595645985
7 0.7442860849611744 0.3833969561643755 0.01428664675686675 0.055735907789691896
0 0.47888338029854954 0.5242911959577756 0.013690082416676574 0.01751503146480249
0 0.8366033727903512 0.5520777817797076 0.10499108501262255 0.04971104718804098
0 0.3397061278772929 0.5759790494636885 0.0658933214871239 0.0741464023208297
0 0.5013243353511834 0.5218023342485392 0.012250373723883823 0.017030436905803636
0 0.47621388525102964 0.5267126619865705 0.01689741575630599 0.02187794763872919
0 0.8918065504188453 0.5488869724851513 0.09499288397629513 0.041518174727157686
0 0.5010773500789507 0.5243125813952121 0.009444874330665265 0.01595154307010138
1 0.41412509641303 0.5071373751751517 0.05184774600723385 0.037114603571511695
0 0.48092985266367855 0.5222480303876316 0.011751824441732173 0.01613458682432678
0 0.7964297913929017 0.549581283873241 0.08295856024402803 0.0393599660592554
0 0.500028621976452 0.587499301054837 0.07234553352135098 0.12953980481503857
6 0.1426348321081421 0.5317489286312087 0.007325646993603024 0.03728377707529218
6 0.35996904907904204 0.5227964273848587 0.0034305443528123702 0.02516638441823249
6 0.44635351769481274 0.5175613703787088 0.0021450445598137913 0.01734939255725776
