7 0.38624658579279614 0.4549570559116326 0.009339869911898002 0.03945976089980785
7 0.3488765348704787 0.3940533359698557 0.011009585946799794 0.04725572087453722
7 0.36954796127547423 0.40904190707510313 0.009172999665770565 0.040388847317898935
7 0.015429923836518256 0.2946835108590421 0.03085984767303651 0.1956937589838698
7 0.2635901886761229 0.3562453712420688 0.016773743825878706 0.06486153741744677
7 0.19723533805291726 0.3149386074942665 0.02342453819230536 0.08456055566143494
7 0.6000539348818927 0.4567412281212281 0.008987036646317947 0.03858587314347106
7 0.5125852251861696 0.4268219415989969 0.006246348698826232 0.03269814719932079
7 0.5981196368237882 0.4874750324788908 0.011277674775271862 0.01361959929170492
7 0.594501923169023 0.5291814737040867 0.001678289348643447 0.005401952766405982
0 0.9224081679707399 0.5547370821719722 0.11270646582832067 0.07314158206344357
0 0.7078994506797688 0.5955304806056574 0.15639592370061206 0.10312758125970822
3 0.12387703623504187 0.5482169920839954 0.09732554448745916 0.0700498194737571
6 0.6500410183846659 0.5469031604792463 0.009022652758330918 0.06013781586031841
6 0.9671425761645516 0.6946311038180607 0.05934908246406723 0.2834722083497705
6 0.9319214677387323 0.7022040921813837 0.04230342591802505 0.1779587465316027
6 0.01633467972981138 0.7299345101386838 0.03266935945962276 0.3328838991815639
