7 0.6075555495711615 0.46861225238665816 0.011095427214593112 0.026627093037016047
7 0.5056486870046092 0.44762605736443706 0.003935484150074275 0.02283229137508197
7 0.5459811772400794 0.44761871514833323 0.004281253597407497 0.022838060578632358
7 0.6036427027331663 0.5196242145229257 0.0011916645797235281 0.003801133455057726
7 0.31703062939239457 0.4755440017633158 0.009100048295996921 0.020595629513035008
7 0.2860872062019211 0.4520707554051606 0.005236189598499752 0.020832038378697848
7 0.30087724539592475 0.4553336419990267 0.0047698293254127 0.019378391235213843
7 0.28055999632679396 0.4687623511212441 0.011969250189864833 0.026457696785959828
7 0.38272435668122384 0.44869105300357526 0.004806051750467721 0.022348115379555944
7 0.34328095628494104 0.4486979657211819 0.005133014505952493 0.022342596388502833
7 0.6482345134725587 0.45613248733208744 0.016042877482117524 0.03748198657395335
7 0.61124007358343 0.4433583517383083 0.005236369856648104 0.024752251708298645
7 0.6217310973050962 0.43797690185517296 0.005843443860131248 0.02717382196120821
0 0.45490984802793166 0.5183291704093097 0.013601456274662638 0.01861304234163952
0 0.4809819464768781 0.5142806165995604 0.011610391095982164 0.01915879558829936
0 0.6973670056001255 0.5283581998190903 0.05646961269075612 0.02801744633343728
0 0.10285831315449899 0.616456619893428 0.2017894015819003 0.13647703398712951
3 0.48264995747624184 0.5125334184947401 0.011725745936737975 0.01930317863012898
0 0.5000878998073368 0.659883044951764 0.10935772469435945 0.1733890528459141
2 0.5006586296750742 0.5768056154582002 0.07896891629184721 0.12896345832553513
6 0.20887686550692375 0.5231551342498717 0.006268074987702821 0.015510313804697917
6 0.40952212059080584 0.5118657216690992 0.0024853026742461815 0.017444323564286712
