7 0.49934251547072545 0.4795231042329432 0.0015555188071122439 0.0089530166083292
7 0.4994192513901611 0.48016184599234524 0.0015070416161261924 0.008673342695536768
7 0.554375245367235 0.4861903592496851 0.004790098851194635 0.011924027505399837
7 0.5085030710499743 0.4768424095642688 0.0017741001904791887 0.010128143004750512
7 0.5265860009297079 0.47683934168943576 0.0018436344156331774 0.010129483046228294
7 0.7012549458468171 0.4569861520289714 0.01655160348255691 0.03720953529158927
7 0.5599382580305763 0.4275993633912337 0.006135769934285551 0.03211418158775253
7 0.616266421205801 0.4275695960058945 0.006810127129124766 0.03212768140263217
7 0.6959102225273315 0.5280362298697417 0.001831444266033433 0.005307618303879158
7 0.30278918875153327 0.4694241555168006 0.011754683799424737 0.026394197635835837
7 0.25736240414498135 0.4360565433345991 0.0073667133719547695 0.02828453474218401
7 0.2794757113188128 0.4418572357297628 0.006489967608393599 0.025670618008832857
7 0.24648634321317936 0.45738645421903007 0.017003415946312966 0.03686067704551321
7 0.38821573763608097 0.42970481728364285 0.006591409512507307 0.031158717484416842
7 0.33363305552706485 0.42973283668447027 0.007216242522820826 0.031146029540706
7 0.4349197669951266 0.4862224437878796 0.004829543332698083 0.011896549212539298
7 0.43888778466219724 0.47891456666406185 0.00181100474599738 0.009219604769784617
7 0.43674425693099195 0.47819203796683823 0.0018803756774226632 0.009536257126327108
7 0.43416781247431463 0.49591035948647977 0.0035101827551166087 0.0042956777073479
7 0.8305872230430025 0.4282057526087062 0.030102573711080716 0.062498633475109144
7 0.7187482774082661 0.4189554162146508 0.008984762821150127 0.03605145422672912
7 0.7500153120315063 0.40723916232058444 0.01075675613813376 0.04142528752500835
7 0.8235053422043972 0.5456973403839751 0.0030652824139879575 0.008797548194776073
0 0.47877722478562035 0.5126924536546006 0.023541196368748074 0.012267296745088752
0 0.8058929490735273 0.5375455886765756 0.0654789551794226 0.031875254101912054
0 0.4208285752749246 0.5768326115917641 0.08163158698074202 0.087024976081021
3 0.4343278593695373 0.5109835301281168 0.02018908271107378 0.015374425390723978
5 0.5005375644198331 0.8133601689453216 0.10186727817614727 0.3732796621093567
0 0.4731347611500515 0.5222752438989204 0.016920242835536392 0.02417584405910589
0 0.50158177426882 0.5166720859513597 0.010996246620035954 0.01402488484085862
0 0.5219493276863422 0.517172689395851 0.01149910774924967 0.016349773678677404
0 0.520744374263644 0.5160796074598062 0.01288218058504198 0.016827787584788978
0 0.4803158260471867 0.5117826150070338 0.0209027478387922 0.014857580016308214
0 0.8378233688783362 0.7738487351595718 0.3243532622433276 0.4523025296808565
6 0.5709265922819655 0.5258584063941469 0.004289592635283057 0.03285064931160819
6 0.5199375116588425 0.5252396545604334 0.0036600185902296856 0.03208242471314782
