7 0.4659584177786137 0.48662631840231996 0.0021890461740139977 0.011919750668707985
7 0.4646401132495258 0.47511932845649374 0.00220950991591512 0.011035207045087092
7 0.46593392082591895 0.47608060940498914 0.0021209946120613887 0.010613389055279199
7 0.4533074390793984 0.482255861742226 0.0030302171789084453 0.015725591040474385
7 0.45607810192317905 0.47341820508763477 0.002392643071444045 0.011782328981583101
7 0.5325648409335014 0.4869671045016971 0.0021849002614631186 0.011849020717939529
7 0.5050523211656919 0.4777403679419511 0.0019072746476979097 0.010000073464396131
7 0.5320005740929952 0.4965620109275989 0.0034241210992336235 0.004265952632832082
0 0.5180940187654693 0.5371248624861491 0.045242679689767196 0.03537282976537692
0 0.4732527229076061 0.5240861003028676 0.016884186304870485 0.02021572249362602
0 0.5003190161911053 0.5292311718860703 0.01788099282763861 0.023351922347517484
0 0.5001504308914573 0.5229170782275323 0.014783951414754193 0.022325506376961513
0 0.39660992715523025 0.5154100099315052 0.025399038232877535 0.013093439203190504
0 0.57859319869507 0.517783893754294 0.027705590611937225 0.013155694196186896
6 0.5630955356485972 0.5175720830884984 0.0033494557643897194 0.024223228795218543
6 0.555192245160707 0.5114561089882934 0.0023781361158189407 0.015552368940441874
6 0.2979774121433037 0.5150652238375357 0.0032812243637548866 0.020662105701099276
6 0.5038659033482478 0.514311070278396 0.0024058446342664075 0.009036282177629862
