7 0.4575727576373657 0.48209186671234106 0.002767416621687613 0.014548215565965084
7 0.45981499216763994 0.4737311343627508 0.00222189334484979 0.010990779730021272
1 0.4998865941339208 0.503068075510654 0.03365721968996538 0.06452129629412456
0 0.4740659190201937 0.5143134097136313 0.016826558004898517 0.015611519881166935
0 0.4073974788498295 0.5194294455898556 0.025794527298088288 0.031215772980496048
0 0.46652458567220245 0.5248620778303585 0.021789663422851824 0.03470119857550902
6 0.548767241287545 0.5121652543351015 0.00204787497652692 0.017530411406241564
6 0.3541977835170363 0.5149729252134491 0.002747859313512069 0.013101158465548046
6 0.3135324877380028 0.5124550418731828 0.0029723723028977633 0.01911328181943872
6 0.42567779511901305 0.5144692291796142 0.002348318224737689 0.01979581213792092
