7 0.5747690674362758 0.46916225144033663 0.00595893916716006 0.027822095476893793
7 0.5110496195697527 0.44757593637978305 0.004494477199983304 0.02353194570682915
7 0.573400643783672 0.49148186070430855 0.008106707057064177 0.009899664583772116
7 0.5707108345698082 0.5218386551673175 0.0011860646224506333 0.003921302288303785
7 0.4197390237526958 0.46812654816062493 0.006088783548704235 0.02822355196857912
7 0.4038229631004743 0.4323212398979733 0.006582538880449296 0.030201299984752628
7 0.41289861228248737 0.4388114461792553 0.005865525387337922 0.02723956115132964
7 0.3105237155166689 0.42744059302637594 0.019106590328940964 0.0660260156469365
7 0.365434089897362 0.41851900666656644 0.008403917563341134 0.03654039616271487
7 0.3459331389368517 0.40656936464119997 0.009915201118849915 0.04207309850220692
7 0.31319826762020675 0.5481374947892239 0.0024648722270132484 0.009014510492395877
0 0.24056464137835643 0.7308254668627194 0.28404042895656245 0.3088696138600694
1 0.02408044146354162 0.5 0.04816088292708324 1.0
0 0.49998724565078434 0.7394288436671637 0.21119148403157412 0.34058749462574234
6 0.8543361324181131 0.5602220445206679 0.016123007203354578 0.08362775586986015
