7 0.696040168954621 0.45953402540505056 0.01611336135045205 0.0363136899343357
7 0.5580624422435165 0.4308444922985691 0.005976614003472602 0.031328454916182524
7 0.6130442547192991 0.43082324799572225 0.006621217138582658 0.031338117895398754
7 0.26187427294569315 0.43888929265854626 0.007179159480779962 0.027687920127809795
7 0.2831345714876109 0.44446149952254765 0.006342235977690958 0.025178164508305734
7 0.2517728712593319 0.45988118581159704 0.016576228850273933 0.03601041703617369
7 0.39029983038582894 0.432830495065856 0.006420312923538285 0.030427813407456872
7 0.3369401351882992 0.4328505279654259 0.007021419263161133 0.030418713270869924
7 0.8173172565459376 0.4325580288857774 0.02871515000547853 0.060013094730333894
7 0.7124535490722876 0.42265542754721197 0.008680375876615742 0.03505479627918917
7 0.7419526749240131 0.4116068325153508 0.01033157115999972 0.040115135688571
0 0.8130333604931683 0.5398935056283002 0.08102864473373639 0.03758549684353096
3 0.7812101595558139 0.5432035773013646 0.1376165010980771 0.08503719064447723
5 0.49995645544703643 0.7733595878672207 0.08559692852647627 0.3181450931141925
0 0.06800807384980143 0.5518856363987281 0.0954214283068343 0.04315303921617486
0 0.12252364400780676 0.5356905663632172 0.0777932581874908 0.0440754733663179
6 0.0902195984449306 0.56117888370728 0.01740062437272895 0.08479647223258946
