7 0.4142144123760005 0.46508149745108757 0.00667248025824152 0.03038084965413801
7 0.3950360987848474 0.4249148756047719 0.007315436527709829 0.03317851632511515
7 0.4058429065021991 0.43274843720104983 0.006443039022774544 0.029638572053046874
7 0.2758962920734362 0.41195006830295666 0.024643249738819706 0.07913632706506057
7 0.35004961437879056 0.40776932888367556 0.009609078632148327 0.04098805267288402
7 0.32524538776382744 0.39235905867631166 0.011614463627766858 0.048078347300541724
7 0.5806431601369743 0.46622409425451067 0.006519098881447194 0.029923346081683566
7 0.5122725310559908 0.4430335369146792 0.004833411769764706 0.02530467652089874
7 0.5791664753625456 0.49018716713008126 0.008723659975172438 0.010628379446834757
7 0.576291439942975 0.522762110355597 0.001280603500793287 0.0042093208596937215
0 0.500282738524357 0.6501737815874495 0.1035580454610579 0.18243199947094768
6 0.45837629843172367 0.5839643984346579 0.013087213801795172 0.10860628782043513
6 0.637794070136767 0.5388560888233412 0.006855824408275368 0.049703266298907645
6 0.6796043933698048 0.5270398281890889 0.005975666835142168 0.038476183766689265
6 0.6272197579224741 0.5337556839413407 0.00599066137973614 0.043347103369251405
