7 0.5773342671215362 0.47005824907314153 0.0061815988367647234 0.028609792444516946
7 0.5117594194886562 0.44785415785467164 0.004629429792115891 0.024218036237467766
7 0.5759221107912738 0.49303036910916453 0.008353080275666724 0.010180055747899652
7 0.41776984710685494 0.46901355325412286 0.006318014023177665 0.029028054557026506
7 0.40060746903867656 0.4321613226256887 0.006867805591229348 0.03133589518771085
7 0.41034339615608895 0.43887089313761685 0.006091837275942424 0.028159131653329783
7 0.4175875566156517 0.5241692509963195 0.0009103562688126954 0.004146684921236821
7 0.29785100354080485 0.4268989290178841 0.02110070818589338 0.07060904305924243
7 0.35971244825423426 0.4177319388531374 0.008865418336441055 0.03821340693933378
7 0.33824871221439456 0.405055903028537 0.010556911439065342 0.04430649560408112
7 0.3009946016155538 0.5558382580674104 0.002697587066209761 0.009666034190741635
0 0.4735193232888002 0.5412330203612277 0.0502811903165139 0.035724773361213824
0 0.5597164204904991 0.5432213500342427 0.06903567763471874 0.04461496798859177
6 0.18551038783312784 0.5305367277365974 0.006650139845238684 0.03820463319544665
6 0.2740119734932076 0.5807786095694694 0.016746971135044808 0.10434831781241993
6 0.7454193764228204 0.5714925795018291 0.01616377155098947 0.0930232861213709
6 0.6618465443048166 0.5456209452954142 0.008389717207577307 0.05559732386125138
6 0.012245725807879913 0.5283578737439488 0.008219319151501644 0.03691526632024278
