7 0.4849736257121894 0.4817875673225408 0.0036976367074046945 0.009449686336342411
7 0.48518376737983593 0.47306369917496516 0.0015541322444772576 0.008618509856574641
7 0.48568067258288783 0.47362702710901816 0.0015061023569890586 0.008359220031129544
7 0.5361910735804555 0.47946918040475217 0.004529984685182287 0.011433382775000778
7 0.49218982101767306 0.47068055708575274 0.0017215475115996415 0.009701415249171064
7 0.5095097435738805 0.4706145495298116 0.0017132659173171305 0.009702888777708973
7 0.6319749873836538 0.45638725975680194 0.013848375452861328 0.03272593966010756
7 0.5071137646435331 0.4310682511673063 0.00487063078693073 0.028148665243555915
7 0.556615966636857 0.43086521027266617 0.005377351234975514 0.028161032230973992
7 0.2869463892554518 0.4668623333509623 0.010913159816323292 0.024056345545049207
7 0.24278360486929973 0.4383603218542972 0.006797449267877148 0.025154396126587097
7 0.2638846325733543 0.4427271484810903 0.006058150840366094 0.023066779445549634
7 0.23188708506096634 0.4581368410556045 0.015252290445360972 0.03244009903903983
7 0.35695985213820935 0.4331754150347901 0.006202160471042106 0.027406376213939376
7 0.3088113433904661 0.43337235919212574 0.0067012911891596305 0.027394667533484407
7 0.4218062962836481 0.4799145738275479 0.004695473258654548 0.011406524303581078
7 0.42666246104766037 0.47274049381077166 0.0017984374145341153 0.008864344542244995
7 0.42420472645946905 0.47211320385868394 0.0018659330031235433 0.009156463248312596
7 0.4211488814560361 0.48919347404051755 0.0033933866169647553 0.004124469643387529
7 0.6393110338310475 0.4243014164638526 0.0068763586148374856 0.031132679109151518
7 0.6561631973297927 0.416002920512031 0.007943528347952755 0.03505831412366006
7 0.695936098460009 0.5328430163951625 0.002009350030963697 0.007170543903115667
0 0.48345779202533795 0.5071827173291793 0.011853469813345563 0.01692845425170031
0 0.504629547631503 0.6570983401210104 0.1087851230262879 0.19978969926414536
0 0.4882585086710324 0.5046196957337399 0.019518466007415025 0.010794983534378355
0 0.7438901005652153 0.5274869524537475 0.06901218009471788 0.036449331468118795
0 0.5017924433966174 0.5079762650171189 0.01060433458041038 0.014900970718121798
5 0.7768087933446716 0.5260701490565816 0.029135414022899875 0.030317574558997085
0 0.4352330185137384 0.5040895137295015 0.020117876662572864 0.011724503142821696
0 0.5004156317822508 0.5156122874105338 0.01537798021190262 0.024191106138841123
0 0.6317262818300663 0.5341361139042229 0.06946584726733573 0.04822956571916903
0 0.22583332485273133 0.7275797117987287 0.3255365759256067 0.39080261287302
6 0.40783472791197817 0.5064083873558592 0.002651333846958648 0.018299292454332317
6 0.38892213317122437 0.5059009257714318 0.002312107614735659 0.011023746777571009
