7 0.4135682739164921 0.43992673700257834 0.005847227277104405 0.02715950183281529
7 0.4209947104714108 0.44530588631395573 0.005272854874869781 0.024740257601510718
7 0.3418228650153935 0.4398933328896987 0.014734045002412322 0.05477604475469339
7 0.3813725160575586 0.4288217542375816 0.007256889382605991 0.03218000830858708
7 0.3664372558166601 0.419556302614181 0.008367520846472187 0.03639575698577008
7 0.34350992445210105 0.540872097088379 0.001945777326763487 0.007527932351365285
0 0.7851296775809644 0.5373744459452221 0.0787643006444334 0.036080218265631236
0 0.50006060333598 0.6592675687963367 0.11321244004750058 0.1736069194321711
6 0.1017294473758481 0.5384264165729903 0.009600710576643648 0.049684958104113
6 0.5986362308494256 0.560430607615158 0.011902892343543137 0.07575007784792209
6 0.6716168478354005 0.5667147748289236 0.015771690602887856 0.043694142867912844
6 0.5830199580109869 0.5752954752507803 0.01459070671028495 0.045779466392914525
