7 0.6560252081499105 0.46757639213814184 0.012428293910883403 0.028773844449946295
7 0.546301231400604 0.4449025389270912 0.004626263245109952 0.024703517739100234
7 0.5898895356644711 0.4448868448088727 0.0050307580178358124 0.02471060281544657
7 0.651855803400055 0.5226697118328743 0.0013571709540940446 0.004107764138378989
7 0.3027859222274243 0.46780618712492716 0.012721176142606871 0.0285731400653208
7 0.412805063058838 0.44616159869285976 0.0049162710626557415 0.024136768499956107
7 0.3702570722992512 0.44617657108016323 0.0052971730103123504 0.024130014803697586
7 0.723127392471731 0.4526071834608374 0.018899827502238176 0.04187969543175191
7 0.6647843570999168 0.4398836733309569 0.006234658735141507 0.02696741439355449
7 0.6819014627548035 0.4334809744323148 0.007079166352220612 0.029866862487653634
7 0.7196850797791714 0.5320440111649457 0.0017448629248560943 0.005928582429932883
2 0.50047818404859 0.5444984264357733 0.10140675810240496 0.21578358260418162
0 0.5006563521489664 0.7043717294962175 0.14547160655647945 0.2692238344071515
3 0.17045300763932908 0.5269844371811258 0.09032302653268795 0.05844117274853705
0 0.627358872066875 0.6119221715077889 0.1048074100991242 0.11413082800620178
6 0.38155328878875805 0.5588548801216546 0.010951950488158113 0.03537025344188427
