7 0.4162859588782623 0.4277511977098818 0.005874897092136844 0.027229710291611642
7 0.42372344391637706 0.43317802352397333 0.0052955942583493565 0.024798802242860463
7 0.34447587670739954 0.42745734002992875 0.014835672895154917 0.05494678211442383
7 0.3840532421493798 0.4165540156076757 0.007300321074446781 0.032271630458894085
7 0.3690857658726999 0.4072014281207325 0.008423669810462275 0.03651222254352937
7 0.34639314466485055 0.5285744676255526 0.001955510123245574 0.007523178709660461
0 0.3300835915960929 0.5405291202352575 0.08777860366044826 0.05521036759133424
0 0.4278985830578861 0.5230937523762983 0.0590749504389832 0.03205330368941062
0 0.7543892295376182 0.5250569069994999 0.072943466102389 0.03815485781701611
0 0.5033267277584268 0.6467822021972964 0.11376581375103412 0.1737342581625564
6 0.43871094935270055 0.5500564699581365 0.01063883562314738 0.0809979782028124
6 0.6963051100912285 0.5578605153770153 0.016232222331192037 0.09782108366341258
6 0.7526256086665666 0.5670856420319152 0.01971138597690092 0.1109638355200292
6 0.4669668651546519 0.5480139649101254 0.009617087757670117 0.07890033530856433
6 0.08879123966010302 0.5638523003594469 0.0205225166436276 0.04688973713383082
6 0.3649264793222792 0.5452521143724164 0.012150677172127422 0.07890760538435626
6 0.024946197550363446 0.5327299744051078 0.013846059616087966 0.0615718754700425
6 0.6630190334178816 0.5288709845099664 0.008337615042787294 0.054813941886151185
6 0.42739189130346245 0.5453809521956818 0.008998975551707755 0.0767089829534654
