7 0.4989269335190837 0.4778665527130216 0.0015409438652084773 0.008868974780026517
7 0.4990027580262438 0.4784949800062821 0.00149335615128654 0.008594446595987681
7 0.5533740250655632 0.4844833287946535 0.004737662319994063 0.011796862804384411
7 0.5079913147297608 0.4752334704999873 0.001755083600633145 0.010020562504842456
7 0.5258818040482964 0.475231116252578 0.0018233943993090085 0.010021568703908246
7 0.6943351952179819 0.4564204508426237 0.015951681193495326 0.03599636672630174
7 0.5575806970069017 0.42798304694617695 0.005918038651826607 0.031055331580474188
7 0.6120763926975058 0.4279614682524564 0.006551539243381477 0.031065021838865226
7 0.6891293396200248 0.5251682178352763 0.001761898628055869 0.005132978626336215
7 0.30683800803049033 0.4682044848163105 0.011465061948447819 0.02579257485400882
7 0.26378309293644897 0.4359201848352502 0.007103924436864195 0.02747348494882057
7 0.2847247614320563 0.4414245621767706 0.0062825719642114475 0.02500073356229343
7 0.2539984039982267 0.45676698614387556 0.01640559592970453 0.035696570876142364
7 0.3912776346508128 0.4299421287443882 0.006354632529975535 0.030169537451646633
7 0.3383784650165509 0.4299624927637968 0.006945519070561901 0.030160407249533172
7 0.43517736954658237 0.4845123767430193 0.004778621613389322 0.011772325256782012
7 0.4390495558026632 0.4772661956449922 0.0017929765172927103 0.009131437935758713
7 0.4369468910297721 0.47655602697893723 0.0018609546244348074 0.009441960669213434
7 0.43443215670722773 0.4940992652813254 0.0034732887824536762 0.0042509626199949135
7 0.8127693586477456 0.42994230832606545 0.02821744340229071 0.05915111374953186
7 0.7103944127435102 0.4199213065026623 0.008568879090164683 0.03471374624070711
7 0.7392745476343074 0.40907266387680297 0.010177217715681475 0.03966909927338119
0 0.7729383509378365 0.5111892253840133 0.02606555084208695 0.011776510439354237
0 0.808297412364692 0.5322046103883398 0.07449281996090029 0.044032343480586045
3 0.9362416225398377 0.5389414062684948 0.1018803348973083 0.061287426071348294
0 0.4725228191959112 0.509918653301572 0.015396431552373635 0.011257919915845349
0 0.5000000001049936 0.7225570906315906 0.1562156209095351 0.28457476199094356
0 0.40721270909324947 0.510319631963722 0.019405503501563004 0.011108609371937916
0 0.7842405596988746 0.5277223986124713 0.08007773840174348 0.04446971854023607
2 0.05363786798412029 0.5379722427171365 0.10727573596824058 0.06277374072095099
6 0.2337365368181619 0.5205595215432783 0.005586664350629322 0.031695790588563644
6 0.4015643896783679 0.514292663819005 0.0029405996880890184 0.022750804257082313
