7 0.4000733576960891 0.45980262975342145 0.008166805228592644 0.0355967708256415
7 0.3713480974491354 0.4083789749158918 0.009309221880471452 0.04094707093068228
7 0.38728453597459356 0.41992325216178683 0.007951708942625924 0.03568794431188255
7 0.3996682915086842 0.5269930868383745 0.0011606525046469751 0.005061754821200304
7 0.15079761963186128 0.3622526324672357 0.04955452609228711 0.12764584370298604
7 0.30608474531068364 0.3810935581150148 0.01323200460857582 0.05352758912762556
7 0.26229707806216285 0.3538834923278533 0.017203793329992667 0.06628313323115614
7 0.16161988488373338 0.5850131134532495 0.005835823835156795 0.016696534584610845
7 0.5940217059362252 0.46123502073316314 0.007936517999806658 0.0349747563681479
7 0.5144596797399971 0.43416516074725775 0.005654149921582974 0.029589436267638214
7 0.5922798413713752 0.4891578685454072 0.01022135757042486 0.012377308958004318
7 0.5889656660315241 0.5270776474493661 0.0015126289936907567 0.004906594296980038
0 0.8939438605021506 0.5547698426507679 0.11962480281773114 0.052983177298761897
0 0.997088057814437 0.5563323002653415 0.00582388437112602 0.07453183293989307
0 0.8416531797625988 0.5474676212848449 0.1064138731759583 0.047857354822234965
6 0.4371937722380853 0.5311464937930235 0.005289446155970434 0.043507722605430454
6 0.33711937213452775 0.651732399545538 0.030271210971080986 0.2088260087280508
6 0.40029317409925946 0.6428946511153779 0.022100511078747165 0.18590451145168607
6 0.014879452486036443 0.6461863823104854 0.029758904972072887 0.20956447939231237
