7 0.48974681497309996 0.4928039990141705 0.0028596300557732768 0.007335854745529391
7 0.4901185572572992 0.48625178449558526 0.0011713929123327027 0.006573768526907053
7 0.4904195604217978 0.4865922434359033 0.0011437180003869285 0.006421725186699367
7 0.5283573440011595 0.4915282029241719 0.003337608154430405 0.008481038490316728
7 0.49565105371403606 0.4848824984579319 0.0012648587682568824 0.007186234939180802
7 0.5085168246684995 0.4848824060639532 0.0012591165443702756 0.007187418576733329
7 0.5681775183029456 0.4826656043109731 0.006653647870881185 0.01641631526503018
7 0.5050875729976889 0.46977746307203366 0.002416687460939815 0.013977896974641024
7 0.5299742085767134 0.469772455266413 0.0025484803596039773 0.013982381696791668
7 0.3778926562897934 0.4854486757984779 0.005891159998550222 0.013888960074151968
7 0.3652527778404764 0.47149538369550675 0.0029547334510491297 0.013189412923344412
7 0.3656282895737637 0.48272185172613635 0.006983511834982303 0.01632981481880652
7 0.42870446167560133 0.4701828810041544 0.0027594049332509973 0.01378786108836616
7 0.404191957207762 0.4701876861416894 0.0028851686138828825 0.013783502309206441
7 0.44329029119077407 0.4915312875933583 0.0034219260527175166 0.008463169677229654
7 0.4457597991554343 0.4859274399311888 0.001308666034655015 0.0067147375453271985
7 0.44434445914951776 0.4855547655693734 0.0013445821745685649 0.006881151533986052
7 0.4427350263058504 0.49842677991253737 0.002493491390847702 0.0030616353465910406
7 0.5681621077347219 0.4682349693641128 0.0028860450197405463 0.014681100245180712
7 0.5717417651663383 0.46642562756450034 0.0030660901061781987 0.015500640262996301
0 0.5025134430883421 0.5121797532977279 0.007722599536738928 0.010579055564704287
0 0.5027853561060804 0.5123942894964639 0.006752287788655886 0.00844991061375222
0 0.44767834005920726 0.5234889898151767 0.03641997789743484 0.019860010463435884
0 0.48953246690120156 0.5118635815696079 0.008888913845717827 0.011342530796320194
0 0.514455008425876 0.5109020441957909 0.006871944503187066 0.007645546901408062
0 0.49367619288818454 0.5104689586654223 0.014986179707712266 0.008238952127805343
0 0.4689289057943552 0.5153201535460349 0.011809449995447474 0.014440004387236804
3 0.48736302016788957 0.5100119560747741 0.009248207018354049 0.01944792424110009
0 0.4609940022080398 0.5374497379757468 0.025101255421063118 0.03316998123742432
0 0.45264154966625336 0.5155191289324272 0.010528212658273917 0.012582750827162092
0 0.1593804620240014 0.8096384323877248 0.3187609240480028 0.3807231352245505
6 0.42566008590552207 0.5111908839152535 0.0019530771550730353 0.013707650680608752
