7 0.5724352340461603 0.47009751507785347 0.0058468347009758 0.02739636432273057
7 0.5096500522290102 0.44882051475616047 0.004427739905656591 0.023182911380767612
7 0.5710888479843982 0.4920878375943286 0.007981003610096904 0.009752785728423585
7 0.5684373378346647 0.5220016106436542 0.0011669134161198524 0.003864270897135813
7 0.41963114446366345 0.46906626855327255 0.005981509843522248 0.02780663099694536
7 0.4042924416001765 0.4341482309057174 0.006450375415313903 0.02964472313083949
7 0.41306301504862686 0.4403611606532785 0.00576005738760621 0.02678595065107847
7 0.31519899793765516 0.43082438707179704 0.01823913290257778 0.06379696033811671
7 0.36704968966011897 0.4209993320654978 0.00819422054636254 0.03573223312236706
7 0.3484289410326438 0.40969651419825304 0.009626986200097831 0.041005465941139685
3 0.49749437544241776 0.7725768416127142 0.2610355957453202 0.45484631677457155
1 0.05017096769003162 0.5 0.10034193538006324 1.0
0 0.26296227570484026 0.7190968738886664 0.25688133416921477 0.30448527077017906
6 0.31375832107690627 0.5685670165072457 0.012689053783869142 0.09301337620483285
6 0.6220060320425871 0.5334826850645069 0.0077916001580216054 0.021489950748467157
