7 0.4864049003776528 0.4839192819172256 0.001384027347571426 0.007744459405850113
7 0.48681217279980604 0.4843888287075434 0.0013455532653479096 0.0075343081109400245
7 0.5319117563590844 0.48993807921951293 0.004007451171720078 0.010146409693290004
7 0.4928011677857299 0.48199010092436356 0.0015166320058285776 0.008608355865894313
7 0.5081940813983346 0.48198718651393424 0.0015106168595168112 0.008609163113285856
7 0.5303964935637611 0.5094812934380256 0.00041897575167004764 0.0014506681450341397
7 0.5972401835354668 0.47442836293566315 0.009959909362672548 0.024056414127178294
7 0.505049232598163 0.4555049043741537 0.0035528634813518645 0.020590801040247075
7 0.5415066903308269 0.45549215147218325 0.003836180756242591 0.02059543181026008
7 0.33079792562842325 0.4800433281562628 0.00833393433600721 0.019023755394384223
7 0.30495996003477316 0.45911660457849995 0.004643635988972994 0.018950150872177773
7 0.317333100491646 0.46177577402683034 0.004269023793103843 0.017739620278553525
7 0.301308320821537 0.474602636280158 0.0106837823499355 0.023918714629525162
7 0.39371875548270185 0.45637689746705323 0.004272950462612557 0.02019636970562233
7 0.3579876190702887 0.4563892064263979 0.004542108575937287 0.020191920989324708
7 0.43018323647669815 0.4899663513738332 0.004130192853763037 0.010127756020072654
7 0.433927214379905 0.483478170003027 0.001577018344773029 0.007943636724161651
7 0.43195049664212487 0.48295588769040776 0.0016292575431090528 0.008177595993703268
7 0.4295545552148393 0.4982159944498298 0.0029996044535019473 0.0036603597452449788
7 0.6290777481119247 0.46498366111556133 0.013781454268790294 0.032580915419323564
7 0.5997067891442782 0.452110800580776 0.004602813056948762 0.02213942396549079
7 0.6080473039061869 0.4479266568451792 0.005069003568290209 0.024057092409996483
0 0.5010282953241014 0.5149296191447263 0.009426187907169425 0.013006630893080295
0 0.5013378633086597 0.5150062531677038 0.008122541627390734 0.010261847195738083
0 0.619740715280098 0.5361048963485961 0.05930441876742876 0.031259433327010866
0 0.4851935450528805 0.5145440412561633 0.010943555241249514 0.01392187000921763
0 0.44951460446004937 0.5129019531415565 0.008601755995357063 0.008991160346775162
0 0.4566138734459346 0.5123683505164274 0.018058636194840494 0.009663643536961586
0 0.4576414304449635 0.5198542391852787 0.015801418231906672 0.01890186757726353
3 0.48204251300957424 0.5126429782477255 0.011813621127864216 0.02453000799809657
5 0.6604093583729749 0.526697061023568 0.019265301320404493 0.023032562600010298
0 0.4063211029381524 0.5861577822364981 0.06897821024227307 0.08596425014895803
0 0.4365875507115858 0.5201106126457785 0.014422033287108227 0.016507772427677425
6 0.4282900525085509 0.5094304265516677 0.0014189021920385514 0.010919362422098455
6 0.41382360653830896 0.5133622231509873 0.0023437362426104724 0.016230939776234465
