7 0.5979402002181241 0.4628610726642576 0.00839276484741025 0.036487644152727206
7 0.515020231634587 0.4346246848080684 0.0059025211323833204 0.030870973532689583
7 0.5961269009820755 0.49197129414148133 0.010679600921479904 0.012902863755428207
7 0.5926951508714547 0.5315039495192888 0.0015854941566451064 0.005118423387707405
7 0.3957136588867365 0.46132395673815707 0.008654102387366414 0.037166648026460025
7 0.36363724293137717 0.40625051005471685 0.009998950775384485 0.04344233144590537
7 0.3814048563998638 0.419079048079957 0.008454730382254971 0.03756917096170148
7 0.09452296661158538 0.34338166175585805 0.06351663713279844 0.15023740830258597
7 0.2908142302785584 0.3751530279315649 0.014611364153685913 0.057870359603417076
7 0.23893712874409656 0.34301261960220286 0.01952613506984302 0.07306783913054465
0 0.16869714295838598 0.8043494382063494 0.33739428591677195 0.3913011235873013
6 0.8083778830036735 0.655235250785743 0.03912636328544061 0.21522539839149024
6 0.817998791911444 0.5362418666153685 0.008672306591130385 0.0460666715630248
