7 0.6892165324341644 0.4460228059016823 0.020796600191875236 0.047312539196358694
7 0.5095243827625221 0.40849613410353225 0.007044483270028268 0.04111128862376684
7 0.5810873323716393 0.40846725298987235 0.008132272104642402 0.041125456211938305
7 0.6824240794505538 0.5360946387613473 0.0022908121997312625 0.006745256546157208
7 0.22394430576380772 0.46452686730660575 0.014624413659168167 0.031139207856464124
7 0.1435034599458788 0.42166175629090075 0.010560864109322499 0.03507414639826484
7 0.18258215080528012 0.4303065285825596 0.008956551055091716 0.031142690292012998
7 0.22188768026884728 0.5243000469918743 0.0014807805171102584 0.004503081973866729
7 0.11396660131161984 0.4465673093123044 0.023481580125256044 0.046821159875620855
7 0.29465336596347214 0.4118171248762249 0.00967496702231252 0.03958186107366757
7 0.22578315199038618 0.4118438379710838 0.01067399964217372 0.039568752915988215
7 0.8768691804683642 0.38970526497636077 0.04778145601885442 0.09743026125575971
7 0.7102235735219338 0.3941172736522748 0.011658634315523608 0.04776367517092567
7 0.7516526320356196 0.37295474019082064 0.014838030066773533 0.05766765016483916
7 0.8646933244509397 0.5702684761415997 0.004983980020464296 0.013597232561347705
0 0.795422442919405 0.5498282079318394 0.08601173563367182 0.045713912243819044
0 0.4103882220121626 0.5401803739866722 0.0376131946752577 0.036867420738631695
6 0.6061610085147391 0.527179880184258 0.005127483306266889 0.03756901760117248
6 0.5495575586234591 0.5304723370863904 0.005056103515234889 0.03829680807603675
6 0.7033276050458992 0.6191175199671533 0.024263006830785083 0.15360133004829768
