7 0.6107324470931444 0.4683715753686145 0.0062460536888864215 0.026174460423342982
7 0.5510125488961191 0.4481200936369533 0.004497454802989798 0.02210020165328641
7 0.6094052520818826 0.48936938371524097 0.007769688326082935 0.009320362039938412
7 0.606925319669003 0.517929512045127 0.0011595845514601466 0.003685807948540676
7 0.4654622407080036 0.46748914641882766 0.004879878793134451 0.026462294848602852
7 0.4611297673527901 0.4345995825117201 0.0055659348324428315 0.027833883888699784
7 0.46482504826086535 0.4403160909326295 0.005037059815688361 0.02529874926614728
7 0.41638829017784545 0.432876088554069 0.012327551846749607 0.05712652220574793
7 0.4361308436363853 0.4227448563678891 0.006877077878768734 0.03312122469215495
7 0.4274020115239582 0.41276310748787187 0.00789215259211673 0.03760387644376362
7 0.41702637276859833 0.5378522702454789 0.0017201862761828113 0.00781536180362774
3 0.50599416398788 0.6390877212105004 0.12656266616565637 0.23451163544064824
0 0.31262244363873165 0.5391499366180503 0.08110932831980855 0.050366205134100284
3 0.06911153907977419 0.5291038875727412 0.11464577432338185 0.07098540210624127
0 0.9106216244669778 0.5322630321061701 0.07210011863135224 0.0332346842883291
3 0.5621443601153993 0.529418716922872 0.09387549669398665 0.07176919111686919
0 0.3185523690243063 0.5386572707748153 0.07628461050884422 0.03866860027810182
6 0.059922743337052053 0.5399218425038483 0.012074314206752285 0.06041405456066806
6 0.9018738880554682 0.5484455571066993 0.014878784754926655 0.07294941012508194
6 0.1885878361301153 0.521506980266676 0.006293360401400772 0.033424731739317703
6 0.6960517504963852 0.5535842212921873 0.012773197555436488 0.07777977031807681
