7 0.2833824093001301 0.45784391965020493 0.011446425695896267 0.035858634966260516
7 0.21021290796239456 0.4058190533433629 0.011685149952922996 0.041372540955993464
7 0.247043807709537 0.4175693803020304 0.00976282849602697 0.03601082627532737
7 0.284087176052508 0.4862925346473147 0.011265995864552847 0.012830578155620442
7 0.5876703242536361 0.46022716933198027 0.007293195070601777 0.033164095508177616
7 0.4627893587407402 0.4346490106194437 0.005578956111512601 0.027997674981545095
7 0.512129111960731 0.4346227288470375 0.005301784092273665 0.028010309268605704
7 0.5828493932229075 0.5226693906843539 0.0014208230073925465 0.004648879639822523
0 0.9462259086907561 0.5616708751991588 0.10754818261848786 0.05049732521026162
6 0.2946801544779138 0.5277939958958895 0.006568381741994256 0.04110359194450075
