7 0.5561499538342762 0.49407870926313624 0.004974813927724586 0.012358150077624586
7 0.5086221069341914 0.48435197457430046 0.0018412775120015823 0.010496438787814089
7 0.5273596023986018 0.4843645437565724 0.0019143587458417821 0.01049767498274956
7 0.7253563616326972 0.4605802292805588 0.018956298753214695 0.0417484107605014
7 0.5670443934987555 0.42743351018072206 0.006996104492668187 0.03611097240518635
7 0.6302397330895991 0.42745227418504916 0.007867390574528565 0.036125664848028705
7 0.7195501498725355 0.5402491097332086 0.002116333080898203 0.005966288890657978
7 0.2861329170442143 0.4751850610979794 0.012955464177080322 0.02861388387844549
7 0.23132813555133933 0.4375842868700891 0.008544579784463657 0.03135153578864275
7 0.2581244148189918 0.44460631744325557 0.007410425527534792 0.028172711562808317
7 0.2846447066223902 0.5301582750189251 0.0012288358189307402 0.004138834251494972
7 0.2158639455647856 0.46063908370613216 0.01957044313618811 0.041330546142965774
7 0.374808034209439 0.4298916731830868 0.007593446443653951 0.03491463077460388
7 0.3137792808657769 0.429872514632318 0.008396582611521985 0.03490092032756631
7 0.4323749226126534 0.4940090643249093 0.0050254551725188445 0.012330139679740115
7 0.4366866727004585 0.4864980122940354 0.0018866444531854265 0.009524697626182688
7 0.43439905659513833 0.4857281884296143 0.001961811390767232 0.009862957792949212
7 0.4315950598365369 0.5040466066857052 0.0036460468796905565 0.004453759752247488
7 0.9026374982704717 0.4217130251256044 0.03870136710316585 0.07643256609714216
7 0.7487935240406702 0.4166076669021752 0.010777263720237573 0.04115689980814369
7 0.7901676109217439 0.4012244141643939 0.013334062203151587 0.048308194760923406
7 0.8929420985634424 0.5647850330081627 0.004171597935867966 0.01076460871129059
0 0.44868301940167876 0.5298805824994801 0.018907910483491663 0.02169681763964071
0 0.521793802400505 0.525356846757717 0.011365925513278752 0.0161679606583075
3 0.5002004162763392 0.6245353562812037 0.08506638265364536 0.18106774692561156
1 0.4992689451687907 0.5122817024320714 0.029968023544473754 0.05745314418176961
0 0.3761855097566642 0.5450229336842818 0.06267305758415859 0.036166049282948864
1 0.46754875397043183 0.5131570819858704 0.040668798826383856 0.0766495652645251
0 0.4334033912352284 0.5379171912736243 0.026012806881677064 0.026712601625222265
0 0.8756620323807851 0.8311651387909954 0.24867593523842968 0.3376697224180092
0 0.02585278855606083 0.5498500603872521 0.05170557711212166 0.03262010461115006
0 0.5205081287933688 0.5239384266972089 0.014718070986779686 0.015330156094557457
3 0.4777664646077478 0.5228355926682549 0.017598515888521238 0.029372356202513328
6 0.5004356630290931 0.5361500865895121 0.004334640885034158 0.035468523793458884
6 0.5659875483963193 0.5207490605592152 0.0019110182914774398 0.01564933243730038
6 0.5468392044154509 0.5364574346323634 0.004512890608331266 0.035524691319509305
6 0.841136291833001 0.5895365676246974 0.020873703602265592 0.11490251219652947
6 0.9710530617208395 0.5899652108873734 0.025066108858929126 0.1149491927968852
