7 0.53063029418215 0.490146545768312 0.001839898259998085 0.010151918427256601
7 0.5070131724071671 0.4822329642012617 0.0016343699867239492 0.008565542526324854
7 0.5301474490712862 0.49837833878918714 0.0029330533257601044 0.0036611164986329325
7 0.4727955828121869 0.4803336543143012 0.0018502715749584842 0.00931028922133792
7 0.47372119994274564 0.4810081078810857 0.0017877715952606121 0.009008243950577033
0 0.44207453545064834 0.514890770640323 0.02328291843475211 0.012071779517215164
0 0.38097374613508445 0.513889915701879 0.019974059823707146 0.015632805015866835
3 0.5027524524646423 0.5169791940108788 0.012677118775012486 0.022443464905690047
0 0.37878507542437734 0.5143088218305315 0.021061948345153514 0.011629291633453276
0 0.41195777450975846 0.5155084837054301 0.011084509731973557 0.011131905994191449
0 0.41480246224069683 0.5166332902960971 0.01734842602314829 0.012585509520051774
0 0.23247325502344773 0.5760421442637635 0.1089791443007255 0.07723809604846732
0 0.502614676185384 0.530134610210118 0.022732990226585092 0.03131589291612391
6 0.7110378185690507 0.5546582603259302 0.01130888912671657 0.07233396752538668
