7 0.3810606750044596 0.46513570336779864 0.006030637585551835 0.024569909989566485
7 0.359025944343443 0.4355408123728903 0.00595491227621181 0.025395047166540508
7 0.37039751189196257 0.4403667613176636 0.005372485403511595 0.02326781793348015
7 0.3822881364543702 0.4847778163043706 0.007394894777621619 0.008829913182372917
7 0.5905424223198876 0.4663655611849301 0.005282286277082826 0.023178314306227688
7 0.5028790389303425 0.4483189976301961 0.003702732925077834 0.019591674336466303
7 0.5375754386437013 0.44834791182830974 0.003937767000864567 0.019584210734339025
0 0.701167190855492 0.5349585069210495 0.07134254334409851 0.03318479048068257
0 0.5002971061962727 0.5315639679192329 0.024718609600555497 0.03703238495238992
5 0.5002642257365081 0.5524685915962732 0.017696755085260918 0.058796458464746904
0 0.5001297221839827 0.5994370478175053 0.07320104505390279 0.11818938516408839
0 0.8042176765956617 0.5286851010410458 0.05696069872897558 0.033709220077522306
