7 0.6107324470931444 0.4683715753686145 0.0062460536888864215 0.026174460423342982
7 0.5510125488961191 0.4481200936369533 0.004497454802989798 0.02210020165328641
7 0.6094052520818826 0.48936938371524097 0.007769688326082935 0.009320362039938412
7 0.606925319669003 0.517929512045127 0.0011595845514601466 0.003685807948540676
7 0.4654622407080036 0.46748914641882766 0.004879878793134451 0.026462294848602852
7 0.4611297673527901 0.4345995825117201 0.0055659348324428315 0.027833883888699784
7 0.46482504826086535 0.4403160909326295 0.005037059815688361 0.02529874926614728
7 0.41638829017784545 0.432876088554069 0.012327551846749607 0.05712652220574793
7 0.4361308436363853 0.4227448563678891 0.006877077878768734 0.03312122469215495
7 0.4274020115239582 0.41276310748787187 0.00789215259211673 0.03760387644376362
7 0.41702637276859833 0.5378522702454789 0.0017201862761828113 0.00781536180362774
5 0.7050635622182586 0.5393411845429963 0.03534371252167601 0.03888205712907655
3 0.50599416398788 0.6390877212105004 0.12656266616565637 0.23451163544064824
0 0.585886233053703 0.5394017063829765 0.07482215306965867 0.05069459623544437
3 0.24703473088428352 0.5415784255361589 0.05644044861039685 0.09945609905454333
0 0.8886686857779397 0.5322449503119324 0.07100605222567613 0.033198297764151063
3 0.8467592690053038 0.5296155733629758 0.11255786761557585 0.07226707793490839
0 0.4960199790026956 0.5388127433740382 0.06918635596228995 0.0389412242431918
6 0.14198933243556294 0.5259638253604412 0.006009794070847924 0.023024043953927986
6 0.14704562198181212 0.535118532037556 0.00988822131767031 0.0507449472527316
6 0.7936129047119537 0.5497232460589943 0.013738872277824887 0.0748580492475539
6 0.2112945454907521 0.5216298103675456 0.0061907245962326 0.03360677727912198
6 0.15824581263394683 0.5216096619610548 0.006477603137678506 0.03356606743196089
6 0.23255749386085472 0.5647527087538997 0.01178953581167183 0.08739834489064369
6 0.5692315672542949 0.5573160267083798 0.011028800115436721 0.08046168374705309
