7 0.7133013045652705 0.45082848850949486 0.01777109731869775 0.03958059570869893
7 0.5632059320070102 0.4195146232237018 0.006581940432236588 0.0342313299142038
7 0.6231118140460576 0.41949170485278636 0.007350888511057252 0.034242476097290364
7 0.2934741237369676 0.46465741343279704 0.012379943998212906 0.027585339854435453
7 0.2430988275439138 0.4289907686572427 0.007966202571325909 0.029933432087195677
7 0.2676528012846549 0.43545264888987634 0.006960506442603154 0.02702174145606029
7 0.2299648819713594 0.4512253236777591 0.018318333003760207 0.039224092413666645
7 0.3807177766071388 0.42186773397129884 0.007102152645742155 0.03316019282260363
7 0.32272767587439655 0.4218891896370742 0.00781582002556086 0.03314975142587062
7 0.865943822335576 0.4167446668235406 0.03423494186421194 0.06948844158666828
7 0.7338309801963995 0.40966233689353393 0.009880409382763577 0.03872770773748496
7 0.7701138516153898 0.39602963936059976 0.012026907377665652 0.044997054515951596
0 0.4441230153882849 0.5168753030285119 0.021775770082124946 0.030474542040240804
4 0.471095099652015 0.5203617118816597 0.005573900998292525 0.024404604780385197
0 0.03234403684024019 0.548130269047006 0.06468807368048038 0.05594513247293098
0 0.5 0.8199378846146578 1.0 0.36012423077068445
0 0.0028463760889871044 0.5548445373095883 0.005692752177974209 0.06560566802691337
6 0.9704914749257391 0.5203245175053836 0.007388718508083203 0.033430147862711035
6 0.41446446532309666 0.5091542791962935 0.0022512377373047343 0.017496888227023777
