7 0.7176891689558671 0.45691059762403086 0.018494765694480497 0.041046200644360986
7 0.5621809921765368 0.42426276659691076 0.006865441589751886 0.03558394182493135
7 0.6243356276255412 0.4243055442752919 0.007686659207917779 0.03556668639490829
7 0.71192375948895 0.5352276073613664 0.0020610966550705934 0.005859027113090942
7 0.2837715708289037 0.47131699713601494 0.012855445160313284 0.028424707999285037
7 0.2297229402654858 0.4340869113906587 0.008422525102339429 0.031095345235620686
7 0.25613025671715073 0.4409979171529671 0.007314959179337388 0.02796516332721194
7 0.2823776939019038 0.5259208886668516 0.0012142623013070009 0.004108627949884647
7 0.21476074154071512 0.4570024393999612 0.01934252406256648 0.040929438315170485
7 0.3723923670062232 0.4265907092099276 0.007472347584434269 0.034513523559967285
7 0.31191372252612476 0.4265501809855684 0.008260551403703409 0.034529785750200215
7 0.8863954868873973 0.41954492862766224 0.03694999830656498 0.07413559826651772
7 0.7401446541413235 0.41383027374296444 0.010430148576346387 0.04037654946532365
7 0.7797653362387846 0.3990026597400335 0.012828735154182147 0.047237840549387844
7 0.8770216443572507 0.55832580731742 0.003947225867040549 0.010422090233275116
0 0.35640448002354785 0.5359661538600222 0.07478674409706504 0.04871055985287975
4 0.45674991379860364 0.5370255418919088 0.008100545534904968 0.03406600559903272
0 0.915187308471506 0.5490725654850718 0.08417102370459051 0.038338400069889644
0 0.019399915577699624 0.5587586947952288 0.03879983115539925 0.05918929951989882
3 0.972944929668525 0.5378591590158953 0.05411014066295006 0.04780697409939316
6 0.9763341467729754 0.5284433599875887 0.007602560490032495 0.03409930668141592
6 0.40290787200961786 0.5185532300591928 0.0025870222215335636 0.02018159989124524
6 0.05609441864181301 0.5287447616714155 0.007471833258179551 0.03463680870085284
6 0.010108111671147602 0.5274726051494529 0.007427268428360549 0.03283959637989531
