7 0.3618515931099317 0.4674116939045247 0.00717681144213389 0.027927526057741958
7 0.33177639419930166 0.4321605671983745 0.007209181889323402 0.029801777006585317
7 0.34719950726506943 0.4384917693402546 0.0063810318447020675 0.02691429477559093
7 0.3631087932286473 0.4897187157104762 0.008479541247710332 0.010027294811864262
7 0.361264404613614 0.5204092094553066 0.000991668306568494 0.003978886040627239
7 0.5985501591051143 0.4689533660637618 0.00612990557395976 0.026070082410104112
7 0.500082497966676 0.4486324278948358 0.004166910105823374 0.0220797171768628
7 0.539114802636087 0.4486777584776843 0.004455453028215373 0.022059597703351697
7 0.5947689202055629 0.5183268128379858 0.0011469087397446565 0.003672946589527104
2 0.5276764054975365 0.5180953461799125 0.03284878685279191 0.029802660516703328
3 0.5455596232544258 0.5113706657385171 0.03209699957117118 0.02793026944310878
0 0.49657662985691453 0.6948621112921073 0.13400482323957247 0.23533583666143687
