7 0.6879321765845408 0.48906954046307227 0.0018881031084876376 0.009687760696522774
7 0.6642385200971355 0.4817687542533836 0.0016321937138011888 0.008074508944721448
7 0.6874416069551433 0.49692231219439637 0.002984650765983865 0.0034952741201321746
7 0.6316520219079537 0.48915082888895134 0.0016945006729978118 0.009426568614333775
7 0.6316422611200924 0.4805095380791717 0.0017233952782054196 0.008540567986175751
7 0.6322483192035704 0.4810582077929346 0.0016734531681729115 0.008296542680574281
7 0.6251588953265876 0.4867847437040079 0.002115685295840053 0.011526644915079098
0 0.10874384560779411 0.6875027593049752 0.21748769121558822 0.28593482123518277
0 0.634360150319316 0.5247183880707563 0.019616155460271845 0.0319631164275469
0 0.6427735654762057 0.5162829315217463 0.012287327328885711 0.01512728003704289
0 0.23678479891371426 0.592858897649073 0.16362034140240894 0.11012072010558072
0 0.5776000635285283 0.5124119560003539 0.01454114467696399 0.011679071717094258
0 0.4842138664241535 0.5473050710331331 0.04588985282546221 0.04839777765807263
0 0.6657523590468614 0.5203888613412854 0.01589586833461487 0.01942229241172222
6 0.7467711188045587 0.5237873498991957 0.005020140873848944 0.03310786407037036
6 0.6478089957410325 0.5117501081626724 0.0019044765014638587 0.01568960381664164
6 0.5724926266637063 0.5083482879772618 0.0014825093337046402 0.011671808252779026
6 0.7008897444868007 0.5141204662382035 0.002783340840779913 0.008412803241579225
6 0.5841272216033109 0.5120675630331475 0.0021968540467666164 0.015224402872491827
6 0.3319199318592605 0.5314201895270227 0.00721489732302083 0.04355981531851272
6 0.5975711350380408 0.5085893538968129 0.0015048206136955011 0.01200358019660841
6 0.4506379649806769 0.5239082397665428 0.0040895278864841456 0.01928953092373553
6 0.7043699439685824 0.5110681125687526 0.001905960346369362 0.014211447945157496
6 0.793774925771041 0.5255095776757863 0.006325017349634532 0.035375382313992065
