7 0.5769616707354313 0.47918777477842983 0.004096328580926345 0.018844696271446804
7 0.5336185552333315 0.4645355744761748 0.003181106479508755 0.01592065581947566
7 0.4716657253102633 0.47857587497658693 0.0033852725044437038 0.019027483292745728
7 0.4704794427960075 0.4578962311690373 0.003685486504970248 0.018717399184102368
7 0.4722170168368086 0.4605249544317145 0.0034453784086123096 0.017535445303041686
7 0.4507736251829064 0.4653329638989585 0.005948794260598578 0.03100183523815958
7 0.4560837412475517 0.45289167039447564 0.00422633103791803 0.020973145976056318
7 0.4526887361209461 0.44910129638235563 0.004592090032589535 0.02268644347835108
0 0.1670119018395225 0.5277024732021978 0.05754257282855124 0.025553408102032105
0 0.4998501287206448 0.5703634589755682 0.05274635741805761 0.09565379094769788
0 0.10879257968033576 0.5298561112385851 0.06316439336998214 0.02700554660175114
0 0.4997949853936867 0.5589717132924121 0.04374904196801893 0.06094098060844144
1 0.538203970015552 0.504869671820475 0.08629236826162723 0.06403275969693095
0 0.574545958032914 0.5647173969512842 0.04972868232970751 0.06531522936146428
6 0.6937210998374836 0.5436273884597227 0.00937926185544491 0.06014293071558263
6 0.4944794733045754 0.5173773740298915 0.002869874364910263 0.02383311497895424
6 0.6312220832036479 0.5351853239357365 0.0074550795807563075 0.02277340370728098
6 0.31858175313979853 0.5180823106128192 0.0035284748825614165 0.02480915408384954
