7 0.5518687745336142 0.48577976149546587 0.002535070247469906 0.012707675255242412
7 0.5224497243676647 0.47588393831170056 0.0021116606017741457 0.010728231392336252
7 0.5512531363466153 0.4960667962258275 0.0037086505381432877 0.004572526646401787
7 0.4805596613345047 0.4854084546110766 0.0021987254185288907 0.012791388986354013
7 0.48078588302229297 0.4729051947477633 0.002317907277160469 0.011929981346416096
7 0.4814946165912505 0.4740085596295349 0.002220458248743229 0.011438513706346465
7 0.47193722228542084 0.4803788101704111 0.0030722771067700494 0.017278982390827813
0 0.28965615756843877 0.5176429887156117 0.0333435522670853 0.01588417213815707
0 0.4995882953636973 0.5274687879756788 0.02026263062930228 0.034826016303727725
0 0.16305470153750015 0.5184384448689527 0.03837554970114693 0.016678305580832276
0 0.4995648111653265 0.5259664760230118 0.018868215330018256 0.024989137582801857
0 0.4023294471643949 0.5254561053283838 0.021501473114933667 0.024055084612340627
1 0.6072480434343558 0.5029734888151367 0.059338387683505855 0.04124483259194861
0 0.5310686586755471 0.5269532719526101 0.018493705149710493 0.025518972018673036
6 0.5683215850114264 0.5176472481284429 0.00353833940640369 0.024417034192703246
6 0.4549219163187652 0.5117527219144073 0.002104644649334797 0.016281959025675197
6 0.5766649981687078 0.5198038282674617 0.003490197204563672 0.01212390709777389
6 0.8745403756156387 0.5160254743237798 0.004373011800410054 0.022176452892207377
6 0.3486291767093389 0.5188884723150426 0.004240507240970304 0.026130360590334578
6 0.32865553175028384 0.5120093292577854 0.0025451103992794044 0.016632682448480485
6 0.1973238916184824 0.5338819892454834 0.008642432902276953 0.0468598738242153
6 0.5547890202575791 0.511886640229813 0.0018973826881863998 0.01646871524633997
6 0.5534784821973185 0.5118131818385705 0.0023821219502928592 0.016370169752627395
