7 0.5470549685163855 0.48732522603555006 0.0023403938467989605 0.011875797812082423
7 0.5195402101659123 0.47807239396704554 0.00196964551880352 0.010026557292565408
7 0.5464816505175585 0.49694378251693694 0.003461698988176498 0.004275965521772285
7 0.5452998720584457 0.5100694069262708 0.0004985780661508343 0.0016879191317885622
7 0.48036748570688803 0.486979718255811 0.0020447005355730408 0.011953621856819363
7 0.48070627488738626 0.4754632576432073 0.00214737466142384 0.011071311921011129
7 0.48131347080525977 0.47641714236789445 0.002063464996370612 0.01064678730042301
7 0.4728846980442689 0.48268148527927696 0.0027814981425542395 0.015784866207028236
0 0.3033938099037644 0.5169908174368445 0.030626685139206022 0.014707644898280248
0 0.4982187746769062 0.525672712306526 0.018730616372157116 0.031980692377261866
0 0.4981712766157968 0.5238721997475845 0.016820636658003818 0.022178524892399576
0 0.4172264916913536 0.5215330542037045 0.017080053235297488 0.01980365490854119
0 0.5267829723641211 0.5250958913021828 0.016636426770553325 0.023095388972658726
6 0.8544405694603812 0.5119354941830476 0.003012914587585569 0.015683899741820606
6 0.5578442794443745 0.5162665815899984 0.0029083242529787112 0.021638108711150128
6 0.569948252202609 0.5186738459225362 0.0029176525008198784 0.01105944250898172
6 0.36869119611014356 0.5172426906628498 0.0036629285355165297 0.02298158731433564
6 0.32892798915936666 0.5118735584854526 0.0023502975425364614 0.01557487567140381
6 0.2303733093788184 0.5303712242742898 0.007317894288084853 0.04110158180515677
6 0.3695664734438235 0.5152187258110059 0.002585516445005598 0.018798893958714147
6 0.535660743410772 0.5117463670813942 0.00188511408634362 0.0154088458337579
6 0.5664005245910639 0.5116445810423645 0.0020334660431146068 0.015270918026286662
