7 0.5931419224416856 0.4743779589651676 0.005224038231608552 0.022830188720789235
7 0.5408522004130094 0.45664572401938874 0.003892762259584459 0.019296699557168007
7 0.5919995246192125 0.49274685899243975 0.00674529342507002 0.00815309413644022
7 0.5898143067092214 0.517755604265836 0.0009985452213704393 0.0032259172965392047
7 0.46592991537939943 0.4735911541682817 0.004198848922932874 0.023096864984870014
7 0.4631904635857142 0.4467040462679013 0.004682838632681263 0.023562405058396407
7 0.46590984729187807 0.45077717474166146 0.0043023347616569785 0.02171965297166767
7 0.4318851101021335 0.4512798913762881 0.008876753465208054 0.04347598283113746
7 0.4434300743379126 0.4385819855093782 0.005585328751116059 0.0272513466516639
7 0.4375696666369582 0.43208534624276673 0.006239691041340589 0.030215790319205627
0 0.07794122321019409 0.5347024797779412 0.07727118498921229 0.032756847087826335
0 0.5000667002628207 0.6832046235133906 0.14373250189942594 0.27635498471762765
0 0.07388772312152735 0.5381755883554401 0.08332629253036877 0.035382544142818606
0 0.4999410291620816 0.6084954296734675 0.08357380559883493 0.12358407362449675
0 0.7960109592868463 0.5296988175469686 0.04722786975019444 0.02779114829257645
1 0.46090298707069116 0.5054422893566897 0.10707730811675764 0.07983732397667503
0 0.6493794358563482 0.6303591875706297 0.11792585241903364 0.1455322445834082
6 0.9232363354584209 0.5946748329453129 0.026879065093291743 0.13238161443436713
6 0.5229998634120644 0.5202023413113148 0.003347616941655973 0.028368319934708564
6 0.6706537335549294 0.5503334749378146 0.009607954010992015 0.03317792909617823
6 0.2697488097379742 0.5254274042297868 0.005275079605197575 0.032194604088829015
