7 0.6683313374969774 0.461297309537394 0.013559663168515979 0.0311119582551041
7 0.5498524728006049 0.4367511061134103 0.005041789000577501 0.026758947795568255
7 0.5969730321705778 0.4367365510356042 0.005516991089018708 0.026766262700168797
7 0.2868278831791372 0.4615424248228604 0.013907245539115765 0.03088661462291087
7 0.40569411925739396 0.43821119070127945 0.005378352098872274 0.026098231853834475
7 0.3597737816839157 0.43822498793082043 0.005825015979274206 0.026091284705464846
7 0.7498022933121812 0.4431216036607901 0.02160188343333691 0.0470226315562709
7 0.6792261466353825 0.4308421848593916 0.0069606724796873465 0.029432477330766815
7 0.6997272119067042 0.4231651951743611 0.008015399126477085 0.03292003427992163
5 0.741510524211434 0.6863069791030965 0.11295470928220008 0.2173051457508962
0 0.5003222666907112 0.6369893913670737 0.09773706427780743 0.17384736987286342
2 0.7970256599704093 0.5351604127440257 0.11697142041722741 0.059414034987636866
