7 0.44463098616294106 0.4560810444320934 0.007357579698718197 0.03771452137051995
7 0.4313804105670931 0.39956346208557414 0.009145075526682311 0.04434593911100543
7 0.4403022862208225 0.4129271463406426 0.007806346012977694 0.03824330720873259
7 0.26958026913047123 0.32890656272548574 0.04751970282383022 0.15949477670715959
7 0.3790157724368551 0.3668739302165085 0.01317681884545896 0.059488078131739675
7 0.34833411004692005 0.3326580329820762 0.01733838425787676 0.07566197599968727
7 0.27789784666896955 0.6011706840064595 0.005810287308771089 0.020426502799336888
7 0.6486605476982201 0.45766289732096566 0.0099103767808707 0.03699541979456383
7 0.5652443626000807 0.42902750304422427 0.006521880036794547 0.03131502201934411
7 0.6467257125096826 0.48715952392155565 0.01109459839382776 0.01307181375607469
0 0.9710072097514771 0.5584854833312931 0.05798558049704572 0.05444580520852027
3 0.7354993828297134 0.5561437387813906 0.18378119029383833 0.1290118776422191
2 0.736402038241919 0.5418294227661189 0.1270765221722281 0.06763087352543817
0 0.7884488428496701 0.5576008623911277 0.11624331027545143 0.05647315954485754
6 0.030699984044792576 0.7367122202100591 0.05543023159889688 0.19064000344366494
6 0.06374899126361279 0.547703180918935 0.012997979236201128 0.06225601170545014
6 0.6149318756833169 0.5316149221133725 0.007137803119815156 0.046137107324963234
