7 0.5997085425567565 0.4790170508449706 0.007683693206454345 0.01848839872879965
7 0.5288737499156657 0.4644755596721568 0.0028791055213474026 0.015775889994957992
7 0.5569028142082004 0.464475478726437 0.0030455278840958444 0.015776596375978447
7 0.3835823437972965 0.48263034339861216 0.006482932190912727 0.015378299970755571
7 0.3770527119491741 0.46836867519651293 0.0030706050972653665 0.014055564354509775
7 0.37144387376352744 0.47907739600887117 0.007830160806342024 0.01842588811672019
7 0.44251145680753257 0.4649839770403892 0.0030103604069242618 0.01554936604623297
7 0.41488582955913755 0.4649840284365305 0.0031715552851649953 0.015548682487540877
7 0.6232816362020139 0.47360645864089457 0.009775418928895774 0.02314225117631924
7 0.601797677122134 0.4624697723578526 0.0034955350328065293 0.016663937173270582
7 0.6081743669274357 0.4600663325325712 0.003757788809473528 0.017727746791141197
0 0.5606036582030904 0.5263208346275525 0.03183130370857101 0.02738645528983441
0 0.49987604061593827 0.5802098501422527 0.05585160251682769 0.0826087362337391
3 0.49936757993049236 0.522990306323829 0.024884576179183715 0.04587432016730264
