7 0.48082700242769627 0.47276152199262966 0.0023035262853426386 0.011857841740481379
7 0.48152654186092025 0.4738706274622504 0.0022072713449710624 0.011372171351896998
7 0.47207075713181773 0.48011631712973796 0.0030470862183329395 0.017155893473739803
5 0.9059632008052749 0.5286137408521207 0.024160073582454533 0.027498760472971506
0 0.28350244474068054 0.5156685048700855 0.03239404925524009 0.019993664651418053
3 0.2364916066973743 0.5119682859256679 0.04150778917004627 0.027446166334688327
0 0.5428820021667201 0.5355720639035648 0.026829586637823644 0.03852483974233978
0 0.5339815821483509 0.5165641934066421 0.019739855331053935 0.02168252985266539
3 0.2627474383002783 0.5114834804138471 0.039234810080274046 0.026331427554063258
6 0.5766531796578891 0.5149215206011002 0.002965489447741554 0.019804300832631627
6 0.5831610041890024 0.5223960684098243 0.003859727737495433 0.018424777328773456
