7 0.44463098616294106 0.4560810444320934 0.007357579698718197 0.03771452137051995
7 0.4313804105670931 0.39956346208557414 0.009145075526682311 0.04434593911100543
7 0.4403022862208225 0.4129271463406426 0.007806346012977694 0.03824330720873259
7 0.26958026913047123 0.32890656272548574 0.04751970282383022 0.15949477670715959
7 0.3790157724368551 0.3668739302165085 0.01317681884545896 0.059488078131739675
7 0.34833411004692005 0.3326580329820762 0.01733838425787676 0.07566197599968727
7 0.27789784666896955 0.6011706840064595 0.005810287308771089 0.020426502799336888
7 0.6486605476982201 0.45766289732096566 0.0099103767808707 0.03699541979456383
7 0.5652443626000807 0.42902750304422427 0.006521880036794547 0.03131502201934411
7 0.6467257125096826 0.48715952392155565 0.01109459839382776 0.01307181375607469
7 0.6433657648379847 0.5271948455390434 0.001696504642710428 0.00518268240172548
0 0.7311092005743085 0.5713830352728785 0.1476079963997209 0.09703165741211395
0 0.010751753136496183 0.6015847653780035 0.021503506272992367 0.14004422738311384
3 0.3025565662935209 0.5559533667671063 0.1792623751663585 0.12896601153622345
2 0.9262280423865625 0.5419221099706346 0.14293545536058583 0.06768464293515608
0 0.9511951572321588 0.557639522963336 0.0976096855356825 0.055924911935898436
3 0.9159406454246307 0.5468046067978428 0.16811870915073857 0.10775729823224828
6 0.35752514268021296 0.7213330550541068 0.03494031413871218 0.19132060153249564
6 0.13579943288991286 0.5387326887050907 0.009761392646968597 0.050900700343102345
6 0.2617477550437932 0.7254029006941064 0.03597346665418577 0.19839928375858928
6 0.5385741411295897 0.5316490465968793 0.005592161894769743 0.04615381226742821
6 0.8121211502941101 0.6916991520238243 0.04570235318752702 0.2537954038641944
