7 0.49913333404251653 0.4871961079974375 0.0016077398937447418 0.009239932956527974
7 0.4992132891350156 0.48787228437639274 0.001556079517190334 0.008942410537663259
7 0.5561499538342762 0.49407870926313624 0.004974813927724586 0.012358150077624586
7 0.5086221069341914 0.48435197457430046 0.0018412775120015823 0.010496438787814089
7 0.5273596023986018 0.4843645437565724 0.0019143587458417821 0.01049767498274956
7 0.7253563616326972 0.4605802292805588 0.018956298753214695 0.0417484107605014
7 0.5670443934987555 0.42743351018072206 0.006996104492668187 0.03611097240518635
7 0.6302397330895991 0.42745227418504916 0.007867390574528565 0.036125664848028705
7 0.7195501498725355 0.5402491097332086 0.002116333080898203 0.005966288890657978
7 0.2861329170442143 0.4751850610979794 0.012955464177080322 0.02861388387844549
7 0.23132813555133933 0.4375842868700891 0.008544579784463657 0.03135153578864275
7 0.2581244148189918 0.44460631744325557 0.007410425527534792 0.028172711562808317
7 0.2846447066223902 0.5301582750189251 0.0012288358189307402 0.004138834251494972
7 0.2158639455647856 0.46063908370613216 0.01957044313618811 0.041330546142965774
7 0.374808034209439 0.4298916731830868 0.007593446443653951 0.03491463077460388
7 0.3137792808657769 0.429872514632318 0.008396582611521985 0.03490092032756631
7 0.4323749226126534 0.4940090643249093 0.0050254551725188445 0.012330139679740115
7 0.4366866727004585 0.4864980122940354 0.0018866444531854265 0.009524697626182688
7 0.43439905659513833 0.4857281884296143 0.001961811390767232 0.009862957792949212
7 0.4315950598365369 0.5040466066857052 0.0036460468796905565 0.004453759752247488
7 0.9026374982704717 0.4217130251256044 0.03870136710316585 0.07643256609714216
7 0.7487935240406702 0.4166076669021752 0.010777263720237573 0.04115689980814369
7 0.7901676109217439 0.4012244141643939 0.013334062203151587 0.048308194760923406
7 0.8929420985634424 0.5647850330081627 0.004171597935867966 0.01076460871129059
0 0.37560414282620636 0.5620377084665724 0.057208008194312876 0.05768781130632272
0 0.5522862274377003 0.5220628031494701 0.019062272561301885 0.012866731992658198
3 0.4999944242347209 0.5444621631495568 0.025705835512061737 0.05263584687659073
3 0.0378051201599739 0.5504506590445312 0.0756102403199478 0.08575761023856199
1 0.5004214074624873 0.5115325599307452 0.02431412303152458 0.04661294122541387
0 0.08536126647335818 0.547917442794297 0.08679450652816013 0.03723866759596317
1 0.9163192129257669 0.5193911641801046 0.1673615741484662 0.15753782195470145
0 0.12664268820349286 0.7055119537500361 0.25328537640698573 0.24562520447065084
3 0.006339167481949128 0.5271203750734297 0.012678334963898256 0.02847606334009911
0 0.8756620323807851 0.8311651387909954 0.24867593523842968 0.3376697224180092
0 0.42774830046808776 0.5724631038489478 0.05581245421549835 0.06352540737038603
3 0.46661527828881866 0.5297194306308077 0.026096894198021914 0.04317802774811896
6 0.6318798105955032 0.5332405873221182 0.005108553312083597 0.03480631340619833
6 0.5456897708097486 0.5203563755095862 0.002485700802800195 0.016792449354015693
6 0.687056325326582 0.5339056177484156 0.005417158429770752 0.03568629992144701
6 0.44268022052870537 0.5202105800410892 0.002122658847047265 0.01677646277621392
