7 0.27729053279255256 0.4606191945110151 0.011901093981494415 0.03678060814534606
7 0.19942143426218806 0.4067190261958008 0.012257433948618668 0.04285156771143611
7 0.23872894039045098 0.4190900778361122 0.010168872218227432 0.03712660966171283
7 0.27793648021067785 0.4898086371741127 0.011597079401290677 0.013165340522564295
7 0.5891955026494058 0.46296790136596055 0.007518137939942715 0.03393540180308252
7 0.46139493443592594 0.436835806317209 0.005719750705379167 0.02865975013099009
7 0.5118977197999653 0.4367937776537153 0.005431602634702104 0.02867048321550819
7 0.5842916937970621 0.5268739438795046 0.001458017645119436 0.004760667912955485
0 0.9224470372655411 0.5584028905994572 0.105253650463775 0.04825154055575154
0 0.9465519041287148 0.5615852397807501 0.10689619174257037 0.06633420708023186
6 0.26707046024242087 0.535369880939284 0.007699997323289631 0.046470086760010854
