7 0.5808244845219628 0.47808100428646016 0.004344783745944603 0.019755717655649374
7 0.5354470443899653 0.46272906171461037 0.003341255626688744 0.01668695400359438
7 0.5798473784292232 0.4939991239467504 0.005813559192761275 0.007070145412036155
7 0.47055747067576925 0.47742766149551275 0.003566593523242567 0.019954483052585792
7 0.46906445828787413 0.4553047348600173 0.0039030500625552578 0.01978408781683333
7 0.4710014247837065 0.45827186795648356 0.003634851198503597 0.018468343384680008
7 0.44712389440123845 0.4620590907855068 0.006516501602749358 0.0335388825290866
7 0.4535540298872234 0.44959895359270396 0.004514010816503933 0.02232134524298096
7 0.4496892165051346 0.44522608626818927 0.004933393181727308 0.024272145542369672
0 0.5507914589706382 0.5387517584195826 0.024948588615169798 0.03766000224118948
2 0.5584689472442488 0.5423734691751643 0.04990450728598539 0.0674678312437591
0 0.7140280489564416 0.5283369274268648 0.04633503800702754 0.02889406950159379
0 0.07907067470941229 0.5258216368979602 0.04931938932911061 0.023140684931012956
0 0.6075852782515565 0.531134078318406 0.056151921953624506 0.03353758902315518
0 0.36096128316224974 0.5279035499918492 0.04068849697084009 0.025305917855798055
0 0.500034731193495 0.5816031746709798 0.05397989174054135 0.08577029808755066
0 0.6713443710784097 0.6473855347873583 0.15823509464595176 0.17877363439616134
6 0.6490511321584853 0.5280445272957885 0.004751675751719975 0.0391723524348605
6 0.040472209795601156 0.5190238912971521 0.005458663409597761 0.026289140345216455
6 0.21247708057706874 0.5185578175143635 0.004608823014185248 0.02561591380953987
6 0.26027894868641555 0.5182353080170043 0.0041829462463015 0.025155816457804625
6 0.22193130929771682 0.5367079200583185 0.009337689124783388 0.05154757222384876
