7 0.39165758027037695 0.4711111640975381 0.002210855643390075 0.012148298558266601
7 0.6480908052024608 0.42757303645875067 0.02661547884152282 0.06311269070910591
7 0.5097122794558445 0.37034653504288606 0.011656881532467134 0.058561970401422636
7 0.3074553318006762 0.47291502076713327 0.00245488807149985 0.011234507254623938
7 0.6904753552972351 0.35135738519929616 0.016991341224941725 0.06794944681185777
7 0.7735479279394595 0.3081094674054612 0.024065281814695805 0.08932425835172558
0 0.8074737382477541 0.6203230032312643 0.21099700626391538 0.1500632870333688
0 0.7523214406017713 0.5539563566517155 0.09305307270030239 0.043986874472802695
0 0.8003692639596216 0.5576506608102991 0.11345874312923943 0.05883729555726358
3 0.8584982828566419 0.5365542194234336 0.12181417920992021 0.07423984046040288
0 0.9088787841067762 0.5539848003846147 0.11557416184740976 0.059461302219826706
6 0.9422719066884717 0.5269577145449624 0.007935276804018399 0.037332199554913514
