7 0.5459775972550449 0.4875338471514019 0.0023166742506077753 0.01177596206384851
7 0.5187004718965187 0.47835615508180607 0.0019520846132191627 0.00994142676363402
7 0.5454094979809982 0.4970695504613152 0.0034308901547827064 0.0042400792961740374
7 0.47986108985002285 0.4871824286942561 0.002026125517953392 0.011854750776678302
7 0.4802166363322553 0.47574923608350683 0.002127035394824617 0.010968854682616713
7 0.48081038855677904 0.4767005746641509 0.0020446884567784096 0.010552013585577447
7 0.47252245221127714 0.4828559105325785 0.0027473274090000777 0.015612881519141475
0 0.5265861305076858 0.525302161913247 0.01691233552350202 0.02357258998479883
2 0.5322043687774289 0.5256996430916945 0.02974353723825629 0.03959969808683561
0 0.5198614224836533 0.5197668872587421 0.012357561988434074 0.019265245212485738
0 0.34854930264015505 0.5155750402973001 0.023349577099978924 0.013160892156934723
0 0.5226317185648086 0.5232331266925949 0.017046896386518906 0.022387954533658494
0 0.7091818383185826 0.5483411710811805 0.07528850494651163 0.044984979095103905
0 0.6917488603574992 0.6619317835859317 0.19705254758579294 0.2177137906066965
5 0.4169078594496252 0.5213802244689865 0.008541666954545613 0.01968406667895073
0 0.49751767585743767 0.521186749169612 0.013295798387366442 0.018266334292591613
0 0.4978035398192008 0.5529814199237576 0.03402912848861267 0.052629436173980526
0 0.725523869989523 0.5421091302531841 0.07537750234739449 0.04002131005735743
6 0.49679394905069213 0.5171668633442545 0.0024065540230210347 0.020769660084490327
6 0.5651140746947452 0.514572002124873 0.0021327480696978762 0.017327986946220952
6 0.801961828876204 0.5161793139457183 0.003667034245051548 0.019814498440146378
6 0.2953861729088624 0.5224448745710464 0.004652014997893028 0.030537638266131206
6 0.642806816817265 0.536759845632093 0.006047719277379127 0.04579384148489918
6 0.19881158330767024 0.5121363136216972 0.0026025510666188856 0.015850884099587126
6 0.3500983037620488 0.5185723610496162 0.00340621582959999 0.01155895138491947
6 0.30335483681173836 0.5118747047974541 0.0024151286239080805 0.015469148364844365
6 0.3777392230609998 0.5165273396693539 0.003382577395136699 0.022085582580364083
