7 0.6041595474798949 0.47158647276947907 0.00605032958065721 0.02558427446646805
7 0.5457589993554208 0.45173492343775223 0.004389747923648546 0.02162378932529979
7 0.6028713425946981 0.49212745603056385 0.007579767751912381 0.009116488606107198
7 0.46194404276125856 0.4706606669843394 0.004777811436840196 0.025918537824586585
7 0.4578160133543525 0.4388663575325853 0.005425940627033166 0.027125756039601046
7 0.46137740267294824 0.44425617882505974 0.004922063835728185 0.0247122563145607
7 0.4152479531230703 0.4387058748896005 0.011726292227980106 0.054665472058052944
7 0.43362761515768045 0.4277438925241227 0.006668385394647203 0.032132449166917876
7 0.4253583449520487 0.4184678036409434 0.007619067393789536 0.03633491133817829
0 0.612126400821001 0.5500668992405238 0.05324704050357487 0.05024155796216501
2 0.5870483183337158 0.5598630998577894 0.06894526311264582 0.0981617777176681
0 0.7652918201557093 0.5334440751440258 0.05291598242940043 0.03347565376679951
0 0.8344390846876799 0.5432482695048872 0.09599452444883383 0.04628445500010048
0 0.16026014245632808 0.5372071710883721 0.06279917409104038 0.033937452530650614
0 0.5000861986241006 0.6385054941261006 0.09439271902368013 0.1581162201618912
0 0.7335583052219701 0.7035549489558336 0.23815047984936244 0.26291103112696046
6 0.7169514097782146 0.5475068053199331 0.009588213439631121 0.06708773532539891
6 0.6569948810500085 0.539760120700201 0.007641561875710856 0.02390058676026685
6 0.7715102135222336 0.5424654544144647 0.01049694933033607 0.059743900944842054
6 0.20502522763314146 0.5240420455305664 0.006082321731601337 0.03341378240477044
6 0.22397506821584867 0.5231470046542142 0.005722791343314798 0.032137402165544504
