7 0.48605492739329403 0.4895303917384712 0.003498687508396048 0.008963797427907538
7 0.4863211434098125 0.48126332514132536 0.0014573466690206427 0.008147104827530227
7 0.4867684484414728 0.48179148954123957 0.0014147547514302694 0.007914860046558725
7 0.5343614579292741 0.4874881853392874 0.004243550371207605 0.010732815623574976
7 0.49300368249191917 0.47907807047994033 0.0016051451874904976 0.009108936444924998
7 0.509282561493314 0.4790752142158202 0.0015989395314013333 0.009110201348814184
7 0.6121692904143696 0.4680793252872074 0.011549174226313297 0.02763907747929767
7 0.5064232848619403 0.44631894051332294 0.004084574008259456 0.02370788812129576
7 0.5482808161045574 0.4462999353276163 0.004457332525335533 0.02371647306174074
7 0.6081152132222225 0.5210165426656608 0.0012419563609661344 0.003945845409904614
7 0.3124159574759151 0.47546866495075824 0.009388034594072725 0.021182304232004345
7 0.2794197675425931 0.45112036598343175 0.0054682908791510165 0.021546971341089682
7 0.2951867164671438 0.4545775104238158 0.0049638260057071615 0.01999561339191558
7 0.3115759791653223 0.5162137998949006 0.0008571272490037751 0.0030527321099510507
7 0.2730879205600185 0.4683124096660422 0.01247005847408883 0.027434761951654285
7 0.37899662044828225 0.4474919075296472 0.005017587192038597 0.023179283551511054
7 0.33812731990994815 0.44751006332457144 0.005367469578712147 0.02317108872410517
7 0.4268163247495882 0.48751540432797136 0.00437765707522042 0.010709148514924938
7 0.43106031084413443 0.4807640352256678 0.0016701837707427392 0.008366711022707363
7 0.42886893065789167 0.480173304805345 0.0017287969361108324 0.008626663683350966
7 0.4261658309772811 0.4962379656296091 0.003175853930819872 0.0038692225579105566
7 0.6567422265266609 0.454556625735936 0.01700378214218068 0.0395181895736999
7 0.6163817882397775 0.44170488617917736 0.005494783870346742 0.025791248501460695
7 0.6278049629700244 0.43587949443170326 0.0061650451091926906 0.028431040984001177
7 0.6542519070886774 0.529584361512734 0.0014446866280747317 0.005597374851862846
5 0.438778089828479 0.5104400165581533 0.009088839465169307 0.010937636885146262
0 0.45457272808553895 0.5175378496578361 0.015361302551565759 0.022674929902204877
0 0.5007762726937256 0.5925588829090243 0.07015177942017137 0.13071565847995914
0 0.43739121880973386 0.5257349867027277 0.045441389274849975 0.030693328509482587
0 0.3758224756405688 0.6091843846966374 0.10188537684610871 0.12390730931666116
4 0.5763351671916702 0.5294545415497348 0.018197205442012088 0.030076989678248234
3 0.6743876590404136 0.7695038145848669 0.4093156080149433 0.46099237083026623
0 0.46917755293515917 0.5136137320805572 0.009612329612709858 0.013330765489376284
5 0.393503708561162 0.51043077922864 0.00925931741639019 0.010931924526637493
0 0.46357833105780477 0.5161301781126968 0.01166219429276677 0.014820539124401955
0 0.22683403699212507 0.747596868477064 0.2870509062756351 0.32050430917311956
0 0.5016696366950327 0.512199088349218 0.010670749260799417 0.01822432634947735
6 0.42559942866548794 0.5080746502656929 0.0014915688301850305 0.011422717108713787
6 0.38548178930417876 0.5149228833996723 0.0029865755589697507 0.021024233677538362
6 0.2880883767419684 0.5188069575047536 0.004348364611265254 0.026477747010649755
6 0.4624076878133243 0.5112249150408917 0.0017003842836313954 0.014459803225804979
