7 0.30648761538437924 0.47200887557103643 0.009698079682972871 0.02177181398554945
7 0.2713582972154679 0.4466331667470391 0.005726403537055946 0.02227776930544806
7 0.2881399867692024 0.450352395464578 0.005178719785334407 0.02062348107785883
7 0.2642014672564832 0.46426066810772093 0.013014660549460488 0.028430312236796984
7 0.3739534786001536 0.4427313385135876 0.005242307980997063 0.02401817231605935
7 0.331629394147995 0.4427437978075309 0.005621549702667927 0.02401252027660128
7 0.6638244480774376 0.4490841918142918 0.01797542346320047 0.04155203531314405
7 0.632412783843274 0.43011830521980965 0.00649453103588804 0.02967663218772848
0 0.7162470251716165 0.5280792439162348 0.061113617253563124 0.029960532457846023
0 0.17765448982957854 0.5939202014326562 0.13842827861208165 0.09699978190735803
0 0.7018789484547847 0.525979441772898 0.056383701387074825 0.027844367363863864
6 0.19131105216735986 0.5164863531283221 0.005004773887072156 0.027096761699005878
