7 0.306525086725918 0.4747551296375645 0.0096842663366149 0.021765042124388623
7 0.27142675601319116 0.4494075701547319 0.0057101561912497045 0.02226626808971749
7 0.2881988119366127 0.45311684476301756 0.005164834550620334 0.020613603210197784
7 0.264260846593242 0.4670373277614406 0.012992317290436761 0.028418832771082925
7 0.3739939774270449 0.4455157794764947 0.005231982529520007 0.024004835430281257
7 0.33168356233496965 0.4455284098270841 0.005608195066384436 0.023999188449517594
7 0.6637637197949613 0.4519208111406977 0.017949236962482407 0.04152771814883016
7 0.6323597273922998 0.43293679189948114 0.006480603935156148 0.029656404708535256
0 0.12246904818621068 0.53060967816373 0.06746833973156091 0.029955505441773278
0 0.3695623667195745 0.5242654378831177 0.05942320173852822 0.036345555063388546
0 0.15583929835743998 0.5285525021176287 0.06156328072872233 0.02764168529930411
6 0.35722939748838367 0.5191872529491104 0.0035185461248966043 0.027054332481218468
