7 0.6291048846006164 0.463456963041617 0.013576342212729853 0.03210128176208893
7 0.5065509366883563 0.4382213461637751 0.0047563810211528335 0.027616915425064725
7 0.5551306312400375 0.4381703965691809 0.00525948538023735 0.02762472613416339
7 0.23610579728025552 0.46401112605815764 0.014832284232624449 0.03186177233217241
7 0.35907372750961264 0.43990040390809665 0.005999885675578576 0.026913750624755206
7 0.3117640912060183 0.439949610780633 0.006472322313274326 0.026906343957987744
7 0.6360075658569196 0.43174165889162647 0.006707521225268742 0.03047334611820507
7 0.6521303542209633 0.42337505393561303 0.007715762127048054 0.03422694674787208
0 0.7242341569784487 0.536441481096158 0.03334224728955981 0.029917341605830927
2 0.6367943559876089 0.5357746416794862 0.09828917593828268 0.05529451867862234
0 0.5000728471745811 0.6532568063380608 0.12431818997021432 0.18959170015010118
2 0.21594591948086697 0.7220655585427013 0.36420022897418064 0.39760180626758723
0 0.14883639939958998 0.6497774195723345 0.25367679930213305 0.2006845534739874
