7 0.6433323160988753 0.4576939297754535 0.015218533176105442 0.035636974745366756
7 0.5075411937422261 0.4292571477269447 0.005300504194412525 0.03072427765665836
7 0.5614363776800801 0.42935576911460505 0.005917963943872784 0.030733110000029484
7 0.6380977461848656 0.5257027824680149 0.0016539688412330333 0.005081450122402464
7 0.22218627500346966 0.43647346297909 0.0074555137830577545 0.027218308911335032
7 0.20807922856577277 0.4570648164170589 0.016739474042928165 0.035347541084623124
7 0.34437075758732094 0.43083029547390966 0.006816899016762135 0.029859238413451505
7 0.29204735671245363 0.4307339378083118 0.007390540933439105 0.029850911962374715
7 0.7281150203745944 0.43172252517456544 0.02619320549954174 0.05815542565284454
7 0.6528621248158392 0.42162407711290034 0.007747774123348483 0.0342972048358251
7 0.6734947146299037 0.41099384827255847 0.009101734207702994 0.039124101381509735
7 0.7231535632722783 0.5411676052453489 0.0024158228491010236 0.008187120044563678
0 0.7463993120587176 0.5385640368613602 0.03749456638581539 0.03308506823464741
4 0.42570127007305136 0.5437064804012639 0.026098267621775417 0.04685908435902397
2 0.7549080001647124 0.5388117279227331 0.1196372960315476 0.06277140144344384
0 0.5004495002235265 0.762950777495388 0.22582415999501254 0.3677919617418979
2 0.1729464554911695 0.7657622154035634 0.345892910982339 0.46847556919287325
