7 0.3372274642648151 0.46954392434743314 0.0072865601016691706 0.026232134008113195
7 0.302555652851514 0.4372109676100655 0.006961523768857614 0.027536889918923058
7 0.31978477783473924 0.4427464098682159 0.006197223685473541 0.025053075536951408
7 0.33818874905230173 0.49050837802923747 0.008071595829527767 0.009423535303289876
7 0.33645274796017 0.519351561989488 0.0009880334224421916 0.0037353688194635692
0 0.3503581878011225 0.5616804917466611 0.07584607716169373 0.07412369440621791
0 0.1606894444925307 0.8087629683819401 0.3213788889850614 0.3824740632361199
3 0.5807580581196252 0.511677554111844 0.03430744587628709 0.027449019423520127
0 0.38635675876844755 0.5335642337144888 0.0360554635551632 0.03108605456712754
0 0.32061694691993115 0.6556506215821039 0.1686919283560819 0.1963983232244565
6 0.8524981017388468 0.5978843563759452 0.026643393733043252 0.14052215996616502
