7 0.4279898585275408 0.4754021946899928 0.005346305846046007 0.025390158955146236
7 0.4159032004765877 0.44456844532693607 0.005684262622753455 0.026438249357903898
7 0.42296353305429785 0.44969044587592377 0.005139772924274699 0.02414034799585313
7 0.3485708582450438 0.44550816621892353 0.013886722820280584 0.05236930266295092
7 0.38507625836533826 0.434067908371157 0.0070115712073588465 0.031172267548605914
7 0.37109398616197403 0.4253809666352307 0.00804452738958672 0.035112082807585154
7 0.5678448450776257 0.4763004072989391 0.005252005261714876 0.025069742758066227
7 0.5666266524846868 0.4964381644166223 0.007297717230549616 0.008938766117886021
7 0.5641960626388235 0.5238497765596584 0.0010638937562144068 0.0035381161342040723
0 0.27060366293657545 0.5422561961863158 0.060955210952881284 0.03222394822218977
4 0.7440752297017937 0.5388181822390276 0.02324310942198804 0.03512561190338337
0 0.5740647401805414 0.5475583436684922 0.06273948181200328 0.04476975946350836
0 0.4327165614693028 0.5587597287776019 0.0348977908412631 0.04749801281290744
0 0.7557179102236913 0.5386361954013891 0.07091386256579957 0.029328852982738685
6 0.6312377269427283 0.5389186408862962 0.00538214241249213 0.04505050969985924
6 0.1509664537343955 0.5276200083515814 0.006385988951436661 0.032606307915995725
