7 0.48324978141541824 0.4853832327990259 0.004045677183682095 0.010350601207384402
7 0.4833645561288561 0.4755820586036533 0.0017104975484350526 0.009523296863579278
7 0.48396364926374197 0.4763031848932462 0.001652138956818594 0.009207492598812428
7 0.5402046035468046 0.4825489620776905 0.005076805806887519 0.012781879114240058
7 0.49098542610654344 0.47252475040402103 0.0019176481721002725 0.01086397067811995
7 0.5103695243914577 0.47252157098047853 0.0019108314420034356 0.010865307859170337
7 0.6885787818399005 0.44303143105057285 0.020692227947070818 0.04706139415424837
7 0.5098739995759988 0.40573747338768396 0.007004342522692886 0.04088518331584373
7 0.5810359637908185 0.4056957401864648 0.008088173119342845 0.04090415982338719
7 0.22553882285577526 0.4614379071932003 0.014563640147532392 0.031009811099786455
7 0.11683475585281353 0.443640981989217 0.02332466151591024 0.04653073010474301
7 0.29626374347315265 0.40906285303050327 0.00961610493886006 0.039357958476870236
7 0.22782810374790363 0.4091015632712307 0.010607054227664031 0.03934040457848037
7 0.4154539289662413 0.4740691043249674 0.0020905977548851817 0.010186602218467733
7 0.8730845326394407 0.38754371327095405 0.047227349151066744 0.09636727768842018
7 0.7093031613119442 0.3914796559107361 0.011587028376858655 0.04747463237824184
7 0.750158198581051 0.3705858339834588 0.014722169434783883 0.057246442290794175
1 0.396281884210655 0.5129870998886501 0.14477671253965896 0.23819795083446332
0 0.5065097759922631 0.5122179977401665 0.018473666793370314 0.015551293375042352
0 0.7746560845230666 0.5423334378277702 0.0945075307360087 0.03924177842173948
0 0.47804987894331263 0.5097402690599669 0.01959986571580935 0.018403044885139774
0 0.5001083980909753 0.6085303666663586 0.08160317513998472 0.12219103457111291
0 0.8369669354909854 0.5438534671810045 0.09981886878402291 0.051684159323304946
