7 0.46878238738481526 0.48616052264752063 0.002012180032035016 0.011060211838387402
7 0.46779087446912687 0.4756402908912098 0.0020274874490175954 0.010167659719929834
7 0.4688906148140459 0.4764602993685112 0.0019526735250371408 0.009808475481379253
7 0.4579891453275071 0.48247272942329433 0.0027052907262767323 0.014263241166248941
7 0.4601080223894473 0.47420120690037226 0.002180969724701498 0.010798478300333036
7 0.5306452173875089 0.4864709332982956 0.0020106703699743766 0.011000352442636141
7 0.5050841483795798 0.4779037445816565 0.001770298847186158 0.009282849483062627
7 0.5301217090372925 0.4953832351462778 0.003177529246566335 0.003962828252430495
0 0.5460508553796253 0.5318322119272674 0.04670080194259707 0.03115554042718871
0 0.4756983197975018 0.5206690472407844 0.015475263104686388 0.018580556828630246
0 0.500580749800773 0.5259704299111216 0.016744199151039862 0.021779761394589592
0 0.5005241942664279 0.5189462021637514 0.013103055621332349 0.019701963470457384
0 0.41857377063053114 0.5129383915636914 0.023350518277165222 0.012250552276615978
0 0.5561900737345142 0.5148859986021392 0.024969967909207136 0.012037965762329184
6 0.34833971177518747 0.5127707979881433 0.0026579472703441853 0.019484222020253683
6 0.5595782993204104 0.5146639692061075 0.0030056722024460747 0.022171172544407036
6 0.5595361887590655 0.5092007774987147 0.001933962163663705 0.014415561977438207
6 0.31706818024951977 0.5122511853794363 0.002899345977520562 0.01874328892083965
6 0.35200212217703064 0.5115163266852027 0.0024707447057037424 0.01770900332486336
6 0.5133578931423848 0.5118798900547189 0.0022737524881301097 0.008395482034888824
