7 0.4875256033585864 0.4822060409618337 0.0012779956638370171 0.007164068270189561
7 0.5293995824418276 0.48782437842342197 0.0036706904423874365 0.009312438775475662
7 0.493499950596174 0.480527695438962 0.0013900250892331378 0.00789723928575281
7 0.5076265965467319 0.48052641096762005 0.0013842589408822326 0.007897957438399439
7 0.5804223513661471 0.47558235544927063 0.00811726905828225 0.019844229379891554
7 0.5042833377030745 0.45998404581358576 0.002925061145331087 0.016942641734084496
7 0.53435660194286 0.4599773312385991 0.0031178807185208157 0.016945955875023677
7 0.5774856367855803 0.5136787288541462 0.0008638559785205668 0.0028338455704586263
7 0.35514456554648993 0.47970190446511707 0.007014711247841476 0.01628811047433859
7 0.3457541177395411 0.46445113839210295 0.0034482227458762504 0.01496276027066784
7 0.3358833860679675 0.4756868208230665 0.008614724827056497 0.01974872677817452
7 0.4121600339712874 0.46058727481274403 0.0034216401449651546 0.016674123789022
7 0.38258545353904344 0.46059376038051336 0.003605945196988869 0.016670918103163013
7 0.600589402807622 0.4692636860624701 0.01049458979112694 0.02530638470546065
7 0.5867495311335618 0.4548554115080337 0.003909092893509936 0.019222335995188522
1 0.4334712536436761 0.5085072229883053 0.08714238675883412 0.14904822888421543
0 0.500974344044947 0.5109916316650124 0.009540663580280051 0.012847402569793998
0 0.48668008792616463 0.5089912915003486 0.00966364661926955 0.015375009231572756
0 0.6235635585113477 0.5769440494929328 0.1434258121398554 0.07835164876147882
