7 0.6184391301873894 0.46602994543219217 0.012357990350112313 0.029443094493077915
7 0.5058788529241633 0.4428133793281165 0.00435509802967482 0.025294570393926075
7 0.5504674724694317 0.442800651315748 0.004777128431471267 0.02530019390710686
7 0.6141340907031556 0.5223863415634764 0.001332176090544146 0.0042019973727580595
7 0.3021070016326058 0.4743700726183713 0.009929979819583545 0.022249241545260423
7 0.2651966762980771 0.4482334904212042 0.005915530344804576 0.0228698847283913
7 0.2828366777693474 0.4521348010600543 0.0053344850745684624 0.021129927309663676
7 0.2572905483169051 0.4662551993687629 0.013434225843152237 0.02924965767692822
7 0.3702379700178601 0.44412734773694307 0.005415902955402174 0.024706067159376066
7 0.3267129585677232 0.444139485739216 0.005814462848144297 0.02470071113586325
7 0.6705478181449598 0.4500523926984584 0.01880428779195542 0.04331258404669197
7 0.6236736212552187 0.43752786864866144 0.005968544387858654 0.027668037733297512
7 0.6368788610305791 0.43074126181697137 0.006762866990679517 0.030728534759278392
0 0.6858021789825105 0.5303352537670154 0.05326316255465113 0.02663533393185269
3 0.4621665086922623 0.5142661874280697 0.011754689754064962 0.019957659713237375
0 0.7030888394165526 0.5313505128786558 0.06535918716401157 0.031471927247317844
0 0.5387483600123806 0.5491398862063661 0.06694307095050245 0.05746483086746068
6 0.4560718143408585 0.5217664159823543 0.003461733369212072 0.027446870459392314
