7 0.4536478883172434 0.4752338820175489 0.0054810107471280345 0.022046847154822358
7 0.4320955033129583 0.450007167176109 0.005129184860669156 0.022273898307971052
7 0.44290012916083144 0.45366080344644555 0.0046980057352743465 0.02064047365323657
7 0.4546136244908909 0.4928888090791237 0.006497850793076965 0.007945184401371763
7 0.6503714814571055 0.474471769863757 0.00476828444480093 0.02233558384004697
7 0.5650260224831845 0.458334980960314 0.0035658742555005896 0.018366294341657152
7 0.5981610085520687 0.45788388908406724 0.0036346811665970424 0.01856540234528503
0 0.5337443905721655 0.5576065215067163 0.04373488060318509 0.06420080848024223
0 0.6037873460645121 0.5568667251249303 0.0433559952720215 0.0596033604385493
0 0.5522443688437155 0.5387810379953708 0.029048842885281534 0.035658114652857065
0 0.5622690092123286 0.5239911704838585 0.01988525837399724 0.030849643116422798
4 0.8467933291499244 0.5326337139089934 0.023817097507155438 0.03266286057532397
0 0.5939288452430943 0.5260962420693927 0.016826066947564833 0.024545866600938715
0 0.3236165810116666 0.5828861422158209 0.10984094309051828 0.09172826401020673
0 0.4788819753823983 0.6253671693910964 0.11315666478899139 0.1420129735715545
3 0.6859647545660686 0.529818495466384 0.08336376742205598 0.0599699805953155
6 0.27034861762584184 0.5447860464757435 0.010588396526737653 0.06286761382351902
