7 0.33447709193570446 0.46022504761828265 0.00972329153335505 0.03477993944143082
7 0.2830328041799697 0.41069629638194605 0.010222148748530835 0.03968000171752978
7 0.30944961912884517 0.421581362204668 0.008666738000042917 0.034721396704740615
7 0.33569581054949166 0.4878437547186909 0.010662205640327715 0.012450964846058232
7 0.3334099584643584 0.5259120257609939 0.001317785093628343 0.004946448834898365
7 0.6264128191909915 0.4625309944786633 0.008060627845565493 0.03215639809927795
7 0.5056139466975006 0.4376589895264778 0.005106836191848929 0.02717295980095835
7 0.5535110206082547 0.43765823201439547 0.00555054506592334 0.027172956724943187
7 0.6217839588970953 0.5231313066054418 0.001442944704224458 0.004511320560686594
5 0.6227015398393252 0.5488045285875408 0.04286867909588443 0.0518381085794426
6 0.3288995322040802 0.538733478703858 0.008629725234871932 0.025578884696357274
