7 0.6955545801070107 0.45816679755087136 0.016352834248583248 0.036888069349964914
7 0.5555626313249826 0.42887151562478776 0.006087540958248594 0.03190119489979626
7 0.6114300324221034 0.42890785001455706 0.00674314484959293 0.03188572532759493
7 0.6902834588435109 0.5286151777377566 0.0018094840938235324 0.005262986009249793
7 0.25362312347660465 0.43691564926176674 0.007382592106574548 0.028252905449156984
7 0.27569840364094667 0.44270391956470045 0.006503547296549561 0.025644581965685476
7 0.24283603678439084 0.458239393645153 0.01704265389815457 0.03680849268870945
7 0.3846202624318747 0.4307562110737808 0.006577306455174847 0.031042769828189987
7 0.33008893526443045 0.43072164206666513 0.007211628942885628 0.031057443088212455
7 0.821916547840253 0.43005133880248814 0.029487740661178652 0.06159965041746246
7 0.7126736258134874 0.4205444642467794 0.008857429647626813 0.035696131632381556
7 0.7432945113443074 0.40907082917009774 0.010580150765240992 0.040956910462722596
7 0.8150608701735587 0.545905630165197 0.0029970734026777412 0.008675091625289233
5 0.07559269927566306 0.548735813503653 0.04998161862570162 0.05010054496636274
5 0.32939730083933594 0.5708976560642269 0.03689408852598591 0.07793682332985907
3 0.035697940621479574 0.5404005770370429 0.07139588124295915 0.08895599676266941
0 0.7078165438278466 0.684751725709628 0.2098225885745293 0.24761661924444023
