7 0.3344798744845799 0.45996217716152316 0.009723294416887351 0.03478687062693586
7 0.2830371269482165 0.41034136322970094 0.010222136726360465 0.03968488593024694
7 0.30945341678593663 0.4212695247068584 0.008666751857985877 0.03472517799378305
7 0.33569818273518204 0.4875783827695905 0.010662220681947665 0.01245255898672959
7 0.3334117311121194 0.5256465385840949 0.0013177909577878344 0.004945743181212436
7 0.6264154122178809 0.46230155826780894 0.00806094756296416 0.03216200958738624
7 0.5056169538371739 0.43742124530231985 0.005107017032804695 0.027175247719054274
7 0.5535140299763001 0.4374229013062392 0.005550752084808375 0.02717522228244329
7 0.6217855788575656 0.5229014277087947 0.001442983554882371 0.004510979361073697
0 0.9771958580046809 0.5539357307904726 0.04560828399063832 0.06121900409020642
0 0.4407815146861213 0.5447287748636411 0.04009980888541931 0.058422808674065796
0 0.005893890026009355 0.828141390562697 0.01178778005201871 0.34371721887460605
0 0.14720740186672604 0.8219357811851318 0.2944148037334521 0.35612843762973656
