7 0.41947882797407815 0.443812391622255 0.012382743810720798 0.050214625515373146
7 0.29836966616619054 0.39562345544510424 0.009583250043214475 0.04743130195225431
7 0.41694360292873345 0.48337195472720257 0.014466833608099194 0.017727844732265297
7 0.07211971298223724 0.4242504167913046 0.02190135744167771 0.06731095350621447
7 0.013816349080688383 0.3306201520786654 0.02407778584681833 0.07824931179139516
3 0.12791692910509098 0.7234150080905845 0.25583385821018195 0.45955822316722794
3 0.3489059433545906 0.5697977555336562 0.12649238873351737 0.10489316910886393
6 0.7694414804082838 0.5310819706777283 0.008089491223750578 0.044747853675088045
6 0.6043696111276524 0.5805424504844785 0.015171279572475549 0.10598780909257999
6 0.621251346755222 0.583693400878649 0.017574422706799542 0.11129021522735894
