7 0.5480790693385775 0.44858295388484803 0.004629870679433878 0.022742407416089072
7 0.4600000763485069 0.4684572368505764 0.0050606439068259235 0.02727452457009194
7 0.4551043214542866 0.43419359426607973 0.005800219556177044 0.02890924218549673
7 0.45912357273350424 0.44028030018467146 0.005228364240791483 0.02618400943310606
7 0.40582254003121776 0.43093801428204087 0.01344679737038329 0.06105806730844876
7 0.4285362303426371 0.4214143549273376 0.0072379718784490454 0.034665294529371005
7 0.418841039211707 0.4105250558648855 0.00836931412086761 0.03960668591486666
7 0.4066087964514104 0.5428670554239534 0.001862966629524787 0.008343271399621988
0 0.8174016844129868 0.5387101297889676 0.07919503673821116 0.036543293216607986
0 0.5559932432155792 0.5405044376733957 0.06961904070517333 0.04511568527850285
0 0.49995935946771186 0.6662067727880926 0.11853289517717086 0.21430835889351996
6 0.7779045520430798 0.5703841702108723 0.01786750265334658 0.10119015841746504
6 0.9408818332266977 0.5799322381567982 0.024156674353350005 0.11504661036665487
6 0.9273322580243604 0.5748370165788895 0.021933173141620355 0.10768056263074599
