7 0.4870073258086444 0.484346178755761 0.005257239966741545 0.013165642388821841
7 0.43629797255056946 0.47307196929620077 0.002029016327868949 0.01129434499251164
7 0.4564427160009277 0.4734720006372912 0.002048837947937865 0.011240322863808105
7 0.6611283149924785 0.4441924401462204 0.021699080603279186 0.050257885452139106
7 0.47275920416138484 0.39745731981978566 0.008325356646441573 0.0457438746933323
7 0.5501596859469325 0.4003645564849706 0.009299220698255173 0.044872895033123694
7 0.1358223164633165 0.45298364991498347 0.018324485518027372 0.03621653405026559
7 0.030051193725027788 0.39813966103597864 0.014368391241530491 0.04267332809385155
7 0.0825684967341885 0.41103418385929835 0.011754405560112521 0.037039705714584314
7 0.1329572570515097 0.5216806634861271 0.0018744529625122075 0.00518301057458892
7 0.22204320802739036 0.3922111702089093 0.012091883313955193 0.04662858474829662
7 0.13562096075252789 0.3890436628298779 0.013958170993399494 0.04756940643432522
7 0.35239041531078297 0.48201816189303703 0.005762622765583203 0.013568201805846669
7 0.3515503528827871 0.4929757416979905 0.004146636416410554 0.004923147140334649
7 0.9020346653964733 0.38183737976252186 0.051793688689688255 0.10933361567484173
7 0.6896405622808733 0.3887672080836999 0.012848226705566512 0.051155100933254094
7 0.7420618008250568 0.3653670048151182 0.016610516717217583 0.06255027879016772
0 0.7017423031795933 0.5484603866763185 0.04263634023200524 0.039144912386835595
0 0.4482440481538448 0.5185370787885509 0.014466288151701812 0.021358091885655517
3 0.4480342749262291 0.5125247836395732 0.015216104926339402 0.027768850950085577
0 0.40378433742588166 0.5162909156308254 0.015474345993129468 0.0194577680430581
0 0.17593143064349884 0.7929195236538801 0.3050668403464282 0.39872413731484957
0 0.7186211171914235 0.8244043527786721 0.562757765617153 0.35119129444265584
6 0.48245434445822866 0.5119687103444992 0.0028914703168694267 0.017601782679834144
6 0.7087811081372282 0.5296873186772402 0.006518643221481768 0.03852317098917879
