7 0.3344798744845799 0.45996217716152316 0.009723294416887351 0.03478687062693586
7 0.2830371269482165 0.41034136322970094 0.010222136726360465 0.03968488593024694
7 0.30945341678593663 0.4212695247068584 0.008666751857985877 0.03472517799378305
7 0.33569818273518204 0.4875783827695905 0.010662220681947665 0.01245255898672959
7 0.3334117311121194 0.5256465385840949 0.0013177909577878344 0.004945743181212436
7 0.6264154122178809 0.46230155826780894 0.00806094756296416 0.03216200958738624
7 0.5056169538371739 0.43742124530231985 0.005107017032804695 0.027175247719054274
7 0.5535140299763001 0.4374229013062392 0.005550752084808375 0.02717522228244329
7 0.6217855788575656 0.5229014277087947 0.001442983554882371 0.004510979361073697
0 0.7727537136934075 0.5535501636693183 0.11854509864903373 0.06030688478979407
0 0.3253102982027122 0.6378449402431147 0.160435215823717 0.2027185198554129
2 0.6294037843664437 0.5177922127293986 0.04331323730420822 0.02831980152984548
4 0.5523027084853175 0.5231560969844347 0.012104911970289178 0.024281527287823512
6 0.35302440390174117 0.5256688396981486 0.005367446721445013 0.03671266494185521
