7 0.6197159108057587 0.46680151529404523 0.007298084041129638 0.02950385167584746
7 0.5526546644323559 0.4439324259800521 0.0051093801923378646 0.024946349346566088
7 0.4561767817864011 0.4656710351671247 0.005631024780345384 0.029949165987501303
7 0.44956573067112016 0.42630843484626135 0.0065778264278599785 0.03256566723403792
7 0.454598874076393 0.4339044785724939 0.005852724977514712 0.029148533657076536
7 0.3836893500485459 0.41478749381855184 0.01782719556141177 0.0762769657045585
7 0.4177500498620246 0.40978161705795446 0.008477673262368923 0.040057045710680306
7 0.4045978206158076 0.3950441342451739 0.010063814302155472 0.046802670730894946
0 0.4901280441685851 0.5693228317902623 0.05394885411015238 0.07952490837885917
6 0.6604693055648216 0.5302082753784798 0.005764288693230202 0.03969796231475986
6 0.6886256060112221 0.5387334174415188 0.007779856704546173 0.0494731796720036
6 0.7098703895321656 0.5268386656383387 0.00622848111024199 0.038028348237204135
6 0.683114771876427 0.6026164723861673 0.022032013538997197 0.06576440400905914
6 0.7036791618992599 0.5435337906781127 0.009110148412337593 0.055820624853999856
