7 0.5407360511872956 0.43685144769091355 0.005218574638799489 0.02772154847808067
7 0.5893067646127812 0.4369639925116502 0.005699800174577718 0.027671162582784736
7 0.30932279526486084 0.47176604984388776 0.01064220813934652 0.024014241020635763
7 0.27288007705841955 0.4426618872743629 0.006350045367470081 0.025112752652365566
7 0.29060169752817 0.447318415432188 0.005679291454767921 0.0230307822621168
7 0.30843711282926844 0.5179090407015002 0.0009606275399169362 0.0034621446471956308
7 0.2660250793274357 0.4621019236097933 0.01475347339450489 0.032350325233227784
7 0.39099063940584533 0.43803998723625626 0.005650314540738999 0.027186613754813516
7 0.3429056969536839 0.43793123880972906 0.00615455682885202 0.027235257898952814
0 0.5100117131239685 0.5158754184285426 0.012289276952271444 0.01739726454033541
0 0.48792146905987754 0.6756784924177726 0.12247999864383047 0.211726654816757
3 0.5088097602447413 0.5110717245456919 0.013076867089247823 0.02309638607623349
0 0.5792440192558376 0.5443476399659339 0.06144553281902132 0.044498089706812904
6 0.8009657539099462 0.5203019447360658 0.005305076958101562 0.0291766636937576
6 0.558343044451251 0.5218459297295701 0.003706493459149529 0.029290258311644002
