7 0.6117348852757593 0.4689649240476709 0.006652141386859434 0.02751103352994594
7 0.549072592692253 0.4476287186744659 0.004741473161211429 0.023256856831745054
7 0.4590292133402491 0.4679383743147689 0.005193019452856329 0.02789923900886654
7 0.453756710583594 0.432518773092459 0.005977785066032915 0.02974646182762819
7 0.45799968877921493 0.4389382004894664 0.005372356597440009 0.02686901231613109
7 0.4010256576448152 0.42764096613515906 0.014343367100708937 0.06427472476502805
7 0.4260294675155628 0.41893039616840755 0.007514470627876302 0.03587602868349293
7 0.4156073961507951 0.40723258428169046 0.008739800164922595 0.04119476446894188
0 0.4992450736416801 0.5821469812187433 0.05625100713111786 0.0958360727199501
6 0.6329275184772678 0.5291347537034623 0.005500665688173645 0.03740895045604076
6 0.6637163063870632 0.5319197948518348 0.006057320272593092 0.04089243347829552
6 0.6641832265271386 0.5338107158604817 0.006388592852056729 0.04321258637505221
6 0.7134295041045506 0.5249846494415471 0.005843366105069969 0.03544704582291924
6 0.6957509714878659 0.5412251924784335 0.008600963651911986 0.05303022618987896
6 0.03720652913367357 0.579493848770591 0.021302164982018788 0.10339202589962004
