7 0.5415147116055758 0.45595845087822384 0.003952330472040577 0.019581308724827384
7 0.4655189990048795 0.47314080398088876 0.004267743491013665 0.02344846879538992
7 0.46262652931653037 0.44553395501821164 0.004769641942745095 0.023987325116370695
7 0.4654399966555779 0.449820361281984 0.004375534757995292 0.022080232540953815
7 0.43012756244167905 0.4491994995581 0.009176312668453257 0.04473600287224555
7 0.4423672779145057 0.4369524837416431 0.005708555355272982 0.027821098761334484
7 0.4362515987423508 0.4300549933684823 0.006393601730673826 0.030917721707249768
0 0.7436330819441956 0.5350162224431732 0.0537450843822056 0.0332850183877661
5 0.34278774736517126 0.5324206285489121 0.025217366280031572 0.03144089419111118
0 0.085606652252121 0.5311141178451049 0.07113586311400115 0.02662661970765401
0 0.010580353388400493 0.5319769289157699 0.021160706776800986 0.024942665394339536
0 0.0267086238117543 0.5289558289084128 0.0534172476235086 0.038379614037666876
0 0.5000701637909859 0.589800494732186 0.0617212103655031 0.1052831326969571
6 0.32897674332134985 0.5483815439101929 0.009692372424474127 0.06228037861033775
