7 0.4852357548659169 0.4885745391026733 0.0036382838187334343 0.009318377338822459
7 0.4854686483431513 0.47991595919113406 0.0015212133490012936 0.008495787044911995
7 0.48595236857200386 0.4804929494285858 0.0014748691919533319 0.00824354595062099
7 0.535715848139322 0.4863275423656167 0.0044506897730672845 0.011244570890907357
7 0.49239465587945985 0.4775140726443305 0.0016829554717461281 0.009546933454610773
7 0.5094488728621631 0.47751129558199373 0.0016765854616525022 0.009548163871081039
7 0.6265386090761922 0.4630779679863174 0.013209765797714379 0.0313071977661572
7 0.5069389413437305 0.43839621899291503 0.004632672341636335 0.026920430745898394
7 0.5543347810926584 0.4383745326755887 0.005110854698399003 0.026930234458162616
7 0.6219596194563028 0.5229637879277353 0.001427252148378244 0.004467010180324915
7 0.29371456076651514 0.47234734600337824 0.010447804177392328 0.023278939806660348
7 0.252770104025066 0.44450746931449636 0.006361781092255464 0.024174495941999108
7 0.27234608884190104 0.4488314384376221 0.005699861970469455 0.022238838909230785
7 0.29266952859485196 0.5170993630061836 0.0009767710702865418 0.0033563980354731626
7 0.2431629537329829 0.46336553722955653 0.01439227026248982 0.03105694700020084
7 0.3630280931737301 0.439897482345844 0.005821178479965605 0.026244722959799238
7 0.3168784074830815 0.4399180824767679 0.006268353748058064 0.02623541914997668
7 0.42538846251999374 0.478719534837301 0.0018181762531275236 0.009019108254283204
7 0.6329383540651558 0.4323799743827546 0.00647933861752259 0.029634957895244618
7 0.648165029852807 0.42457438898240746 0.007419597537903777 0.03317353167566395
0 0.48647667188050336 0.5115957592637236 0.01900429745176946 0.012020314758133921
0 0.48193642531794145 0.5140297276241226 0.011797564608739208 0.01884046273821771
1 0.42873313225650794 0.5030332518039514 0.03657874909441772 0.055148350403805946
0 0.5080198542916121 0.5374461702146331 0.06830930896733356 0.03477774054408256
5 0.5005644190646268 0.8139684565484406 0.12440021536322021 0.3720630869031186
4 0.44986602873997594 0.5200460559688431 0.007355698286236778 0.021145407920573178
0 0.5004131674706114 0.6671787125150314 0.1137515732054587 0.19973648986835024
3 0.45339592538584544 0.516620147304524 0.014591311399855478 0.024656067927232628
0 0.5201064586532596 0.5104235031674941 0.020472746925869867 0.011441412172331189
3 0.5206150323010048 0.5095051958206194 0.017869263326976803 0.014198797957947762
4 0.4089766853492839 0.5453795419858039 0.02398739569007402 0.048635529965799784
5 0.25124587288549644 0.5293914255599598 0.028561484128854647 0.031292394971434545
0 0.4794091907712148 0.510410808512412 0.020644530024166108 0.0114280738198409
0 0.4837273286178813 0.5144271823083638 0.010660264055266322 0.014610247093435058
6 0.3642356244607986 0.5175321845527905 0.003401204786958656 0.025645435119181714
6 0.37235551003620826 0.5200655231643223 0.004202968586950961 0.028781059683458232
