7 0.5773342671215362 0.47005824907314153 0.0061815988367647234 0.028609792444516946
7 0.5117594194886562 0.44785415785467164 0.004629429792115891 0.024218036237467766
7 0.5759221107912738 0.49303036910916453 0.008353080275666724 0.010180055747899652
7 0.5731573216832371 0.5242760263423502 0.001223787742270277 0.004039266602927416
7 0.41776984710685494 0.46901355325412286 0.006318014023177665 0.029028054557026506
7 0.40060746903867656 0.4321613226256887 0.006867805591229348 0.03133589518771085
7 0.41034339615608895 0.43887089313761685 0.006091837275942424 0.028159131653329783
7 0.4175875566156517 0.5241692509963195 0.0009103562688126954 0.004146684921236821
7 0.29785100354080485 0.4268989290178841 0.02110070818589338 0.07060904305924243
7 0.35971244825423426 0.4177319388531374 0.008865418336441055 0.03821340693933378
7 0.33824871221439456 0.405055903028537 0.010556911439065342 0.04430649560408112
7 0.3009946016155538 0.5558382580674104 0.002697587066209761 0.009666034190741635
0 0.23981646349109553 0.541152200250625 0.061785223215960056 0.03567751157330468
0 0.2866546611278447 0.5556059931067125 0.09735405840329567 0.061686814992961025
6 0.14389787617092592 0.5370255973209059 0.008488876716611943 0.043746198511240064
6 0.09718560280781038 0.5887208557318033 0.021118617243056567 0.10534010295136265
6 0.5977341861493503 0.5823201347961633 0.013670664254887388 0.09776657830014324
