7 0.5825431881403766 0.482814859227909 0.0016573744076041619 0.009130808561153947
7 0.5611296580396941 0.4757791448282006 0.0014759765126473035 0.007672455958007196
7 0.582099677343791 0.4902236340325947 0.0026685769116800984 0.0032943586850242013
7 0.5310923459960359 0.4826807122433994 0.0016204340013018514 0.00906449612904281
7 0.5306741916621578 0.4744141907004915 0.0016246805142069443 0.008205062271688435
7 0.5314073987424189 0.4749246544792456 0.0015769496174733444 0.007971010375161403
0 0.5565368045340484 0.5167853297498036 0.01698941104021834 0.022552657340378923
0 0.40156026974603387 0.5036207286332539 0.017057157370591602 0.01329640775886437
0 0.53909997036343 0.5080615439482923 0.010790264907690528 0.015600932873756856
5 0.5479032498052823 0.6546987797540998 0.04416400291749267 0.18305100071082614
0 0.5570480722888271 0.5094480890985184 0.01127764501592543 0.015787768822314252
0 0.0023570370704003854 0.6630695325730143 0.004714074140800771 0.2733392069299464
0 0.5291890719154348 0.5153079476031334 0.01815892192741486 0.02594028760848688
6 0.1009718158879691 0.5377622151406699 0.012181192279383551 0.058870725375759436
6 0.41661710808337304 0.5034449175529498 0.002031356550407093 0.014242693051925659
6 0.5964144233230498 0.5017904785735069 0.0019157011928692125 0.012087304473049676
6 0.5871940334273684 0.5044199498357482 0.0024579316302940635 0.015490881959845215
6 0.23622085582368396 0.5242744894164575 0.007407329868106299 0.041279189905680025
6 0.607462539842484 0.5069496893245977 0.0027779845231991063 0.008822099593853272
