7 0.48374572375802727 0.4885748553402258 0.003885011248629222 0.009944113069778271
7 0.483911011477438 0.4792265273057686 0.001635167362106671 0.00911606418688049
7 0.4844630398048785 0.4798895708352092 0.001581749589843362 0.00882627568370159
7 0.5381245642849625 0.48597733307981095 0.004825059503314133 0.012167226448914659
7 0.49126094919621466 0.47643609874392784 0.0018236356652270858 0.010337136493935084
7 0.5097145216182866 0.47643362175483617 0.0018169052933817431 0.010338218547731981
7 0.6593146865476105 0.45411448403512195 0.017107151702870804 0.039682080006559595
7 0.5081925155525641 0.42273191158490625 0.005890671892829102 0.034310249216740196
7 0.5682362299272832 0.42270560880662256 0.006656096175926773 0.034322200345270615
7 0.6535681447856051 0.5298267681456963 0.001867565909714708 0.005658967030260698
7 0.2549697706274966 0.4680058211066418 0.012716985164467398 0.027631034589323977
7 0.19415993646016072 0.43226300950678714 0.008499447196968463 0.029990264461711602
7 0.22343220564896152 0.43874579778130834 0.007396058108085468 0.027068000328819286
7 0.25340551740254846 0.52107759627279 0.0012444557366695919 0.0039900937261904135
7 0.17521069137590323 0.4545341131585765 0.019002262670106962 0.03931693651100726
7 0.32694244244270376 0.4251049784901527 0.007765617923106816 0.0332320264987539
7 0.26883282339875103 0.4251296530419808 0.008475157694106839 0.03322083382686131
7 0.41627034397617235 0.4860079696540085 0.004999166519463472 0.012141038414412886
7 0.421871695975677 0.4785919477656726 0.0019038431519386445 0.00939355057507324
7 0.4191099810184801 0.47784007601811773 0.001980050705402192 0.009722477346734204
7 0.4155692103597901 0.49589468688886884 0.0036162543964867733 0.004383462467898724
7 0.7726550678700286 0.41981496443988386 0.03225778003384394 0.0698021328254394
7 0.6722918597165496 0.4128233968101586 0.008994478723450605 0.03883119033265825
7 0.6990503732739128 0.39911297339150087 0.010846091644815092 0.04513700152281869
7 0.7659317740484766 0.5506357727736197 0.0031019269461495247 0.00980564403577111
0 0.892414318486411 0.5419642812798112 0.08900713315089015 0.039334100055865795
5 0.08618827450892567 0.5381871605495923 0.036726846263426566 0.03527537452131335
0 0.5013306186050239 0.5157861630554799 0.010085055691782752 0.014913052310063901
5 0.28245133479376083 0.5612183199642288 0.034943752133757666 0.061751617631113476
0 0.4360459569056978 0.5183534270652345 0.015808980208910972 0.017893453603962994
0 0.4002341854316088 0.5287097352056914 0.029439660378516697 0.027577838614948558
5 0.4988101738457136 0.776275153462352 0.08075791789860687 0.3562761624858938
6 0.3845734955775857 0.5252133218868241 0.005420930122884526 0.03396564930383472
6 0.08535853893817791 0.5785897553144514 0.020577618962863795 0.10287118383500826
6 0.6624032964965156 0.5243505001377444 0.0050622729470534145 0.034352451052992006
6 0.29586246366817437 0.5799572064620782 0.01635219534017812 0.10272783561987875
