7 0.42174883590717793 0.44749347574023973 0.005354308565607591 0.02509017893402221
7 0.42813620900907245 0.45218626458509825 0.0048672968083922075 0.023011646613933234
7 0.3622676157977246 0.4497760228842139 0.012334060219362508 0.04807611727517053
7 0.3934394696216209 0.4380158474460979 0.006522904674265639 0.02931159569352576
7 0.3811518979330895 0.4302877929920734 0.007412657601078121 0.03276871962154876
7 0.36344914338100176 0.5388555186772787 0.0016545359058234843 0.00663417835511515
0 0.3771559367897788 0.6029192102913719 0.1076113518392271 0.13423849554836054
0 0.6079452837449183 0.5384559410717392 0.08180354641179632 0.0516087696478813
0 0.18605832299792155 0.567702146011309 0.08857496623449196 0.0665852534730339
0 0.5023351087709156 0.605929589844987 0.08778921133339329 0.12927364966037136
0 0.3313874972982033 0.5416151794886656 0.05941525143719806 0.0340523559346273
5 0.5376449239037726 0.5400446922662082 0.029794203004417597 0.03708167149287589
5 0.5018798808495163 0.6690617439983564 0.04729716153315505 0.19909401688279815
3 0.1811228063453727 0.5339228099897737 0.08894053265552493 0.06723172599022786
6 0.20876989414423686 0.5610401814780683 0.010862693767373421 0.07250465630669989
6 0.3067235219304896 0.5582200068341319 0.009903311644140433 0.06917550606328315
6 0.5908203218329302 0.5524680027038316 0.00946553188665955 0.06519535242165009
