0 0.600846299790554 0.5178560094342386 0.010897712406586768 0.015700590553925475
0 0.5780598553050523 0.5191008833720174 0.0128899925312973 0.017376770026317434
0 0.4816471714745598 0.5396192930495628 0.05135907672017764 0.06167140977776597
0 0.19057439049394925 0.6106439335123601 0.19270009929087503 0.13304246876485348
0 0.580445254364667 0.5172951002532059 0.012315397266133066 0.016591712354018684
0 0.5340156545581585 0.5193807311021912 0.015900911439646337 0.016297507874394213
0 0.5700851338187881 0.5238871709937825 0.0180191874428286 0.023653245710735904
0 0.5875707869201856 0.5129992415746918 0.009712153124222023 0.011698330340749519
0 0.5997629025452533 0.5215534863810756 0.01411233685274682 0.01915617091737276
0 0.5999212978463093 0.5105809860050818 0.011067688775225015 0.009874081532101009
