7 0.4467900123671069 0.47772304000826227 0.003732984451911725 0.018907024144531936
7 0.44128537830633496 0.45710972506389047 0.0038484191067848506 0.01857299133637541
7 0.4448718271618889 0.45975025501241606 0.003588940870990154 0.017408642086289394
7 0.4104856185181481 0.46427885678630276 0.006835315178540191 0.030682415649330885
7 0.42348066742827606 0.4520915680937161 0.004427685283294014 0.020791145998410088
7 0.41745303326272876 0.44829615461868566 0.0048262216823040105 0.022473635434354045
7 0.410822505667817 0.5219545982182877 0.0009593849296256618 0.004285516003315948
7 0.5516340211922435 0.4783298184688143 0.003697980961663405 0.018733754236621325
7 0.5084115030162564 0.46377183279842993 0.003018950647945551 0.01581948448344561
7 0.550729344935531 0.4934324120907146 0.005432189545386934 0.006709096777287704
7 0.5488750662959052 0.5140099333982581 0.0007829125933669356 0.0026506915315049895
0 0.35901781692918666 0.53610745220478 0.043562691036387324 0.03935577042187732
2 0.5008855108153667 0.5265769671194218 0.06577407757276987 0.14002858726872092
0 0.44030196987068493 0.5511861447826157 0.039266650931852554 0.051461087351324375
0 0.18829068621719677 0.5245195635291735 0.051062763603759276 0.024376738691604838
0 0.5009544122049294 0.6385479134994644 0.1292297743049876 0.2333188496994003
0 0.14991028407118995 0.5255557660873058 0.04404440005871657 0.023130196159419136
0 0.5004810335338186 0.5825259073118387 0.07076348941794086 0.10270126012354197
0 0.14198364761357313 0.5265153372957891 0.05718639600060847 0.024931653525221087
6 0.28739062059358234 0.5329197234029611 0.006427846673877857 0.04301994413210819
6 0.42512041123752126 0.535741538643077 0.0048871678427401255 0.029752224515387615
6 0.5629266680679945 0.5285750914569419 0.005858567394090852 0.04134506610184441
6 0.6042835710897312 0.525042264207417 0.005806163648206519 0.0362699543806122
6 0.2846009237300385 0.5203882924960925 0.0041104314675889375 0.02659661880546582
6 0.24463700511595904 0.5166331020294739 0.003954563144977025 0.02416715421907567
6 0.5983429177851426 0.5324148227031216 0.0064219493834360986 0.021473625937425855
