7 0.5256131327426035 0.48342679352052276 0.001274185552709306 0.007288832163821868
7 0.5386853653775783 0.48340542875526005 0.0013130634750150305 0.00729712105578928
7 0.6115937475254005 0.48062890484808335 0.007054591947879052 0.016963282988006423
7 0.5463845907851237 0.4675031854808495 0.0026138972336792188 0.014375890802929892
7 0.5720811061104085 0.4674259456525388 0.0027640027312152426 0.01440817274909334
7 0.6090751364909215 0.5132087884277698 0.0007537103060444306 0.0024223402896483837
7 0.4134933705579292 0.48393519458933715 0.005854034709744771 0.014087026402714531
7 0.40814548541368834 0.47109029308617006 0.0027273868715418925 0.012784114014422143
7 0.4040240093493753 0.4810677463123465 0.00694174919259033 0.016613414148492822
7 0.4678543687054691 0.4681518286759175 0.002700045732260903 0.014092547572981395
7 0.4429378790816827 0.4682258249396549 0.0028203916899827153 0.014061664846195143
7 0.4726245989485729 0.49022804264398157 0.0034165785993068853 0.008550170581740069
7 0.47203903888896825 0.4971926917164803 0.002496594334193636 0.00309234734188063
7 0.6306525127139302 0.4762833989533488 0.008773733212777635 0.020794663328314866
7 0.612940592245725 0.4656648984662593 0.0031544985686502436 0.015193634894749564
0 0.502819580270659 0.5141519750810188 0.009077960429301646 0.013618565747645417
0 0.4863070386197044 0.5145814007589256 0.010872006882791996 0.013462137910727479
0 0.5342710171326239 0.5118506583517991 0.007503347543300731 0.011567956634609855
0 0.5205371880922482 0.5112325883007578 0.006967296317349714 0.010180603064457672
3 0.5186381456907418 0.5316099905822991 0.026305644483933466 0.04662904195534745
0 0.5337929577007228 0.51110771809242 0.007156565510011759 0.010308798409116138
0 0.621297195152709 0.523484028618195 0.03527417024803703 0.019274682173341717
0 0.5202562666354072 0.5117057026850571 0.008284386115783526 0.011328133594393996
6 0.4716475863211516 0.5089565008093386 0.0016952947868508206 0.012339907902215397
