7 0.4483824314205326 0.4696334967746725 0.006685151388532484 0.026794981582864363
7 0.4205074948131102 0.436579650348801 0.006556057939576698 0.028294450957832062
7 0.4347028828713978 0.4422352190517598 0.0058685502679755586 0.02570822929435551
7 0.44953947797810956 0.491025917627534 0.007886983109599954 0.009640115773590696
7 0.6866903264325248 0.46871201829576414 0.006609678203546743 0.02714867746390387
7 0.5829318123432653 0.4493397035554516 0.004226206520383524 0.02223828831531721
7 0.6232130396063063 0.4487108081364019 0.004637802656303647 0.02252082316323145
7 0.6825747985861351 0.5200115339911225 0.0012418816775403574 0.0038193470114364914
0 0.6132100290573135 0.5219042171010881 0.029398489940228756 0.024169335167595563
0 0.6891611218420248 0.519028762649189 0.03275274233215253 0.01766423636608805
0 0.5683110169782606 0.6841863393907706 0.093523164530675 0.1850557153872041
