7 0.48089503126721256 0.48827769709078905 0.003536561830077556 0.00905735986003292
7 0.4811534668967221 0.47990340552025534 0.0014745834911312206 0.008238739251153204
7 0.4816100740075749 0.4804463779430775 0.0014309946649394556 0.008001320753508678
7 0.5297365241758158 0.48618286916341336 0.004290784548886983 0.010855795819433411
7 0.4879019231513354 0.47765718542084923 0.0016254502906495882 0.009222008559575667
7 0.5043775488080391 0.47766173166365516 0.001618232170680689 0.009220233945643308
7 0.6103944675172559 0.46579547963420975 0.011892272007469784 0.028452160124869286
7 0.501601922200563 0.4432648944955957 0.004214599432028343 0.024474042716308653
7 0.5447347302763862 0.44329395977021374 0.004604559306080835 0.024461571055854447
7 0.30216265877823256 0.47349185737891575 0.009723413981103879 0.02178015464017269
7 0.2670254985649168 0.4481448951831325 0.0057359484747184775 0.02228418881991051
7 0.2838189462004612 0.45185032527510993 0.005186836581338339 0.020628998827901757
7 0.2599002746569873 0.4658033681989848 0.013051337444099143 0.028436200758089558
7 0.36991985515100456 0.4443720014958264 0.005235805847223662 0.02397553823151155
7 0.3275417490574962 0.44434401701681436 0.005620263924038971 0.023987525536516285
7 0.4208078904379736 0.4861801272269181 0.004447672676916259 0.010855338140456139
7 0.42517892561503057 0.47936648721865804 0.001696725962521517 0.008472871158864803
7 0.42293210080281723 0.4787570034849242 0.0017571996051121141 0.00873956281480881
7 0.4201514188225026 0.49502121909984775 0.0032254840787896977 0.003921808332219667
7 0.6582599233323623 0.451155834637231 0.017757022011493984 0.04120282129887631
7 0.6150736136471411 0.43845427403522186 0.005700232792887117 0.026638511176362678
7 0.6272818011251414 0.4321948386554472 0.006423171470012923 0.0294639073933185
3 0.0986393956624515 0.5214472225018019 0.08593655519783029 0.04608942568656138
0 0.5128055110819267 0.5100590142514128 0.0185879420640106 0.01440556787604974
0 0.4294128357695851 0.5268494848593702 0.023929869030493267 0.028037754849816077
0 0.5828568457809613 0.5353323885057344 0.06485173448682557 0.03684996562972043
0 0.6934184366761356 0.5286724797343805 0.047864093185786216 0.024945577046554646
0 0.25886512179543886 0.5984251499608182 0.1432614848512247 0.12546663549540227
0 0.4761872031616643 0.5155708454456774 0.013968903972500002 0.017639402658428116
6 0.3959694139526472 0.5106781338070954 0.002475742786766988 0.01673996680113976
6 0.41820064293285486 0.5104580167726743 0.002370619196198187 0.016426733017658623
6 0.4197473646300478 0.5070224274762501 0.001513624514692724 0.011550505619103646
