7 0.39323608013838857 0.48019581019605834 0.003975756672447317 0.016862373060913982
7 0.3811318815785594 0.46247221456682464 0.003698834642409221 0.016274938007490247
7 0.38736652929003945 0.46451016313557963 0.0034631668710940477 0.015373891718022281
7 0.394141758599613 0.4937700062191211 0.005065226809453316 0.006081333960034074
7 0.5399936561194814 0.4806478730359921 0.003104470838743101 0.016174901682013687
7 0.4782561251312888 0.4680433624982958 0.0026497700208032993 0.013668172156194591
7 0.5026038583890897 0.4680563533949536 0.002603224599444953 0.013661616263998533
7 0.5376078770341597 0.511501106036887 0.0006710281412855013 0.0022908338501931302
0 0.45414094467284716 0.5351316638910084 0.03185869094145072 0.04394654251709962
5 0.499752943655682 0.5395302356962436 0.01108942584736572 0.038842446066130076
3 0.25673322591012215 0.5860578170234547 0.1763247899213624 0.176225012717254
0 0.5025624320632396 0.6473618997725141 0.09884739765454176 0.1719289990824472
0 0.43530051553300925 0.5182504130501506 0.017414291188297626 0.017498215190235755
0 0.5169994457682018 0.5212286515804134 0.0362396622593697 0.022964990265058605
6 0.609189931699279 0.5300153611140692 0.0059528233913450634 0.043069136445110345
