7 0.48608649522965797 0.4889498221616946 0.003749342063806893 0.009601346963081292
7 0.4862917755694198 0.47998340440540843 0.0015722866098799027 0.008775381190506693
7 0.4868050702976365 0.4805975637011439 0.001522833074450669 0.00850653146785918
7 0.5383362976386213 0.486549368507901 0.004621045232689136 0.011662566024654264
7 0.49341282262667796 0.4774129176914433 0.0017459300588419935 0.009901893732597644
7 0.5110969371969902 0.4774078192117147 0.0017399500412510482 0.00990413021771569
7 0.6417188013878781 0.45982851613257314 0.014819002182762553 0.03478251896609513
7 0.5090142894349381 0.43242976608809325 0.005150223907377516 0.029950781779841507
7 0.5616338098266335 0.4323845127967366 0.005741693977314499 0.029971269549414592
7 0.6366520675702577 0.5262891419940174 0.0016080272154650466 0.004961986650818373
7 0.2789930667463596 0.4709683978882685 0.011372704706003767 0.025104863220101525
7 0.23029738755606094 0.4399573354894981 0.007198307412052157 0.026551681731261656
7 0.25362704946986986 0.4451103094990039 0.006373592705838482 0.024235039874998865
7 0.27773757400922205 0.5192124531339706 0.0010846238499565009 0.0036222379326139587
7 0.2171992748258067 0.46027038055475367 0.01619135934940863 0.03439759202795678
7 0.349829645584341 0.4343271731379251 0.006588015115297052 0.02909232710722348
7 0.29885249928242663 0.43436985035391823 0.0071303795767965195 0.029073031485965184
7 0.42157518618189893 0.4865885619524185 0.0047734471867046935 0.011628902005827835
7 0.42666979350409906 0.4794055899744536 0.0018191992358024267 0.00902842889535943
7 0.4241194859189791 0.478713030964265 0.0018887726192980403 0.009331865768004544
7 0.42089153485331776 0.4960587466459767 0.0034565069890509226 0.004199554758913038
7 0.7214332006994981 0.4356906832519626 0.025072646808858012 0.05594213183300839
7 0.6505731500090457 0.42488839643425513 0.007479407716904696 0.03337384588789255
7 0.6700791138128127 0.4149123001142082 0.0087430271392821 0.0379292876469845
7 0.7168830053478854 0.5411383352516461 0.0022904247551491785 0.007887266362106016
0 0.4234873275664849 0.5224526842239826 0.01921459692470645 0.02128262535544656
0 0.4730651512176197 0.5131195712134462 0.019519852147370342 0.012003226622107399
0 0.4867406408359498 0.5121021164788884 0.010475151564159901 0.017876861311310832
0 0.5022860774006257 0.7179283907385043 0.15330105138237504 0.27147315304583686
0 0.48304837390263433 0.5150260977083532 0.011693917631129702 0.01933722237410529
0 0.3446063969036164 0.5351184450696629 0.06820903517866733 0.030230256470912154
4 0.2592973231825988 0.6991405162829853 0.10501513432507231 0.2634990283061671
0 0.06339495947398971 0.5327227801633321 0.07796963161115261 0.034851716729811244
0 0.5386198026671825 0.512127396385401 0.022136999578579952 0.014215709920108677
0 0.4804539068261424 0.5171056615995339 0.014464640137217488 0.0204059526190723
0 0.4021854708588578 0.5529637624972369 0.06773642939054342 0.05903146656845348
6 0.1406283342931705 0.521862610072485 0.0058612515954162 0.030761138443478164
6 0.4215625980581955 0.5087890610141363 0.0016066031435496009 0.012200471977137028
6 0.40162044787028917 0.5157836695141715 0.0029748935087179906 0.010207657875159426
6 0.40292604205896426 0.5163525759437795 0.002785342581881234 0.013253554066808726
