7 0.3991864723954463 0.45702100038916993 0.008284431821659055 0.036030471781159756
7 0.36962779609100327 0.4043477758678483 0.009476660491436306 0.04161768709405772
7 0.386016583468492 0.4163640254383548 0.008074037226495467 0.03619676339410677
7 0.3987741051712168 0.5249533655685353 0.0011762932170140128 0.0051162833240012695
7 0.1377724963802549 0.3525741385987125 0.05267239456520281 0.1333045022949746
7 0.3024992280940435 0.3757577311874899 0.013563075300668193 0.05467618655145118
7 0.2567631639213507 0.34699056989345395 0.01775430502342773 0.06805020253689664
7 0.5952866085277404 0.4585353195091544 0.00805807658617852 0.0353967556930217
7 0.5148482740178943 0.4311309629267157 0.005722282838263926 0.02994069080876649
7 0.5935159195055558 0.4867716146532987 0.01034159954393754 0.012520805242813626
7 0.590157719209327 0.5251044369110501 0.0015316501402198313 0.004959297164953469
0 0.8466174306483167 0.545810345663146 0.1082185138806121 0.04905358587630115
0 0.3753200138309213 0.5689831371142333 0.14124851081592837 0.07875572427258748
0 0.6534812007573985 0.5712173969192433 0.09713959955386453 0.07013705743582033
3 0.17850515258041205 0.7346604483960838 0.3570103051608241 0.5306791032078324
6 0.8510314589819223 0.5777469590320765 0.02205366824893018 0.11536645800446721
6 0.47907667502600454 0.6408532844604499 0.024224968438280814 0.18939994899194712
6 0.6931704526928868 0.6420410613867937 0.030037078439013265 0.19068181525404648
6 0.7095738325634438 0.5557335763622511 0.010741335572845845 0.0752665535072784
6 0.4378167124154144 0.6401205691786406 0.024476448967361564 0.18825829440729502
