7 0.4707865789397835 0.48340337101501574 0.0024262999727277523 0.013888361739719912
0 0.49348075735988683 0.5279664721179362 0.0253474362715993 0.043683037997678587
6 0.49551688798367166 0.5131584473416326 0.0024081325924101837 0.018646912127553317
6 0.24287043861794597 0.524021759137981 0.005268061291719028 0.03407322159687587
6 0.41096438596549906 0.5171592702535592 0.0024898248240957654 0.013189880209229954
6 0.5764751913924177 0.5138105073403592 0.0026512486417116232 0.020591430624642082
6 0.5638648608086075 0.5126123539078141 0.0028853260043262274 0.01885511543213525
6 0.5665232366592237 0.5148549865889336 0.0025012824352844687 0.012737625337826297
6 0.47830910679270533 0.5127409505237095 0.0023782307811785475 0.018701537441741856
6 0.5796543724705593 0.5169492170278653 0.0032924720130125262 0.025061583056749215
6 0.09049812042759603 0.5403268834935847 0.011656206805858674 0.05683108906816625
