7 0.6376662556596482 0.47203695075726376 0.010859083826243565 0.025446054341794366
7 0.5404838519030695 0.4519942286813854 0.004049944513799475 0.021804220217104986
7 0.5790413289044201 0.4519861490738862 0.0043667013810241295 0.021808106035906993
7 0.6339694330721142 0.5208103276382436 0.0011793637342512042 0.003633640549311923
7 0.35043253987201783 0.47845042365097235 0.008585762633371796 0.019890144861418324
7 0.32683033985302024 0.45607650676432215 0.004726368057115737 0.019979667469154472
7 0.3383471343220531 0.4590868666388443 0.004333574655238481 0.018638709891413252
7 0.32465849556458815 0.4721956077899486 0.011108296605594814 0.025304160814260734
7 0.42215392602513657 0.45297181537452613 0.004285966581734801 0.021366343662638176
7 0.38439041557212006 0.4529795536387475 0.004587305581005452 0.02136261856610766
7 0.6437965781429575 0.44810914928890505 0.005279871576004402 0.02354473390180467
7 0.6567306825350223 0.44325431021140305 0.005883171457160885 0.02572545778164942
0 0.7249796330270626 0.5299183006106779 0.05146701173104418 0.0250015442850684
5 0.4997287107630449 0.5795521880693295 0.023189996405183766 0.07779662274338695
0 0.3087537621852714 0.5261727399508556 0.043129083143707836 0.032168913340468674
6 0.5318077463868198 0.5210458230578947 0.0028956253075077543 0.024785899378040654
6 0.6690987396550423 0.5362687777435031 0.007378895451142231 0.049156132650908346
6 0.278423961110776 0.5228801850412925 0.00412682877793602 0.017428394182295803
6 0.6582745810258634 0.5390237897721193 0.007036529953670989 0.0531501217853515
