7 0.36400994268317155 0.4850183362872673 0.0055039786548078395 0.013454804526117192
7 0.3087731820237089 0.4735565959330469 0.0022294216340120743 0.011846078799484627
7 0.331006535057921 0.4739389166988124 0.002166674148098402 0.0116773435631643
7 0.518187233579301 0.44721116871932526 0.01899377901840482 0.046731636469479865
7 0.33358971090728995 0.3983763152296014 0.008302891840014037 0.04618312048904982
7 0.4129013934095763 0.40360701453439457 0.008671148063457867 0.04372440177384174
7 0.5120782868122286 0.5353802103570334 0.0021188914950576176 0.006647527299544764
7 0.03430771816510281 0.38314123019522817 0.016256870255742094 0.05340357745785257
7 0.6863219928593015 0.4000524679517034 0.03614368688676173 0.08975709397261011
7 0.5391309259726109 0.3973308906952133 0.01057414218413033 0.04667862513739712
7 0.5780466559409143 0.37892619191128696 0.01294218691396587 0.0554250686823165
7 0.6765671894236082 0.56382526655845 0.003955688241061184 0.012362273771399424
0 0.32097221484390676 0.5200956255460525 0.013695711553611933 0.016653394180424885
0 0.23886401706263521 0.5408835466453894 0.0462266150420374 0.0619319578711649
0 0.5901488291351242 0.5391705445765729 0.06960934095989613 0.04349086280587866
6 0.3729512405931264 0.5130050783643187 0.0027957978620141155 0.01746510234990939
6 0.812422305293128 0.5204098818638442 0.005234092642502519 0.02796722679668595
6 0.4566647677468138 0.5334134386088407 0.0052263208613286816 0.026972644135431434
6 0.7960783670011085 0.5897014838937719 0.023214754860311215 0.12740077326325894
6 0.37617177687658515 0.5129646675782575 0.0025900730199532873 0.017404005815972012
6 0.7460275631670794 0.5260953187433164 0.005294179067035998 0.020886839640961274
