7 0.36400994268317155 0.4850183362872673 0.0055039786548078395 0.013454804526117192
7 0.3087731820237089 0.4735565959330469 0.0022294216340120743 0.011846078799484627
7 0.331006535057921 0.4739389166988124 0.002166674148098402 0.0116773435631643
7 0.518187233579301 0.44721116871932526 0.01899377901840482 0.046731636469479865
7 0.33358971090728995 0.3983763152296014 0.008302891840014037 0.04618312048904982
7 0.4129013934095763 0.40360701453439457 0.008671148063457867 0.04372440177384174
7 0.5120782868122286 0.5353802103570334 0.0021188914950576176 0.006647527299544764
7 0.03430771816510281 0.38314123019522817 0.016256870255742094 0.05340357745785257
7 0.6863219928593015 0.4000524679517034 0.03614368688676173 0.08975709397261011
7 0.5391309259726109 0.3973308906952133 0.01057414218413033 0.04667862513739712
7 0.5780466559409143 0.37892619191128696 0.01294218691396587 0.0554250686823165
7 0.6765671894236082 0.56382526655845 0.003955688241061184 0.012362273771399424
3 0.28824950610276096 0.5186888506926665 0.021407873036022207 0.040563522419440945
0 0.5833271438962846 0.5427280376321957 0.06311761480914324 0.03687369559456577
0 0.6362089604258585 0.5449759105096205 0.07300093143203945 0.041270141972436614
0 0.24521903667238093 0.526279758192917 0.03149958163723887 0.03917954096194398
6 0.655761197345321 0.5238892259322852 0.005450684545859286 0.03292380586529864
6 0.812422305293128 0.5204098818638442 0.005234092642502519 0.02796722679668595
6 0.1351156382146924 0.5419400946597364 0.008131113888996289 0.03264861794450147
6 0.7460275631670794 0.5260953187433164 0.005294179067035998 0.020886839640961274
