7 0.6249342999832663 0.47293795826487667 0.009729682240929738 0.02301643743813253
7 0.5369354201670453 0.45483321517104003 0.003633354571777825 0.019690633300342597
7 0.5718140765183584 0.4548226057965715 0.003891687647771813 0.01969475714716734
7 0.6215669470057719 0.5170813134342921 0.0010519471563310567 0.0032862622393268204
7 0.36213513838496914 0.47833136831748 0.007860523686407161 0.018368100140776278
7 0.35211314569621577 0.4607404534342101 0.0038822754099339662 0.017067879856326462
7 0.34157383606643077 0.4730936590107814 0.009928405784612349 0.0228913785451183
7 0.4297811270035898 0.4556472742556378 0.0038282425469754466 0.01932995947270638
7 0.39556641281185795 0.45565751470843585 0.0040741894503804055 0.019325990966236495
7 0.6640955278372773 0.4640683435817716 0.01332586541787173 0.03070224889984846
7 0.629434526103721 0.4516649904332457 0.0046202526759595575 0.02110189116478739
7 0.6397561977590003 0.4477832460231035 0.005081066355559383 0.022837029238880036
3 0.7120296535303327 0.5267836415860218 0.05415701293500863 0.038846147441542245
5 0.5000959366661321 0.5749386479208385 0.022385672408720636 0.07440348320703816
0 0.3763084730337256 0.5225762111065093 0.03818455492589057 0.0300570332300526
6 0.5161167980708034 0.5177573569474443 0.0026045912615264566 0.022968220151294405
6 0.6468977701906297 0.5297146925985207 0.0061658556494663674 0.04256374786320971
6 0.6361086961915787 0.5317567955719023 0.006136770835937111 0.04552477840347324
