7 0.35103974940010646 0.4697929989214027 0.006344711589639451 0.023736060149608107
7 0.32365206016745673 0.44172480715773665 0.00599797954595177 0.02435010335001031
7 0.337287665561562 0.4461268834310983 0.005416546682953827 0.022387351973565284
7 0.3520250206896614 0.48879534373767414 0.007264178875141192 0.008534407160185609
7 0.555528060300446 0.4708624329789788 0.004531805328317873 0.02240861212788764
7 0.47040891854794575 0.45341689444259115 0.0037150196642118938 0.018950874312318233
7 0.5040232451772979 0.4534414394429127 0.0035977518973564493 0.01894006245831159
7 0.5522379403248888 0.5133922330990892 0.0009403625058201914 0.0031606002512184483
0 0.4990142350680974 0.6100641594066316 0.08403205568481636 0.13130542769648412
0 0.5636567764159117 0.5143432082122986 0.029011111569279824 0.01846102867978172
3 0.5388412493947825 0.5121467674177864 0.026264883992852872 0.022320290071706772
5 0.49914414392481876 0.6845005015646436 0.05800769168169517 0.20686022564804696
5 0.446409035744709 0.5170500172359751 0.011783511034862526 0.019162467044474663
0 0.4682451649500259 0.5165571574961898 0.014949120105727576 0.015974610352303298
3 0.2629700107268591 0.586841190616019 0.13533209216937864 0.14228982507955656
