7 0.3272786636925627 0.4688743235066729 0.007908575919351235 0.027780576429448867
7 0.2876075919053196 0.4337119988175373 0.007621524980252259 0.029587435455089517
7 0.30732900142859354 0.44005140302711676 0.006721083432076724 0.02673922696819281
7 0.3282169257999509 0.49104865355573923 0.008586214219357013 0.009973872340207468
7 0.5652919169316725 0.4703781614110023 0.0054141234140208105 0.026001007533826115
7 0.46678614031425747 0.45016466493849083 0.004333886401075349 0.02198917466112832
7 0.5057090688044237 0.450190772871787 0.004171659766534996 0.021977743955058082
7 0.561500275238419 0.519602849404283 0.0010986711870862864 0.003661166687085382
0 0.7865266092853247 0.538248798369625 0.07726614273449905 0.036558257479402334
0 0.5633390600043282 0.5564234275930247 0.07079670456290788 0.0588451891146341
5 0.49983427698926336 0.5980366622697632 0.029202875182701038 0.09833169435307698
5 0.33289505761732263 0.5490714330635463 0.02542422219824131 0.04643145800689319
0 0.384868276623042 0.5350911772637956 0.022606982362391503 0.028553817352533817
0 0.9798523768399272 0.5429314395736483 0.040295246320145695 0.03831788763544841
