7 0.5346461920214514 0.4517153519910394 0.016921283923375108 0.041419106938682615
7 0.3746708171732106 0.41048960839235055 0.007339522378838337 0.03972077650045369
7 0.44240061388248114 0.41418249930514 0.0076690513993211695 0.03804661567751866
7 0.5292018843517492 0.5300351034719402 0.0018859242133401066 0.005885628324239334
7 0.01219604951337883 0.455817565653388 0.021512934458421597 0.03774871980459038
7 0.00955777604677225 0.5274735284783202 0.0021157054389749717 0.005415582968611776
7 0.12969656415374195 0.4005351609614447 0.011889574981116993 0.04424965349770721
7 0.03549092493961334 0.3955635618584634 0.014437727906633186 0.04652940530548261
7 0.6723917495984782 0.41605362141961544 0.029753599201007175 0.07260633748593143
7 0.5530087508595738 0.4086736793068778 0.009248561506541075 0.04057686438876956
7 0.5860582981640755 0.3944714038336078 0.011046610663256962 0.04711554450595179
7 0.66488341459471 0.5499222293421913 0.003159195067182985 0.01004886543991379
3 0.6899517491012521 0.5240857998137681 0.07257378072877607 0.05501808361022692
5 0.2799497444314288 0.518095882053814 0.006804543804373897 0.01707064039927697
0 0.6141920652759019 0.53564904323064 0.05136665202396584 0.03593727038497396
2 0.7449988101783422 0.5306144001 0.08460852085111104 0.04891615395127413
0 0.3475659358207949 0.5179974032038439 0.011696819219533472 0.018023265837973645
0 0.6731661518252787 0.5397932841244131 0.03651394419030807 0.033532303775297034
6 0.5828983878537883 0.5228488903240769 0.004962582540032456 0.032571137361050106
6 0.18347798212530314 0.5384262610947491 0.009118909222959076 0.024939289910903772
