0 0.7963720122255754 0.5183058817708267 0.021737232685269392 0.023995134855205213
5 0.8048857048139662 0.5364621324193681 0.016561786481747 0.0389953436926872
0 0.8142963519101492 0.5738333629205108 0.0676956695337555 0.07193537822246276
3 0.8782947140191839 0.5242265873960452 0.02391238722390565 0.035371967691500195
2 0.9020324202488055 0.5115001803127396 0.015388935402094295 0.0182009718650864
0 0.8700372510441794 0.5325760038661111 0.029596680295553957 0.034722791874565284
0 0.8613770966721227 0.5400689363808431 0.026292674139808403 0.03473655115872898
0 0.8301716301821043 0.5294295244278646 0.02927583754956431 0.03031120459617176
0 0.8953280702062376 0.518696409246017 0.017300941250039004 0.01659026870884639
0 0.49703224599758966 0.5737563909792458 0.10630258121252917 0.08422890746046996
