7 0.45408475272948834 0.4797393960181461 0.003084149292434335 0.016065286008048796
7 0.45061719112439447 0.4630709635477815 0.003147521710949841 0.015400179706006711
7 0.45311049656607594 0.46490804546913933 0.0029713986137943627 0.014590953459579337
7 0.4294837082360488 0.47085039589546107 0.004991426835395996 0.023840886693938745
7 0.43706155692520743 0.45968272757963785 0.0035283769491434303 0.016895243203346788
7 0.4331298351794426 0.4572069042314332 0.0037782361777314866 0.017989780542910616
7 0.5434389864225765 0.48023401372081165 0.0030627540945364906 0.015936181114754477
7 0.5065771105675916 0.46783753854971677 0.0025671301542413705 0.013455986619203664
7 0.5426728113963413 0.49310455279829707 0.004614435687412932 0.0057191827715668
0 0.5418027864171949 0.5208125666959919 0.0394480004875446 0.024521614186184593
5 0.4561151084537812 0.5350193156387614 0.012205287425057165 0.035754293782178204
0 0.3405755616130446 0.5205781490575594 0.03782294276054171 0.017044592298250394
0 0.019133326554590657 0.5185722513569199 0.038266653109181314 0.02186721501674249
0 0.22273348479114435 0.5179861331818955 0.053159582580286746 0.029275263476209012
0 0.2976165026107217 0.5221019907864395 0.04538578429489498 0.021944936548409344
0 0.3084245405895516 0.5204325556113514 0.0417628380354676 0.020377970356178943
0 0.5108973980147891 0.5251819222697701 0.028214348817823587 0.023357142348708004
6 0.44581644002711646 0.52199533631376 0.005018018319202788 0.0330231105964649
6 0.2674090073233414 0.5130029040144348 0.00344166914795091 0.02075504243154702
6 0.30339448699001365 0.5290501466258286 0.00473786757603567 0.023834983125634368
6 0.5744745843547391 0.5227609144989964 0.004366984286873876 0.015121011591974098
6 0.4548603727014734 0.5127054371289186 0.002625484024621816 0.0203330405454335
