7 0.4623214434608518 0.4733628430729879 0.00235951964676262 0.011745428741590846
7 0.4637854021168327 0.47444997139535683 0.002258891426306864 0.011268744273212616
7 0.4496388217164346 0.480696954337383 0.0033105888242350723 0.016957544426841553
7 0.45301236464670275 0.4714260459145593 0.0025691673090357803 0.012595528078702678
0 0.5315718189044796 0.5186048825889842 0.029838834702223482 0.018156364522250446
5 0.46244513938212833 0.5317631668677569 0.010198943309389197 0.030345559560505775
0 0.42748061514867564 0.5178118782017412 0.028264128593477877 0.01355168135134277
0 0.53704125927545 0.573582540695472 0.08085203770539179 0.10323984539200126
0 0.24854717585688194 0.5150033904811929 0.039177760531142025 0.021794324138111998
0 0.2956342279855534 0.5180901002856069 0.03401372133924757 0.016274662407014362
0 0.3039007366077552 0.5170684848867912 0.03176228915046719 0.015344092974307943
0 0.27772837618806284 0.5525263098544715 0.06931158990065903 0.0711860533577976
5 0.1372299356356615 0.5709261612879504 0.05272672840031209 0.07425114605101146
0 0.5081412124724397 0.5197539574635796 0.02075148506351976 0.016654698199517703
6 0.3207050342938287 0.5201840899760591 0.0043990958913187606 0.02816157073385961
6 0.4978116013149029 0.5185422803177314 0.003093391798010714 0.023351937373157883
6 0.3403201941245221 0.5211361414637699 0.004021551830921677 0.01707860249674331
6 0.5561598083644614 0.5187556377594735 0.0035297831774203647 0.011383108678853726
