7 0.46954896224963794 0.4848470847531917 0.005339491211925174 0.013448652036705033
7 0.4172071623792404 0.473824856162974 0.0020739448567244634 0.011604032569366318
7 0.4380217718765566 0.47402050057327516 0.0020550724422948585 0.011534208060787199
7 0.6506146578209615 0.4381022029790692 0.023232067836785997 0.05461930995864378
7 0.4442047303207459 0.38777306117159843 0.008832219443617728 0.05080501419530403
7 0.5298208514134074 0.39070778114695714 0.009930264760414031 0.049495840577333416
7 0.07938825439192898 0.45422016087147976 0.02091664337336023 0.039488337851720345
7 0.011374960365975142 0.4074575035004564 0.014055988315142773 0.04126832603433017
7 0.16047418903605637 0.38321051920666976 0.014583475425472364 0.052723874043052454
7 0.05948848302048137 0.3798868011409423 0.01719878936685014 0.054211552884245284
7 0.32998953617266163 0.48398674889857973 0.006003167266285359 0.013974608980672598
7 0.3291789310624258 0.4953353409327831 0.004331816490562579 0.005043455578161493
7 0.9443390931138096 0.3533424464699755 0.06189274831497649 0.13244036457653668
7 0.6827503738934787 0.3755228615584909 0.014001788040404195 0.0567849575672128
7 0.7435942185997061 0.3457094025260915 0.018650474233145475 0.07113414287833919
0 0.8747167675146301 0.585084246259454 0.1541892976218998 0.11515756927994203
0 0.7465385086456999 0.5483952676173058 0.0847119015826654 0.043476586720183286
0 0.43802074860470297 0.5142354097139019 0.020345928786278833 0.01781420099487352
6 0.3458647817011539 0.5344894017253102 0.006187541805954044 0.044271983399892356
6 0.3069163706881778 0.5342684883443524 0.006319742028066955 0.043531859564276854
