7 0.4991354528350104 0.48282469564093755 0.0013425487351838572 0.007720342997259211
7 0.49919789907738304 0.4832973626546103 0.0013062839909840918 0.007511476841167375
7 0.5458515754028012 0.48880925731113245 0.004038076869697482 0.010110879371231285
7 0.5069219823236761 0.4808844357378966 0.0015008927407175188 0.008578571115317457
7 0.5222593774350819 0.4808832015818309 0.0015507836173858092 0.008579340644712441
7 0.6294955298310082 0.47315576108317964 0.010120411379900718 0.023858871592876474
7 0.5382926381360509 0.45437666191265746 0.0037775025820009356 0.020421601225873054
7 0.5744532465050585 0.4543681415196309 0.004055324017652517 0.020425974631992083
7 0.3581349399339079 0.4787784387376837 0.008112734841031033 0.01890094793112007
7 0.34741154356221765 0.46060874583992684 0.004036993609458306 0.017614654754538328
7 0.33581800507035753 0.473297881903782 0.010332798567565138 0.02372506933676144
7 0.42724813900510294 0.45523261987132185 0.003985368597551331 0.020034101811158722
7 0.3918000861944687 0.4552407906809093 0.004249512330255334 0.02002989889452178
7 0.44445569293659704 0.4888268240001515 0.004069368721957067 0.010092598161960953
7 0.44715373537457537 0.4823749952547347 0.00153193263866358 0.007918370331622737
7 0.4455706862611895 0.4818492499040082 0.001581455263089282 0.008150826563566804
7 0.44378628220127675 0.4970482041760984 0.002966641680221538 0.0036476813144187825
7 0.672167386538577 0.4636962802341847 0.014065040503832948 0.03222008501530127
7 0.634538834710775 0.4510088631835123 0.004845023487493161 0.021943458166677643
7 0.6457322376089704 0.4468504638640641 0.005352248078756672 0.023825918220307996
2 0.4582797143266414 0.5146279883387495 0.017157506272334366 0.023150746315694692
3 0.4626819249796851 0.5123756200703391 0.015431179896787828 0.02388876079464408
0 0.5498099786831884 0.5430607049747376 0.030851688536417177 0.041973895054815746
1 0.25376171009211657 0.5028885921699824 0.0518515650423475 0.03451936595597016
3 0.5001706288217732 0.5507566095200942 0.04823535333126672 0.1104291639917433
3 0.5168318088177156 0.5107389062695022 0.0114315228197166 0.01502263173195495
0 0.3847917747633183 0.550531623252943 0.049414071032779616 0.05129301549601206
0 0.47886913727033087 0.5184423568435244 0.014524726402746768 0.018754428930398137
6 0.4337870916437119 0.5103249633461886 0.0016303429830563099 0.01237872966646869
6 0.424941680444 0.5104230155490411 0.001955362219706047 0.013902119902160281
6 0.4506304103500801 0.5104225895768342 0.0019262523573874701 0.01386679546996128
