7 0.5823008058842642 0.48870396099543434 0.003387747250053974 0.008442836822054156
7 0.631683041298285 0.4798157187982076 0.006814899556183751 0.016260295784773005
7 0.5935069413839962 0.46724119661431246 0.0026451646761962433 0.013755877120083526
7 0.43415408178302184 0.48036849069738924 0.00646202016588121 0.01563531718730793
7 0.6487168082860051 0.4758786434891039 0.008388725215556003 0.019733540254641302
2 0.5116355799860663 0.5090982753629485 0.012574001866476281 0.017475543166978857
3 0.5143970383281168 0.5076157044763284 0.011672179295541651 0.018532080094849024
0 0.5836311032347634 0.5344794434351031 0.025500766426178156 0.03521343450573777
0 0.5857135862701035 0.5084410696835335 0.01628894481750287 0.007469600816056854
3 0.5386132412169806 0.5433560865777769 0.043157929475425294 0.09881216352927802
3 0.5575189963810202 0.5076460635339554 0.007803942213229664 0.013470142779395955
0 0.4970112942243311 0.5183694726117793 0.015797956720559003 0.018856198713258165
6 0.9409699312775566 0.5670335363340127 0.017801764058961278 0.09563495209328421
