7 0.3991864723954463 0.45702100038916993 0.008284431821659055 0.036030471781159756
7 0.36962779609100327 0.4043477758678483 0.009476660491436306 0.04161768709405772
7 0.386016583468492 0.4163640254383548 0.008074037226495467 0.03619676339410677
7 0.3987741051712168 0.5249533655685353 0.0011762932170140128 0.0051162833240012695
7 0.1377724963802549 0.3525741385987125 0.05267239456520281 0.1333045022949746
7 0.3024992280940435 0.3757577311874899 0.013563075300668193 0.05467618655145118
7 0.2567631639213507 0.34699056989345395 0.01775430502342773 0.06805020253689664
7 0.14965310218799183 0.5839143747712902 0.006160898213180638 0.017303987007547983
7 0.5952866085277404 0.4585353195091544 0.00805807658617852 0.0353967556930217
7 0.5148482740178943 0.4311309629267157 0.005722282838263926 0.02994069080876649
7 0.5935159195055558 0.4867716146532987 0.01034159954393754 0.012520805242813626
7 0.590157719209327 0.5251044369110501 0.0015316501402198313 0.004959297164953469
0 0.9809322941653373 0.5589714990575002 0.038135411669325214 0.06711812232388059
6 0.7977406101455496 0.6254291257699213 0.03371256585081439 0.18631110960738106
6 0.26466828808115034 0.5301159437942877 0.007405581470343869 0.04536933552152467
6 0.10033121409024057 0.5307541649791304 0.009474147290814625 0.0463780005915535
6 0.5275239472877287 0.529354398169413 0.005157674129208423 0.04415546614430643
