7 0.44463098616294106 0.4560810444320934 0.007357579698718197 0.03771452137051995
7 0.4313804105670931 0.39956346208557414 0.009145075526682311 0.04434593911100543
7 0.4403022862208225 0.4129271463406426 0.007806346012977694 0.03824330720873259
7 0.26958026913047123 0.32890656272548574 0.04751970282383022 0.15949477670715959
7 0.3790157724368551 0.3668739302165085 0.01317681884545896 0.059488078131739675
7 0.34833411004692005 0.3326580329820762 0.01733838425787676 0.07566197599968727
7 0.27789784666896955 0.6011706840064595 0.005810287308771089 0.020426502799336888
7 0.6486605476982201 0.45766289732096566 0.0099103767808707 0.03699541979456383
7 0.5652443626000807 0.42902750304422427 0.006521880036794547 0.03131502201934411
7 0.6467257125096826 0.48715952392155565 0.01109459839382776 0.01307181375607469
7 0.6433657648379847 0.5271948455390434 0.001696504642710428 0.00518268240172548
0 0.5813100031487084 0.571270531466948 0.1318062153807409 0.09660947960783794
3 0.18048839014494372 0.5559604511094687 0.1918294706868039 0.1286430167136713
2 0.9262280423865625 0.5419221099706346 0.14293545536058583 0.06768464293515608
0 0.9511951572321588 0.557639522963336 0.0976096855356825 0.055924911935898436
3 0.7757416671994461 0.5467604641810504 0.1584289586144486 0.10766233247831197
6 0.5023114920478876 0.7192693815342217 0.02964968961617026 0.18575397994064502
6 0.354610338408188 0.7136815121182034 0.03125078508589951 0.1853318345710373
6 0.5126605652990637 0.531644880870892 0.005320340619405672 0.04614797410443827
6 0.7131568891473952 0.696164455328611 0.04437877976009663 0.2699574607928561
