7 0.43782844774056806 0.4748043283025516 0.004446008165416349 0.02187658865147385
7 0.42966326832104185 0.4496049093712848 0.004641891067636961 0.02205502072078913
7 0.43465646364714866 0.4533210653859951 0.004270669707032826 0.02043236156717254
7 0.38522342788715 0.4545493608566415 0.00942385106332505 0.039345049235340435
7 0.4065521063575949 0.4423022022189511 0.005502564768777418 0.025254984821484083
7 0.3975395209570299 0.43656151100470447 0.006126933859218586 0.027780982600515203
7 0.3859369612346455 0.5279244579350182 0.001291200600114173 0.005453400306044465
7 0.5586807527579096 0.4755503858805716 0.004385377972471738 0.021638178550715925
7 0.508909802530196 0.4587484047411222 0.003487278739441324 0.018274290810922467
7 0.557631957647224 0.49295543268240305 0.006279922031771523 0.00773119943531847
7 0.5555096063938292 0.516655600561533 0.0009096100261963835 0.0030549270117100624
5 0.24186557700593803 0.5291273169193638 0.024647785997118143 0.027666383077506018
0 0.08938267493570318 0.5316373069197617 0.06642194593929371 0.030567335685067643
0 0.039288079543236765 0.5304488945411148 0.06549396091692264 0.04025515281685721
0 0.500032860464897 0.6360832427829006 0.09303847881549049 0.16409995722989668
0 0.5000154506785052 0.5847372159945998 0.06759506034555418 0.0937106585990698
6 0.48961334115035765 0.5412766768307431 0.0064397001848655044 0.05382839507705728
6 0.5905990370723174 0.5200980712637424 0.004561751359208666 0.028456576516764476
6 0.0026070871595686184 0.5354731653047309 0.005214174319137237 0.05129897434272879
6 0.45165803196291804 0.5480537449810275 0.006576065846416235 0.03898270246307911
6 0.12272803946967234 0.5199322885192943 0.005575580792303636 0.02819888658906533
6 0.5926624447428436 0.5341451428920565 0.005630900977766418 0.020800973671841638
