7 0.46006538328601726 0.47560929351661885 0.00250765914108364 0.0124295555775501
7 0.4617023617045813 0.4768430944204193 0.0023943711390047584 0.011897003638082049
7 0.44599369901985675 0.48299757873982374 0.003599327547688269 0.01818194745966667
7 0.45001338453113926 0.4733967331889641 0.002745761470017649 0.013385588274578475
7 0.4475781462035023 0.4718297372526118 0.002895322184376159 0.014063526503019563
7 0.5360518469682319 0.48917611384820914 0.0024678522733023733 0.013191623933981156
7 0.5054680766627818 0.47890895368505904 0.0021234841215431732 0.011131520244922588
7 0.5354241561133579 0.49984593937851507 0.003814615936644339 0.0047443417909030505
0 0.9574572819001153 0.5662711904425917 0.0728070236059476 0.05407684376321076
0 0.9655230376121677 0.5398585215124214 0.06895392477566453 0.04071476026857168
0 0.4565543250148254 0.522785298525136 0.03135106999058945 0.018094754016197423
0 0.2529734452618825 0.5205987571224018 0.030114603767847886 0.021277823496788528
0 0.8508227228186778 0.5229943208602694 0.037299427323085554 0.01751489549893026
0 0.5000245100431155 0.5342037894933502 0.019179726302385236 0.03073564690766728
0 0.5000207818001395 0.5311439059013998 0.02040235099462362 0.0261548571307747
0 0.8557731257233121 0.5286433057452127 0.04850199636645858 0.027077458268011223
0 0.5171873104555582 0.5222281647935219 0.02983851118893821 0.01658984447303291
6 0.5840702637195 0.5163581770294805 0.002409016355392035 0.017218356447541106
6 0.2660705823579381 0.5208682115323731 0.003992499955810469 0.023877363874622026
6 0.5493480021992813 0.525789048246607 0.003981985525321585 0.017912567482289865
6 0.5563062860236387 0.5232449039347565 0.0034863990919027366 0.011499260590188465
