7 0.5668457562977713 0.4840141184616331 0.006170599462338222 0.015258594457817354
7 0.508186144789334 0.47201756617821433 0.002245897511756745 0.01297035530675289
7 0.5313070512696394 0.4720222962168733 0.0023610688209602104 0.012978326525565076
7 0.378806209254473 0.48395785485871046 0.006425614922714429 0.01514491283957381
7 0.43724975223337925 0.4723393909547393 0.0025392639459023703 0.012794165860466833
7 0.4145111520658362 0.4723345306689436 0.0026460787701911848 0.012786420961673761
7 0.5696375792537689 0.4691708352309044 0.002803049984482553 0.014283070088600025
0 0.4706521295063677 0.5312451950208588 0.02096686015168875 0.028417084111363122
0 0.44828809013889365 0.518487032126281 0.014668859171282578 0.01676870787489282
0 0.5048664410396115 0.52706107210444 0.022065465743302037 0.03812208204826317
