7 0.5000781292189013 0.4924402130933847 0.0020608104734880506 0.010059605126120308
7 0.49654836738473623 0.4830327183149691 0.0019216636001050391 0.009173279245966781
7 0.4986210964961181 0.48370374290416107 0.0018557931029702934 0.008882103329971802
7 0.5007304961861283 0.5005762108606029 0.0029432494906476703 0.003641206425094301
7 0.5898909454398054 0.4922307804926696 0.0018331949526727565 0.01004829752275449
7 0.551187298088826 0.48460808460668625 0.0016268055058787922 0.0083977642961231
7 0.5663288578306004 0.48453103056128644 0.0016187839190815456 0.008429328219956123
0 0.5333097110103819 0.5291978510299086 0.018569691018038736 0.02173338821780213
0 0.563854936935839 0.5150779892403818 0.009702124841965976 0.016414828245784552
0 0.5792159866288966 0.5191836887534974 0.019742950020770977 0.01349928110614318
0 0.559178615107157 0.5389922597012444 0.024999966635313564 0.03987525462144115
0 0.5399612183468322 0.5237444163285447 0.013347637675402702 0.017898131399460948
6 0.3641571362441867 0.5374770478050082 0.006039464428824748 0.027753867394459397
