7 0.5929211360233904 0.45883909733019024 0.007654787036330268 0.033923820382492975
7 0.5156439426778276 0.43259855576422135 0.005485806099483237 0.02869975793622176
7 0.5912202177664165 0.48595275320556774 0.009921713553275313 0.012014056304762433
7 0.5879766075823147 0.5227694877194229 0.0014664929037734309 0.004762452563017883
7 0.40472665539759084 0.45753368475410944 0.007848170619693562 0.03446666878454385
7 0.3782270374687969 0.408919086623433 0.008871826721099096 0.039227195724371444
7 0.3929505946715613 0.41945940282586275 0.007628603918121923 0.03437424687288759
7 0.40439857702227255 0.5226645728076775 0.0011173888790078634 0.004903650802179693
7 0.18582970703557664 0.3738870057101602 0.04223960239631408 0.1142907661650095
7 0.31789254295583536 0.3844495465365417 0.012389412615875839 0.050618466411833096
7 0.2790689424539644 0.3606131325275078 0.015833384579605647 0.06188180226622986
7 0.1948344775316343 0.575300694078857 0.005048888677903984 0.015091039074685786
6 0.33624429926462623 0.6343894194695716 0.028752235659501246 0.1870027505696572
6 0.7756576546326712 0.5871207733776962 0.017549074844902424 0.12741416979246045
6 0.8783558751871932 0.5271719180847965 0.008495584991492167 0.04292428599667231
6 0.14480343216491207 0.6248270696028377 0.03278877695778609 0.17933778850642434
