7 0.6757263348351725 0.42870744593585375 0.027314155984781485 0.06352420938362419
7 0.00040544686725216804 0.36217835639885565 0.0008108937345043361 0.0630978324081285
7 0.7180672508262336 0.3515747848638557 0.017443230106629404 0.06868467285584168
7 0.8026462944319345 0.3069244090540567 0.02505468459708271 0.09089492335592048
0 0.9454206852511281 0.596170881898027 0.1091586294977438 0.08120077297815032
3 0.3249411175304754 0.5698457246228266 0.112216512883208 0.14032262245054394
3 0.8020218863623986 0.5399434329812403 0.13066629454344691 0.0791888841192756
0 0.8422780880177888 0.5604315515447791 0.1199594283698604 0.059868297537089665
0 0.9135884819065836 0.5460345117139712 0.08811263292739635 0.05956654228370639
3 0.40478586255870236 0.5192040327856354 0.018495780809265505 0.028712772691287025
