7 0.4948071232964853 0.485495573560911 0.0011347695651774403 0.0063744487123336135
7 0.532442108954073 0.4903670583452958 0.003312647257505019 0.008417280374174885
7 0.5127490593325545 0.4837825936335467 0.00124836767220593 0.007130657462857848
7 0.5713542360972976 0.4815108564900634 0.006557915358647137 0.01618241594469977
7 0.509168857780625 0.46885947885013024 0.0023766690002556823 0.013761150143122236
7 0.5336798523398536 0.4688351015702917 0.0025070046344687347 0.013771605661242359
7 0.3839772472330951 0.48437002835050225 0.005779312696345795 0.01367761268554779
7 0.3717400034747212 0.4706504953660571 0.002885896554019829 0.012964062399681342
7 0.37219474125381463 0.48167984503783845 0.006829805039568648 0.016040850929523343
7 0.43406044836286667 0.46931620964073434 0.002703799508430804 0.013558493318403753
7 0.4099976013083889 0.46933985423137314 0.0028225341410282323 0.013548360708390716
7 0.44810805730334785 0.49040506278659024 0.0033854986698659273 0.008386986838864408
7 0.45053399354776197 0.484855524380856 0.0012947261855527081 0.006657792689661712
7 0.44755858405718785 0.49723833542475027 0.002467508178255806 0.0030337698636328514
7 0.5712666409716582 0.46729716308175284 0.0028373119405137315 0.01445831230898803
7 0.5747150483651632 0.4655224693310471 0.003011125023638206 0.015252377942250872
0 0.4539239398558027 0.5154664578855029 0.012002369727177775 0.012809800387653336
0 0.4444751269134174 0.5160065658193674 0.018129180180835647 0.015052145406401651
0 0.47045603054601226 0.516467005071202 0.009982659915797887 0.012682600897427454
2 0.467017566785102 0.5279731935808403 0.03085637303455363 0.043744647147386906
0 0.46585008098325065 0.5158993413221995 0.014020497083127192 0.01871123731897606
3 0.5062249717168626 0.5085077568099021 0.009230096407139898 0.016919164175896673
0 0.5052664677361348 0.5328431601426382 0.020114721474042863 0.026527475537963974
0 0.47263509134052906 0.5132034223984077 0.011381112078643563 0.015460293273209857
0 0.5058676912372322 0.5138945583494667 0.010053097536607769 0.012630085514175327
6 0.449954959795567 0.5085798350824985 0.0017787328821364246 0.011832585731123446
6 0.9913115546069071 0.6984022312881288 0.01737689078618576 0.2800761936698779
