7 0.281660020842256 0.4601458015287627 0.011640948317793609 0.036265801795680064
7 0.20640884074561755 0.40744178076703197 0.0119250914616634 0.04203356915737971
7 0.24433741070958814 0.4193918057520063 0.009933036075320534 0.036510643675924104
7 0.2823312526685699 0.4889369226100829 0.011406415689391491 0.012980044606770158
7 0.5895159619638204 0.4624746148991302 0.007406283071968889 0.0335425944206163
7 0.4631802531187582 0.436633795182118 0.005645194760582728 0.02831302502004529
7 0.513084746795567 0.43659473232996515 0.005364852329993064 0.028330314443244242
7 0.584651338362259 0.5256567717519667 0.0014395864597485097 0.004706278425903654
5 0.5030497276209784 0.5292161818897195 0.01516340796577581 0.026249575506986034
6 0.16830674927972855 0.5487343279145662 0.012458974004853018 0.0665277668408496
