7 0.543054336649773 0.4876881420657722 0.0017157066271475951 0.00952652903724338
7 0.5208737432716841 0.48031340912108156 0.0015317752834628218 0.008026497878244776
7 0.5426033562524463 0.49541170406624047 0.002754863998444268 0.0034374649405190527
7 0.48951494080647473 0.487510577402296 0.0017082822114590779 0.00953633944862814
7 0.4889763328109702 0.47867259222783176 0.0017149517784031953 0.008660120600597954
7 0.4897866350569558 0.47927353013376106 0.001661190284608538 0.008398344544178038
7 0.48149064788229506 0.4848558103951059 0.0021851902151969194 0.011823024324856601
0 0.3535735931317857 0.5110386080988072 0.021080106518902075 0.011361267776716866
3 0.500504537954648 0.5102052228544492 0.010291672832269838 0.017278271550939195
0 0.3749817019833614 0.5083559890051549 0.023862445539374 0.014327166954385184
5 0.36217946967371395 0.5099494551981999 0.010258459879935289 0.011799153168262189
2 0.49847158769499067 0.5049735766057353 0.016410538970762778 0.03302295899017105
2 0.49608129804134987 0.5057904265076225 0.01865956841358829 0.03731200101084886
0 0.5189241194609987 0.5121833940341949 0.012236232295899985 0.013815806004876863
0 0.4936329689948326 0.5185166730590267 0.014859130428603984 0.01769048636897652
6 0.5562443251888607 0.5094146031922995 0.0016303795663605847 0.01395861158823819
6 0.22192997338030107 0.523996761581311 0.00639595554980707 0.035964176170630746
6 0.3395178970748685 0.5147243307023351 0.0034618459566662096 0.022777727789130564
6 0.3654021781271465 0.5095803930139677 0.0022642144018396593 0.015428236660324446
