7 0.40297487245134345 0.48002731101823237 0.0035926612577945605 0.01561733610685373
7 0.3929169257541415 0.4639364108894347 0.003341232244800263 0.01491302982395376
7 0.3981670766568498 0.46566904486001615 0.003146944110605787 0.01415294306366116
7 0.40384967105687886 0.49260876703719825 0.0046715041208316155 0.005635225378808895
7 0.5391697232548549 0.48040510466839825 0.002859678210048955 0.015041566578808285
0 0.446489921595671 0.5448222772417475 0.03864550443530873 0.048076740864646306
1 0.5002287618119277 0.5074803364215925 0.07651508302211418 0.14665495000637796
0 0.4552724844952335 0.5363421743732761 0.028942456521087456 0.04158238722563634
0 0.621523602041091 0.519601571350831 0.041328771350858995 0.018312402801439864
0 0.41469869343461907 0.5735328581886645 0.06476722598488993 0.08155458006651217
6 0.6108155065556657 0.5319332954070001 0.005925074568394528 0.04831554804277105
6 0.5967737021145281 0.5243229386509374 0.005062729110682174 0.03737589408451025
