7 0.48382676782409445 0.4910987645674133 0.0037508334692611944 0.009600943844773224
7 0.4840295846482763 0.48216711470904783 0.0015731039139506575 0.008774393208302589
7 0.4845441635586773 0.48276668271050494 0.0015235979336396532 0.00850559911198323
7 0.53606019024053 0.4887993769944077 0.004618899710071234 0.011656183401178632
7 0.49114730732612744 0.479659345860934 0.0017464913699572482 0.009899833805722014
7 0.5088312038828968 0.4796576336873926 0.0017397171793291921 0.009900500785519739
7 0.534321839984907 0.5112414579013353 0.0004837513673182636 0.0016665517498242188
7 0.6392061021123571 0.4631873182395536 0.014792258953642223 0.03471604825094571
7 0.506665204016937 0.4357615322282259 0.005148709593606582 0.029923991571982833
7 0.5592535934159476 0.435747653708051 0.005738053675126142 0.029930110499920837
7 0.6341708612292938 0.5295752493633146 0.0016057763573028572 0.004959827761326752
7 0.2762277267186075 0.47378398634339747 0.011431105380251327 0.02514314388340705
7 0.2273045026511491 0.44296560128354945 0.007249529901452945 0.02659761632130897
7 0.25075235318488187 0.44801805308566917 0.006415455674036508 0.024273219558931358
7 0.21411243123744383 0.4634714749643829 0.016297006435232908 0.03446350291526523
7 0.3472778866834673 0.43752422919097433 0.006616469435092753 0.029109103855002705
7 0.29613929582544307 0.4375373705989519 0.007169931567203525 0.02910332498303303
7 0.4192520257140041 0.4888249556809503 0.004782467176419669 0.01163466184893136
7 0.42435875715854093 0.48159312245741026 0.0018231818083859208 0.009032169932208622
7 0.4218036902388589 0.48091630608933145 0.0018930415619403118 0.009335867467960723
7 0.41856596821788117 0.498299987854501 0.0034624066834068046 0.004201660186155032
7 0.718606004013786 0.4400807422487702 0.025000532695046318 0.055773085096044395
7 0.6480150582937294 0.42849209202751226 0.007468452453744945 0.03329798585249727
7 0.6674481439944748 0.41878217981144 0.008728184214034984 0.03783169238670647
7 0.714124534447335 0.5452996460688689 0.0022854821282107807 0.007885657479480779
0 0.4804768936830968 0.5199394480521715 0.01220481736681045 0.01564089348536435
0 0.009436930208237982 0.5236486286760416 0.018873860416475964 0.027288650072127996
0 0.7603238565810579 0.538863995216899 0.07771362096370715 0.03803089660804415
0 0.4033087743971473 0.5830449499791095 0.06238543902872118 0.08645998484842787
0 0.5006259462570444 0.517823183536937 0.011056972919661567 0.015322389348488175
0 0.4783015178518455 0.521895089841837 0.014867347177525247 0.01929998539497202
0 0.8101190221046854 0.5372082570971533 0.07131490399389151 0.03249046816517942
0 0.5003980278263219 0.5199717919807101 0.008476386777513 0.014278802609497987
1 0.3925457422006464 0.504563803167127 0.0483541238454705 0.03339967267066418
0 0.48217677431460837 0.5182378520272025 0.010560519058713524 0.014529394311532995
0 0.7345928522072315 0.5378025446804666 0.06323837905569873 0.030840623705728043
0 0.5008078095765808 0.6022775870215797 0.08825286340882776 0.15600380083085374
6 0.1678489025884345 0.5247761293697009 0.005881869608461238 0.0309296215096847
6 0.3795333117396499 0.5175053404881038 0.002763401623019801 0.0210952010196096
6 0.4192451763289977 0.5109310864507599 0.0016111606885000906 0.012211247122876911
6 0.43245528470736083 0.5137110434310836 0.0019896264218137727 0.015867453356479544
