7 0.6105643782914405 0.4759568658038489 0.008506101548259815 0.02032295956127067
7 0.5327625104780205 0.459973994445671 0.0031812152416897943 0.017356140664255726
7 0.5635648060696816 0.459969150945538 0.0033827761601313844 0.01735967552298534
7 0.3754085268339772 0.48027593704552246 0.007042025834285648 0.016608883244789707
7 0.3598181631224322 0.4626348860611456 0.00363484999422492 0.016174334632727994
7 0.36005693001639394 0.47604861647680685 0.008660356074762454 0.02022224999527883
7 0.4380054904575195 0.4606026366018214 0.003336017398179014 0.017074292102574273
7 0.40772714871060134 0.46060726851671896 0.0035282394362483593 0.017070875642949623
7 0.6398115786182734 0.4692348567836937 0.011140697280450751 0.026090154774990326
7 0.6135232712366746 0.4575201937860507 0.003936753434274687 0.018444363571629596
7 0.6213503988166356 0.4545578775070065 0.004270125208018283 0.01975653668629862
0 0.499949517335924 0.5934285116911413 0.061739914215603986 0.09038712712987318
2 0.5001733532641173 0.5422487295029206 0.0433470389329933 0.06942046833921867
0 0.6325380413508876 0.5705667853896159 0.12386619915892283 0.0778375764939605
3 0.4797803536605201 0.5122926181322482 0.015032118929504401 0.025827117065590433
4 0.9812197194327346 0.8379965002387468 0.03756056113453088 0.32400699952250633
0 0.47463593789907804 0.5218903791407321 0.03860149924375922 0.0214931746673096
