7 0.6970163256623265 0.457036005048869 0.01619356368875091 0.03650674358696954
7 0.5583540354012012 0.42818970546149293 0.006007874101650934 0.031503877505109024
7 0.6136183445724419 0.4281682645737622 0.006656211469093343 0.03151355611464679
7 0.691764127004675 0.5267504396774374 0.0017899259174373183 0.005206084541889311
7 0.304850299796272 0.46916614195134787 0.011587960388409313 0.026054999698682024
7 0.26077860701725974 0.43636170207234454 0.007212204022405522 0.027825337121155314
7 0.28222392804656815 0.442017019161836 0.0063680008458104065 0.025291776521778164
7 0.3037712718288903 0.519221886694383 0.001068913231945412 0.003759659002126048
7 0.2505255600694723 0.45738965772056334 0.01665823434066127 0.036201099650147395
7 0.3897437425311401 0.43020772094844 0.006453061826911022 0.030593556693120694
7 0.33611678182311466 0.43022793501245626 0.007057525882731341 0.030584444658918075
7 0.8199311049829052 0.4294220197115013 0.028969898082470635 0.06054182589166063
7 0.7136648970762904 0.4198611056555184 0.008733714626165567 0.035274202447791
7 0.7435291462881106 0.40860801032111516 0.010406679800328833 0.0404025392333785
7 0.8132312533944452 0.5433176570955439 0.002926256660344184 0.008521209887961234
0 0.49952491782754205 0.8082218516952941 0.2626683763466242 0.3835562966094116
2 0.18928174179154036 0.5313528418198092 0.09954787504965318 0.050197036194923106
5 0.524786776253332 0.5202595457184996 0.006737686599913362 0.019884169064005253
0 0.8068235737202392 0.5396400718217427 0.07029492887705768 0.034100174576741415
0 0.5201654860669589 0.5159099955300148 0.01224446005364832 0.015301800714524916
0 0.8910299747356099 0.5396811144199074 0.07432960317307791 0.03419623470844646
0 0.7614768059073389 0.5318812099434214 0.0673305133486487 0.039057981720213686
6 0.16582748405050188 0.5621029845088146 0.016270984375050868 0.08681256054656561
6 0.3969873574307029 0.5210785921948682 0.004050970228235862 0.014117511311325548
6 0.1945074075651938 0.5660079958021299 0.015973430082585782 0.08770420660625966
6 0.55564087088021 0.5247686351269917 0.003835565747741354 0.03227953368602776
6 0.2639860206678412 0.5225653156500281 0.005174203889342199 0.03274777206347401
