7 0.6436014133609231 0.46835008849358795 0.011255895150776296 0.026291634303015066
7 0.5432360348973331 0.4476691801247954 0.0041924355468122565 0.022530527004532896
7 0.5830597583391572 0.44764757640132846 0.004531123671356885 0.02253977647841271
7 0.6397636960791737 0.5187145456882422 0.0012238052315356462 0.0037519048569887303
7 0.3482913497504945 0.4752601458227411 0.008803799579701344 0.02037295598714811
7 0.32335340627964454 0.45210137219948054 0.004890759785895371 0.020562599905327106
7 0.335504893279497 0.45529894831429785 0.004472334052384674 0.019145077665021326
7 0.32073417920185604 0.4685883460580055 0.011477336184451237 0.026092821915697395
7 0.42118096099160207 0.44875577459891147 0.004434863904427433 0.022048129693365504
7 0.38227303799231444 0.44877646719013875 0.004752233244759929 0.022039284367029455
7 0.6503588488431074 0.4434551605891052 0.005514763566007552 0.024408198342958598
7 0.6642834083747164 0.4381977582582617 0.006173553942348309 0.026759638020545373
7 0.6946402047014237 0.526100704136118 0.0014640880524376954 0.00521425637350359
0 0.4996589734331731 0.6895460883185186 0.13293925185480487 0.21679481760720476
2 0.5012788903408145 0.5794112507259856 0.08310056463589821 0.13535183630642134
0 0.7289565170495382 0.528753636371291 0.049206673215393404 0.02493794541992156
0 0.5208078043206088 0.5155940125677818 0.01238020418273944 0.01551738168007255
0 0.26056883601757863 0.5271528419845968 0.05709674431498207 0.027768895263103444
3 0.32277872558100174 0.5598372392155926 0.1140043721160271 0.12525641283500222
0 0.6995408404056322 0.5235086838985767 0.048732389130265674 0.029355650428681268
6 0.4198262507326382 0.5150562601649149 0.002885160512343443 0.010456634685599653
6 0.2727510744353774 0.5346760743447384 0.008485805802505686 0.05096436570746632
6 0.4365306891009113 0.5187778735598327 0.0029814295200167873 0.025222916066287127
6 0.4381405108269242 0.5178496468820617 0.00332415617329751 0.025465184181164946
