7 0.46280651438307857 0.47416290917299 0.002327022050835459 0.011590333206248804
7 0.46423276723881624 0.4752091399070555 0.0022290809095643627 0.011125904110315998
7 0.4504237723667144 0.4815252610874934 0.003248856765482422 0.01668307558114751
7 0.4536613173942887 0.47230166440128285 0.0025307744061164317 0.012417345119221823
7 0.45157364722061 0.4709947219375619 0.0026574554299449993 0.012998654365802942
0 0.5000907732501132 0.5281873490795279 0.01903433654593817 0.03003977440937311
0 0.25829106325100726 0.5181369662784894 0.03391407257382267 0.015813429768025578
0 0.5000918314766669 0.5217432003682951 0.018407467513992137 0.03164668780657187
6 0.60143009763382 0.5301594892816932 0.0050267059596260655 0.04116019768032686
6 0.5602450417663811 0.5185007055033044 0.0033648735755060777 0.024945584645382546
6 0.2511729244396155 0.5164039867749737 0.00387087153592805 0.022036719897795876
6 0.4695928191570511 0.5171248145766487 0.002658595797562946 0.022501933673252705
6 0.3419366089442226 0.517935071748653 0.00383789112550853 0.024162658014357352
