7 0.7236439664413092 0.4821975472894196 0.007006982907802439 0.015917575952011487
7 0.6597517577611501 0.47073957509076986 0.002446892254204247 0.013098031421922673
7 0.6844830293852666 0.47035847244670603 0.0026276577052363193 0.013268840798908721
7 0.5315793679274445 0.4839939115293574 0.0058619632134288 0.014331012064851323
7 0.5872732200818118 0.4721741660868844 0.0024081157791674412 0.012455675829764479
7 0.5651816830581223 0.47251076816284976 0.0024518619798330477 0.012305040247222288
7 0.7387211244922667 0.47861048210344825 0.008535103938619892 0.019088114673618206
0 0.6721860558691405 0.5364353251252726 0.02574074158385531 0.03481220687461439
3 0.6195976134595476 0.5453488535380601 0.04377594412738428 0.09863748698587277
0 0.5918832012664974 0.5183597138875036 0.014320242392058868 0.016852851628066268
6 0.9492085641572139 0.5593799245016324 0.015262205153013908 0.0822969416495355
