7 0.42780808992974517 0.47390850680780783 0.005342581285964265 0.02538556886104648
7 0.41571184725413424 0.4431818696778662 0.005680160821165903 0.026442275209900112
7 0.4227752970049108 0.44825433594648756 0.0051362814736355955 0.02414364794270396
7 0.3483568728804138 0.4445000583215819 0.013873313579821134 0.05235277841164432
7 0.3848722382332893 0.43278214409695326 0.007005085534211142 0.0311783681979641
7 0.3708817073727664 0.4241778874481189 0.008036524231567255 0.03511994808252178
7 0.5676738976201443 0.47479777111942845 0.005248139801750762 0.025062850702902983
7 0.5101348307939566 0.45534541797900985 0.004047251757203774 0.02118617825519259
7 0.5664526939774353 0.49493632051384673 0.007295861254054903 0.008936729340174365
0 0.49976915762514657 0.6187667803623348 0.08441802746919713 0.1478865924193984
5 0.7463965604480574 0.538249324327893 0.029260473098434048 0.03320086911883913
0 0.7317833407913781 0.5345411156852082 0.06256648457292346 0.034401583728400964
0 0.507077279919825 0.5559027698512795 0.05377559383691882 0.08281862585587507
6 0.40840601834079027 0.525330095998404 0.0043275912029862584 0.03150210054717062
6 0.06127910024928324 0.5257088802307976 0.006817486658163549 0.03200590317303009
6 0.6203995797138335 0.5533588685730615 0.010851586200107177 0.07059047076583302
