7 0.41036603924049814 0.43614222416421744 0.00609056257159224 0.02819054568371321
7 0.4183304806576407 0.44194271511070093 0.005470453020704924 0.025592993203257364
7 0.33188464424070435 0.43421689401794555 0.016072302344438683 0.05840995265425297
7 0.37615568148124856 0.4240479138431441 0.007629518959600068 0.033637411572424
7 0.35978010331854116 0.4138318339492556 0.008863210222580964 0.03827077606617135
7 0.5107172557882571 0.4499104278321078 0.004256844197662479 0.022294535206349664
4 0.3982611830864755 0.5441678793247191 0.026141359590398983 0.045526452532703376
0 0.7728981516317605 0.5411148673599794 0.06557222952860253 0.04078810703187696
0 0.5000437850121924 0.6534672398028067 0.10850916166748392 0.1945451744176191
0 0.7167018248791381 0.5458738109125751 0.09032026270770288 0.04509917460443569
6 0.6001278485211101 0.561754874771522 0.01163705692946504 0.07973349765118776
6 0.36183653495572654 0.5783848959641753 0.017538513699897063 0.05243594175193844
6 0.32840534370581825 0.5595320052818258 0.010176849854155567 0.08439429061805903
