7 0.41036603924049814 0.43614222416421744 0.00609056257159224 0.02819054568371321
7 0.4183304806576407 0.44194271511070093 0.005470453020704924 0.025592993203257364
7 0.33188464424070435 0.43421689401794555 0.016072302344438683 0.05840995265425297
7 0.37615568148124856 0.4240479138431441 0.007629518959600068 0.033637411572424
7 0.35978010331854116 0.4138318339492556 0.008863210222580964 0.03827077606617135
7 0.3338761662362859 0.5415299170762529 0.002105839501276463 0.007998283342730672
7 0.5107172557882571 0.4499104278321078 0.004256844197662479 0.022294535206349664
0 0.5000337658613452 0.6276132552966001 0.08917264887754622 0.15742631030138154
0 0.35086823118942156 0.6299039247855944 0.12880225071936646 0.1555554320272382
6 0.11775752258909103 0.5685905734003819 0.01701300980325221 0.08847290700082389
6 0.5988551811206556 0.5306435875863929 0.00543236342213449 0.038935926380749275
