7 0.45730326661066445 0.4634757749016303 0.0073008325045115785 0.033043546316035566
7 0.4341675145890408 0.4178729308461246 0.008131753060385327 0.03708702029603006
7 0.447096015445531 0.4274059663779588 0.0070746656547500675 0.03273693803789862
7 0.277747081984533 0.39288195059058595 0.032819875025183964 0.09887459879737204
7 0.3812057318295323 0.3967361784610719 0.010934306039302344 0.04683212510429424
7 0.34918942930583396 0.37655772061994375 0.013577728332132777 0.05626517783615814
7 0.283969142838164 0.5686871200528655 0.004003930741853512 0.01317564937584903
7 0.6417259356709926 0.46345462045962665 0.007741466158846855 0.03370847201524296
7 0.5644394832305772 0.4383255312207827 0.0054227023725684775 0.028112851191298804
7 0.6400215861185379 0.4903698396969077 0.010056783053318585 0.011944582656944647
7 0.6367508426338366 0.526904010971299 0.001483923971780432 0.004730404104357766
0 0.6424573827037908 0.5536074620987352 0.08801946159545637 0.0481828845958443
4 0.4961555561751703 0.5488484192984528 0.026593933836492778 0.04932529262861152
0 0.44912961917592437 0.5468967128048225 0.08390384976992127 0.04047784628734452
0 0.6399047706339072 0.548821890404509 0.03870551763606567 0.040143527841892124
6 0.1766214825220716 0.6083409871536245 0.02781385776450135 0.1524795573574308
