7 0.3765019817707639 0.4759548234562334 0.004708198273544684 0.019100054765472274
7 0.36014546537422965 0.4550942507328667 0.004392123201325815 0.018797186824213385
7 0.3684245397981134 0.4577824538078753 0.004066381100437111 0.017605617834986764
7 0.37745308266163624 0.4913017691833812 0.005780285387148754 0.0068820338429537165
7 0.5420959090389497 0.47665033362140197 0.003549833395019797 0.018192453595958114
7 0.47275015207122295 0.46243818077706955 0.0029955543857511646 0.015390386613096163
7 0.5001234733473434 0.46247047081531906 0.0029260933089610974 0.015377738218453563
0 0.44504189272244354 0.5195046572588158 0.019615849538603736 0.022880824088141627
0 0.41837916907759654 0.5650672229811109 0.055815802940934356 0.06789438318307084
0 0.35969340053849697 0.6112930351126087 0.12675481033424468 0.1458674114810773
3 0.5025613347068919 0.5095566354177146 0.025709887752534077 0.026405536978541533
0 0.45616025160997087 0.5154541674357441 0.022911839167125414 0.015345799711866448
4 0.5478088617083587 0.5121037048904375 0.007816606939676674 0.014476880713083728
0 0.4338982981971188 0.5508834988252893 0.043348531522326816 0.05636342669234873
6 0.6370728631183048 0.5370041539305602 0.00803188750967343 0.05542011360392918
