7 0.4874673176365397 0.490013670330841 0.0037315919497092342 0.009556976913268012
7 0.48767673477442985 0.4810971468134472 0.0015641338867600774 0.008731171908716973
7 0.48818541816734945 0.481704862488257 0.0015151807717742605 0.00846499022014846
7 0.5394493434687235 0.4876344345283722 0.0045973219546860955 0.011600490661254403
7 0.4947663089246856 0.47855421091756084 0.001736012333391268 0.009846090242222605
7 0.5123527712843042 0.4785464435990053 0.0017305464547761051 0.009849222690204829
7 0.6408523973288967 0.4614886570965542 0.014582336942106644 0.034240019541095845
7 0.5101874447112406 0.4345754612809822 0.00506576907829559 0.029450091960171343
7 0.5619662614897741 0.4345116598329668 0.005643075958451371 0.029478145065577888
7 0.6358701988070232 0.5269236606934486 0.001581485043022468 0.004885266170955083
7 0.2831595286524059 0.47238307933048385 0.011199611409616228 0.024778945843959954
7 0.23590897574094244 0.4419634383269229 0.0070442306968425406 0.02611889644033938
7 0.25853614082917664 0.44695625321098864 0.006250559727101368 0.023873995594664688
7 0.22344545777487512 0.46201765542959655 0.015849809350043292 0.033791828694323844
7 0.3035696471342173 0.4365302788859171 0.006975601828716649 0.02856915248312414
7 0.7173457270510093 0.4383292458118062 0.024404887833463285 0.05455027226965986
7 0.6492821438879945 0.42723704804774776 0.007328592756905672 0.032777910330866966
7 0.6680672389978275 0.4176322551881354 0.00853940541071585 0.037161453485988205
7 0.7130199231833979 0.5412150627551953 0.002217355627718076 0.007695301384027298
0 0.06367906519465014 0.5340727244434385 0.05828247010577271 0.031131079827540487
0 0.0837299879169818 0.5193264875159953 0.039605568118387544 0.023561525519285142
0 0.7575164655826289 0.5361469933673944 0.07104880263672064 0.038489090267174064
1 0.38271869928238367 0.5215183376448707 0.17166217713815407 0.27922836763789916
0 0.5045419360663483 0.5153798532281564 0.011039921603090141 0.014908508633067141
0 0.8047808212377511 0.5360168067156548 0.07498798662071748 0.030098599509635005
0 0.03970871753311882 0.5487721790680066 0.07941743506623763 0.03755259713173742
0 0.4881693182084954 0.5129904167289697 0.01036296000286202 0.017685601705386134
0 0.5019914316657239 0.6233499467367007 0.09015004712323232 0.13690309017821323
6 0.07134116041460119 0.5238731885091032 0.0063618519044536526 0.03214720968142071
