7 0.5688922074274387 0.47482889252390403 0.0035820954518787085 0.01689079829749779
7 0.5300022624503742 0.46167694890085975 0.002839504786381064 0.014264324952693919
7 0.5680556722930447 0.48845685037668396 0.0049533358433120345 0.006057465053054489
7 0.5663946453967942 0.5070271934598498 0.0007233180147752094 0.0023907343526100577
7 0.4744703371141369 0.4742512400455725 0.0029966927010027233 0.017038825165453575
7 0.4738583844898324 0.45622314955429094 0.0032271334063964097 0.016469575870312836
7 0.4752072527942366 0.45833784356075613 0.003041351471314957 0.01554755115448142
7 0.458377687386379 0.46377013320583343 0.004864123949488541 0.02604763859629411
7 0.461715223603255 0.4522788239209796 0.0036370692166362573 0.018191087617602353
0 0.32562845054539424 0.5117946551465857 0.045406901344760775 0.026675045283114263
0 0.04193193002496079 0.7783105465948039 0.08386386004992158 0.44337890681039205
0 0.4996596818071194 0.5344600030616993 0.02905523943801458 0.0417305258391264
2 0.17177685649670982 0.5025830820720371 0.07052239448921069 0.045168080661144916
0 0.15188711313972578 0.5148368105601874 0.04155634267154512 0.027281507064688126
6 0.7983366242740919 0.5599511066317802 0.01746618987198667 0.09600715550619998
6 0.5434297957550587 0.5261757957370433 0.004643541134181528 0.024975044040672634
6 0.581194040579251 0.5274704697826806 0.005855615802498049 0.02078991984453027
6 0.5923351760837219 0.511962384928653 0.002983515517646751 0.02298854013161955
