7 0.6536033729635622 0.4733570804453058 0.010764941334150957 0.038878497469805484
7 0.5660936659613245 0.44358629932059657 0.006960493725787664 0.032881545365933684
7 0.6517030916378429 0.5043118884270897 0.011735335018437487 0.013765620478636886
7 0.6483939314976044 0.5463945518302256 0.0018184846566670076 0.005459026066663708
7 0.43936946767854695 0.47235404840135564 0.007840837266993028 0.039726869024959865
7 0.42388511689719055 0.41080090463011404 0.00992449962708114 0.04759363252719617
7 0.43411570087063134 0.4260307466803547 0.00836419655031334 0.04064103957800941
7 0.439401924356436 0.5472162913500567 0.001163481237779651 0.005664657637798554
7 0.21160013753253426 0.3062504768780434 0.0671885373015402 0.20176793623817596
7 0.3644026797968164 0.37234999724320844 0.014881056883775667 0.06547236885784324
7 0.3261893777460589 0.32996480473326606 0.020353719486460697 0.08558486927417541
7 0.22355150988116018 0.6436545702870354 0.007986017202060935 0.025598486376911422
4 0.9834142427107773 0.5723873375425195 0.03317151457844536 0.06757189622368154
2 0.9373362776012903 0.5612079062721376 0.12532744479741942 0.07216541228946927
0 0.42701869749553556 0.6140018162603558 0.10801076294376122 0.11051569942190198
6 0.48597330342361833 0.5526136699936218 0.0056889019189714785 0.04991604825379237
6 0.7203435549816147 0.552336813600828 0.009049989490771404 0.05079939841789527
6 0.053467404357343915 0.554890757071301 0.011302627078056453 0.05091598747975312
6 0.6944150471149841 0.8102466127661909 0.0474846678504659 0.2415399632362828
6 0.792429850426982 0.5771942969440622 0.014835726927626802 0.07834113464183134
6 0.7863983212967807 0.5734491762793275 0.013295987011226251 0.07332842185121768
