7 0.46267295446458345 0.4451340455646528 0.004762161963467626 0.02395281704555996
7 0.43027650362212666 0.4488485108453598 0.009149990715921652 0.04463237842307172
7 0.44245572155818624 0.4365828436002501 0.005697835277270469 0.027774701878161223
7 0.4363616800361474 0.429712486503123 0.0063801904265183285 0.03086043366275293
7 0.4305160991186824 0.5317702066238693 0.0013052641472301452 0.0061712744919020235
0 0.6735930309367026 0.5318005395675114 0.061947215643615716 0.031388173271724384
3 0.49995182764589896 0.5791563594448452 0.05832162738360852 0.1215279451593021
0 0.725181723024798 0.6780759003287309 0.20932878220988682 0.2708544501087423
3 0.5747403295331726 0.6602260999268106 0.21531478754387684 0.3295824366723094
6 0.11032963424379633 0.5504250003141855 0.014453590158231333 0.07255122642969469
6 0.43777665039741487 0.5441051570825091 0.007506811368593047 0.06295842517913341
