7 0.46267295446458345 0.4451340455646528 0.004762161963467626 0.02395281704555996
7 0.43027650362212666 0.4488485108453598 0.009149990715921652 0.04463237842307172
7 0.44245572155818624 0.4365828436002501 0.005697835277270469 0.027774701878161223
7 0.4363616800361474 0.429712486503123 0.0063801904265183285 0.03086043366275293
7 0.4305160991186824 0.5317702066238693 0.0013052641472301452 0.0061712744919020235
3 0.49998110997928613 0.572255124315394 0.053080161379177426 0.11066665041756663
0 0.725181723024798 0.6780759003287309 0.20932878220988682 0.2708544501087423
3 0.5747452140435461 0.6602278976952694 0.2153254962656574 0.32959546384379046
6 0.7661020319033651 0.5399341253435108 0.009925055627241997 0.057376065549692545
6 0.04556549704275248 0.5574048327915966 0.017611287502172918 0.08258589804303329
