7 0.5415363589835402 0.4852237206024784 0.005118865976155074 0.012884903328196418
7 0.49191722254399817 0.4751236385277081 0.0019327853812045048 0.010949142450484173
7 0.5114564811262934 0.47511864327332365 0.001926325080457869 0.010951360519793896
7 0.6953584240327599 0.4450908954151901 0.02139894176532875 0.048498833439510336
7 0.5111956218407042 0.4067185079635077 0.007218906715094731 0.04212685282484596
7 0.5845208238321569 0.40664801272775175 0.008364479839204408 0.04215972665670803
7 0.6883793302256178 0.5374043215335147 0.002359593388360337 0.006917219244339079
7 0.2215128496198363 0.4640594390729279 0.014840800739372328 0.031575550306136124
7 0.13834640649568156 0.42048499733879396 0.010819804703595726 0.03573375317993127
7 0.17879583264713367 0.42932104563147033 0.009146550292957467 0.03166171861306655
7 0.2194064894176228 0.524679194469728 0.0015090453803279502 0.004569179251524558
7 0.10722078253109804 0.4458465857525072 0.02404611939262602 0.0478217923763008
7 0.29157730416110106 0.4102723059008589 0.009939288632056564 0.04047078900264134
7 0.22130577268608947 0.4103373959938075 0.010971760194341512 0.040440510534022756
7 0.8977856439259577 0.38562988018315436 0.050920323130143275 0.10259043155521214
7 0.717806650949161 0.3916381807025653 0.012112392880933132 0.049198569213053545
7 0.7619600798036923 0.36937071690798984 0.015556232035037754 0.059771214113267634
7 0.8843456687236508 0.5753560960669286 0.005373880264885167 0.01431959303736563
0 0.5046473416254326 0.5157752630855537 0.014795258792876131 0.014697103712860593
0 0.782933137078456 0.5481453731964312 0.08663123595895417 0.03732497029005433
6 0.3210423780024841 0.5263615491830308 0.00460581123236814 0.03653443098871745
6 0.07996827001475082 0.5351821500533613 0.010550604064619648 0.022778331712256517
6 0.8582666337501663 0.5268626367688689 0.007197961615592274 0.037195034926364556
