7 0.4298398342892722 0.47269725209348523 0.005020253208668557 0.024145627453335816
7 0.4192128991963944 0.44408138408885545 0.005301415870684112 0.024868581568430803
7 0.4255008906570006 0.44859613533445664 0.004823862711395899 0.02282480790502045
7 0.36088238182010957 0.44732882315453554 0.012088651691492258 0.047344862606322424
7 0.3912640758131617 0.4349590816114252 0.006444201901444235 0.02901620550925521
7 0.3792205103720045 0.4275544283214423 0.007311061856209888 0.03240060007456186
7 0.5629876128098561 0.4735533936172279 0.00492958159543011 0.02383542076542383
7 0.508216610642694 0.45503125761568 0.003847815433305035 0.020155227722754798
7 0.5618251844278415 0.49271856939352693 0.006928903509622608 0.008505913480142735
0 0.4982511136980618 0.629413940308744 0.08976359141399282 0.15505026961798907
3 0.09773189714525224 0.5267726538119374 0.06424215331453882 0.03914550408072803
0 0.4983543834731341 0.7935462828458066 0.26178021789831313 0.4129074343083867
6 0.026586981186956973 0.5480677339667468 0.014466217921668426 0.06673556443630646
6 0.025413455114371368 0.5493597507059318 0.014979925903153325 0.06850685320563776
6 0.6301709065469128 0.5284410391513175 0.006397529013287717 0.018401399404099017
