7 0.6328847320858277 0.46250487114579764 0.013981782662341069 0.03299088004492173
7 0.5068934991497043 0.43647057652994753 0.004886797601368897 0.02840183993056178
7 0.5568519749526615 0.4364517938757303 0.005416484682235878 0.028410575223417167
7 0.28508935425331183 0.47241019931147044 0.010926553453383614 0.024208599063218317
7 0.2402683337775675 0.4431092374145038 0.006784562494852597 0.025372832625204234
7 0.2617185436468159 0.44778369330471995 0.006042204959750164 0.02324898223177152
7 0.22895877594321545 0.4627923429524611 0.015306274999546676 0.032733084195782025
7 0.35535088950153126 0.43809922222388376 0.006202914903610024 0.02765719465794375
7 0.3067459338580513 0.4381170166739055 0.0066987893961403255 0.027648924497314042
7 0.6404316387789217 0.429855203211677 0.006953494944256899 0.03143364595626752
7 0.6576533026721116 0.4211502762771173 0.008041166944691813 0.0354436107389689
3 0.4234786099244684 0.5191198040173031 0.017754726570512747 0.026905011291004866
0 0.4812947157287313 0.5177699290820532 0.013315836326301733 0.01733795954489914
0 0.7183071379122357 0.5322484245892897 0.05258454535788204 0.03284136259534676
0 0.48313975819096844 0.5152768711301048 0.010446908108743602 0.015451086269451353
6 0.4054129864538537 0.513157929045832 0.0027661062599788067 0.018179077531960353
6 0.21377911890112955 0.5216354866727517 0.005376403155175236 0.02990441326701465
