7 0.6548884768768506 0.46635738788514997 0.012359947509604896 0.028646305139452655
7 0.5456650116758357 0.4437732091700247 0.004603215018807449 0.02459865277386758
7 0.5890590300801424 0.4437616369658251 0.00500275408258366 0.024603860034703495
7 0.6507265842372882 0.5212015426487462 0.0013492238645954613 0.004088372622072511
7 0.33635426904379767 0.474287409153339 0.009490831125944621 0.021791818538097807
7 0.30722178529535404 0.4489083079710212 0.00542097262705632 0.022299987542704625
7 0.32139024146688094 0.45262266200388646 0.004915995966870423 0.020642499320163987
7 0.3356553401137289 0.5161948367671123 0.000838792579332337 0.0031404625261944874
7 0.3031132214812937 0.466567337703145 0.012664804715875444 0.028464189009640095
7 0.412716727210545 0.4450148732635486 0.004892824177661292 0.02404204794494491
7 0.37032924639383025 0.4450259180586247 0.005270721641747078 0.02403708192399423
7 0.7212354440298453 0.45144628306153856 0.01874541229191573 0.04161024253005474
7 0.6635417343562293 0.43878966671392816 0.0061916324722187666 0.026837282087369407
7 0.6804804934238928 0.43242539137443886 0.007024633023062998 0.029707327942194994
7 0.7178096019115581 0.5303709227657618 0.0017274878534224714 0.00588790944252271
1 0.47695603350360705 0.5030775883952361 0.028362996317081668 0.05238530277550879
0 0.7207764256708021 0.5308668989378861 0.04876846066228868 0.028633424004992136
0 0.5234924259980279 0.5192181090514951 0.015345882184065518 0.019692441595321353
0 0.499892207667603 0.6496700188692958 0.11812419197979579 0.19942930416833815
0 0.41402230301884957 0.5770057568383273 0.06660608201560558 0.07473744747536992
0 0.4525154578678171 0.5175108275486493 0.015191405355919618 0.02336126146218831
0 0.6220573748925171 0.60082346762156 0.1058789289447416 0.12772999138451657
0 0.5212124890201247 0.5156950447815981 0.012247995109405219 0.020876191306066216
6 0.3397272849918822 0.5189136661314724 0.00413630911294427 0.027284653399561543
6 0.3972000011804301 0.5156039913401138 0.0030597498003315238 0.02257058921463939
