7 0.6548884768768506 0.46635738788514997 0.012359947509604896 0.028646305139452655
7 0.5456650116758357 0.4437732091700247 0.004603215018807449 0.02459865277386758
7 0.5890590300801424 0.4437616369658251 0.00500275408258366 0.024603860034703495
7 0.6507265842372882 0.5212015426487462 0.0013492238645954613 0.004088372622072511
7 0.33635426904379767 0.474287409153339 0.009490831125944621 0.021791818538097807
7 0.30722178529535404 0.4489083079710212 0.00542097262705632 0.022299987542704625
7 0.32139024146688094 0.45262266200388646 0.004915995966870423 0.020642499320163987
7 0.3356553401137289 0.5161948367671123 0.000838792579332337 0.0031404625261944874
7 0.3031132214812937 0.466567337703145 0.012664804715875444 0.028464189009640095
7 0.412716727210545 0.4450148732635486 0.004892824177661292 0.02404204794494491
7 0.37032924639383025 0.4450259180586247 0.005270721641747078 0.02403708192399423
7 0.7212354440298453 0.45144628306153856 0.01874541229191573 0.04161024253005474
7 0.6635417343562293 0.43878966671392816 0.0061916324722187666 0.026837282087369407
7 0.6804804934238928 0.43242539137443886 0.007024633023062998 0.029707327942194994
7 0.7178096019115581 0.5303709227657618 0.0017274878534224714 0.00588790944252271
1 0.48174022818977413 0.5024705802170429 0.023701103720557948 0.042916994855275226
0 0.7472816781029401 0.5272598803123966 0.05809664599393238 0.035569506551914154
5 0.5001951224534507 0.5158203009274713 0.004501371107341889 0.0171710564598041
5 0.7201409736905038 0.5289058862677056 0.025041424071804874 0.02697988106829241
0 0.499892207667603 0.6496700188692958 0.11812419197979579 0.19942930416833815
0 0.4525154578678171 0.5175108275486493 0.015191405355919618 0.02336126146218831
0 0.5004200090776809 0.5130816982647347 0.01176892903177279 0.020107922980875825
0 0.8362247299115811 0.7900494633353525 0.3275505401768377 0.41990107332929494
0 0.7754818721329009 0.525230563794976 0.04788632890956135 0.033467994159550596
0 0.1482873130274233 0.8117804590877895 0.2965746260548466 0.3764390818244209
6 0.4201482305174369 0.5117667612332194 0.002128880164875724 0.017112330559591937
