7 0.3594952671236889 0.47447669798083036 0.005662687981793257 0.021861528547908737
7 0.33688725933018987 0.44945124698655303 0.005314492553038064 0.022047117648857195
7 0.34819201718035653 0.453093520149083 0.004849504924338499 0.020425706310895464
7 0.3604682624436248 0.492005341933356 0.006665244556958716 0.007867751105382015
7 0.3590138520432158 0.5160987882878645 0.0007803067137145403 0.0031149439031429305
7 0.5482931027494058 0.4754034104330298 0.004114863923572187 0.02068856877967651
7 0.4695735962357446 0.4592586855835588 0.003423993635942313 0.01750648991622139
7 0.5006626241177702 0.45929349485242066 0.0033225746508953047 0.017491247120023146
7 0.5452572582176448 0.5147265776387324 0.000864462726805737 0.002922095724098406
3 0.49441138431902965 0.6426184280544174 0.12595781524662525 0.23500592936885822
0 0.5749524807931433 0.5310952250720025 0.057343516043851794 0.02769076113086566
0 0.2441970199243539 0.7006591229338133 0.24321308463601518 0.30842861116083475
0 0.3542347210367847 0.6214937032181516 0.11544102614637397 0.1344480419418811
0 0.3979356584572493 0.5723000575056187 0.08480706690258277 0.11640133770233907
0 0.5441629875445695 0.5268323321189918 0.044762694372541434 0.02690090404971257
0 0.48659558307882694 0.8002827756664112 0.5402470693223188 0.3994344486671777
0 0.4334176393875845 0.5184475967549868 0.02415540052485926 0.0226986724323881
0 0.48149615509396426 0.5201180360597215 0.023004919623026865 0.020860332559018535
0 0.39302534635261477 0.5287922106408396 0.029839496593413728 0.02954439560500033
6 0.6899840327418596 0.553568208978086 0.01196721388250932 0.07684124476875043
