7 0.5409239499459384 0.4830842344126542 0.0028561536200575333 0.015003852744170265
7 0.5061889808770912 0.4714105416080235 0.0024163446342084782 0.012666547683170326
7 0.45674953263838997 0.48262556896402997 0.002872780084879678 0.01511826147807488
7 0.45385922396675393 0.4671879017725412 0.002923191582988538 0.014374862553904355
7 0.45603830838834625 0.46879927490970796 0.0027705524463417786 0.013667313912066936
7 0.43536274235039907 0.4749351696607219 0.004475000489094605 0.021813493262980876
7 0.44156340625331647 0.46424466322188407 0.003249654563817428 0.01566914881876924
7 0.4381960730521268 0.4621172449644714 0.003460769712254841 0.016606212762240224
1 0.18871534720844224 0.5037443531101186 0.09276267774386346 0.05679234990739168
0 0.2658193044779561 0.5189852895933821 0.03194783989724123 0.017033658005309205
0 0.08603480038575843 0.5824271718676661 0.16801575690132123 0.10080343076874698
3 0.500234507167479 0.7466821853594441 0.29127725250154635 0.5066356292811118
0 0.35410025947085005 0.5341607176942886 0.04121297374748101 0.04541632821616348
6 0.21985583267349584 0.520289456600199 0.005044007716383664 0.02861609396206255
