7 0.4650898035627874 0.47489501500546016 0.002172818691581646 0.010862446096611744
7 0.4540745741350223 0.4819548246632561 0.0029633201991547953 0.01543140493330497
7 0.4567066263777434 0.4732410137640365 0.002349734773130996 0.011585623393396194
4 0.6891358665408869 0.536672746050904 0.028458650689612952 0.0436073945454063
0 0.37416139413071936 0.523923338257484 0.027140223281612752 0.026442671532062034
3 0.500120313787458 0.5911448234003978 0.10197650342797754 0.18746247602074784
3 0.32357320878010476 0.5398462968859132 0.05080905017885845 0.058909580111750515
0 0.42685298984171594 0.5167178044170809 0.01653022869234161 0.02189839293067064
6 0.5492965237818405 0.5134987621636045 0.002072952244079662 0.017455849843434956
6 0.3012312610988865 0.514156722331628 0.0032037335506638343 0.020282259117751833
