7 0.4151449279272641 0.48444997894684805 0.0030298109958233344 0.013689404861847887
7 0.4078279585607406 0.47085840480041685 0.0028198559060861883 0.012863420164697104
7 0.4117600201164875 0.4721370231289309 0.002679432771768131 0.01229388113456803
7 0.4159576820740085 0.49550168317472865 0.004074462833647374 0.004944428127730938
7 0.5349410220212136 0.48468096411801054 0.0024756685570526127 0.013247575427890013
7 0.48425925985521956 0.47436113309457445 0.002158196853586869 0.01118520402605816
7 0.5042266483370639 0.4743661467063892 0.0021324075593113223 0.011182944543271844
0 0.46579763225478055 0.5322741600061187 0.022977037497803887 0.02770018840327093
0 0.42403771148606206 0.5200611610315825 0.019351226714431125 0.02556390678365017
0 0.4758387495801052 0.5224092202032926 0.0161381862018683 0.021082947613841108
0 0.47200100498173303 0.5245842645140062 0.01856947985204921 0.02627018054713659
0 0.5149407964094816 0.521958700057189 0.026486945637964276 0.022219189538310258
