7 0.5928843304263944 0.46260397826884625 0.007637010889847917 0.033900834889167564
7 0.5156370676090283 0.43637997318403776 0.005481127998900881 0.028674547588392663
7 0.5911953964423937 0.4897036627459694 0.009913903248227385 0.012009111303501574
7 0.5879673003578288 0.5265141825739481 0.0014644530733658456 0.0047626638308514435
7 0.40476796140736004 0.46129423338408093 0.007828793269914314 0.03444290500680958
7 0.37831721132675794 0.4127616452182824 0.00884247347501399 0.03918044154255412
7 0.3930206732043373 0.4232713164654412 0.007606069152811257 0.034338141243531184
7 0.40441047383813455 0.5264049098174424 0.00111504146307001 0.00490390280712838
7 0.18624364737778748 0.3780122037304758 0.042000412426298706 0.11404603236232713
7 0.3180632257978371 0.3883694713171641 0.0123337555238896 0.050541487735595636
7 0.27931899545020433 0.36461877042991164 0.015749912510830855 0.06176780493860212
7 0.19493826590376392 0.5792137955015011 0.005025868493126695 0.015093376225379651
3 0.5945604810085086 0.5514986703881442 0.09632169485858622 0.07617133800054665
0 0.76381875859223 0.5708348485200319 0.13554208598217832 0.06827253634940178
0 0.15269312018547804 0.5592132432158168 0.09742121777473364 0.05881022351122489
6 0.37617721425928674 0.6285897099147908 0.021929867174522777 0.17233087514819145
6 0.7369670640356634 0.5312692225383646 0.007377946373175903 0.04340475620998496
