7 0.48410396893093033 0.4891643015928045 0.0038216214908525226 0.00978249051525526
7 0.4842873431835159 0.4800175534861333 0.001605748606906321 0.008954979520949813
7 0.4848215012124452 0.48064840362389516 0.00155420290528685 0.008675184185748364
7 0.5374728575518134 0.4867208731045435 0.004727775646360621 0.011926409775744495
7 0.4915284494821197 0.47737005174015756 0.0017870942145734592 0.010130540067576077
7 0.5096188000589349 0.4773674328604387 0.0017804419818694406 0.010131654105184407
7 0.5356931146052313 0.5096782299110527 0.0004952543028141632 0.001704717144577761
7 0.6497406992504249 0.4581128364772921 0.01595733634102381 0.03723123345842139
7 0.5077738221814109 0.4286971514595578 0.005523504051266448 0.03213728499463808
7 0.5641368590597602 0.4286723651398577 0.006198468050160777 0.032148523709744636
7 0.26567156841921474 0.4702907525798758 0.01207780781345158 0.02641622922565856
7 0.2371761097350583 0.442779877085854 0.006901181168078641 0.025693959792360888
7 0.1948716729967955 0.4584843485825324 0.01763011681225185 0.03690275265983395
7 0.33734325596976145 0.4307660920560693 0.007184364509194019 0.031187124163125746
7 0.28269770954830364 0.43078943927686925 0.0078118392806134085 0.031176557595497978
7 0.4180072762399899 0.48675094542375086 0.004894960182971697 0.01190067006169998
7 0.42337076773882154 0.4794153007520332 0.0018648316258033648 0.0092223754236056
7 0.420708001440952 0.4787015726411463 0.0019379411243674594 0.009539222297808514
7 0.4173138850088409 0.4964421220049223 0.0035425296298970954 0.004297056251827414
7 0.745190664711416 0.42988348922095765 0.02846205544299174 0.06256069716740481
7 0.6605652170599516 0.4201599429360418 0.008221481557342147 0.03607374199304558
7 0.683517935625329 0.40857013880693693 0.009758437701482103 0.04145488474921666
0 0.037901651514695635 0.5366079570732905 0.07580330302939127 0.03475258099137124
0 0.14069954635157012 0.8372493013973991 0.28139909270314023 0.3255013972052019
0 0.6083015886692837 0.5538887359111397 0.08201246999794787 0.043736649363983915
3 0.4234738802148328 0.5259452460996693 0.03438593275179158 0.050981483831359586
3 0.7610296021626757 0.5276002762534986 0.09207713123174421 0.0539504496013794
0 0.7775051122558551 0.5402909641765545 0.0803484224869273 0.03821434524257661
1 0.15908617411625814 0.5074900345907457 0.1562290722028746 0.09587922697373069
0 0.1521017373045657 0.5943257448758315 0.14826943129558967 0.13137167689648266
0 0.8489574275549827 0.5331084203787737 0.06309448803178908 0.04211438674959167
3 0.47682591215722603 0.5176386164919311 0.015507058625417125 0.025220350320514506
6 0.3919402261392527 0.5136028838515441 0.0027569872898363657 0.018280333209805932
6 0.4117189383569767 0.5136259894994696 0.0028528521961392883 0.01831556385019728
