7 0.40390510688054826 0.4600600312890342 0.007394954735206571 0.0329282838983731
7 0.38038380087551504 0.4144046668376514 0.008258390814426253 0.03686178532084727
7 0.3935110746646675 0.4240265532551256 0.007168038157272183 0.03254418922839891
7 0.4036123160458812 0.5222636102939923 0.0010566022615791648 0.004678057468718189
7 0.2206378246971475 0.3876399913718732 0.034076211436490506 0.09901270017413272
7 0.3263356333428864 0.3925374506181531 0.011262308721622871 0.046772062669448555
7 0.2935694854410389 0.37194254040907393 0.01406918274370944 0.056230445544867946
7 0.22715407533132453 0.563716679681092 0.004165067750627444 0.013148007430053288
7 0.5834751824116837 0.4614519906876774 0.007168907013993309 0.03231262589959377
7 0.5098632897250069 0.4363655771725019 0.005222452743764094 0.027355966424774614
7 0.5818714045897642 0.4872745674527614 0.009414836629852652 0.01145443372554611
7 0.5787862519427057 0.5223546544216058 0.001387704754532093 0.004534953126562491
6 0.6747652567796862 0.5354721763540116 0.008736174042949574 0.02490830330765159
6 0.6327282983539683 0.6022507468266904 0.02020285356309648 0.13766842860190776
