7 0.48710356691872847 0.4831192154490718 0.0013008012718711548 0.007289813649856702
7 0.5297594469611329 0.48880964149503714 0.0037422073128964284 0.009491724902641774
7 0.49317088296065553 0.48137247201312316 0.0014171316756469432 0.00805026174247786
7 0.5075693519933501 0.4813710074858293 0.0014111806993521991 0.008050911523446336
7 0.5835686948411193 0.475735227566171 0.00847367191720827 0.020675938662657933
7 0.5042646494368913 0.4594785620665204 0.0030485133023041566 0.017662498053762243
7 0.5355962461452959 0.459471529868483 0.003256778650495784 0.017665635281049474
7 0.3500029696116055 0.4802004464042625 0.007277313974454636 0.01684735662001241
7 0.3304155906381796 0.4622376512046481 0.003874023216517919 0.016442794207872813
7 0.3398477919441589 0.4643207873774255 0.0036055733463830064 0.015523592005754705
7 0.32885831026756673 0.47585042831550095 0.00901323333956977 0.02057664904631873
7 0.40833669867583466 0.46013447907168387 0.003584236563622001 0.01737227636687022
7 0.37753950221597377 0.460141274587633 0.003783408595419646 0.017369245707886727
7 0.43457671525803865 0.4888281175777366 0.003850340824989029 0.009475830162829657
7 0.4377889188905243 0.482713756606555 0.0014707605589419637 0.007466206029837386
7 0.4360429878293004 0.48223975997919255 0.0015161771594167095 0.007672526133182034
7 0.43397610539749104 0.4965478531376193 0.002800376971608176 0.0034259231676291857
7 0.6057796556170159 0.4687590252239745 0.011097026619739991 0.026674693567840524
7 0.5847364827586586 0.45693429489274107 0.003806831292546331 0.01878926943379078
0 0.3687164110933965 0.5326199664478493 0.034431840582293705 0.043828243329086636
0 0.49992346230835644 0.5423087998472556 0.03236801034470649 0.057367431082106735
3 0.5623277991282447 0.5216525529042405 0.041318707943774236 0.03398327451823602
0 0.4736332805853426 0.5206940969898519 0.017789368196428457 0.019470266171628947
0 0.631604833859776 0.5293580303157601 0.04895251457609995 0.022784496331265003
0 0.6025721722811788 0.5791319899264353 0.13845076560031255 0.09794967560052747
6 0.4143182837177891 0.5111852547418273 0.0022652662171601112 0.01600749707236515
6 0.4143947044431594 0.5090545871608527 0.001811813950479968 0.013010351746261972
