7 0.41660280883410356 0.4447430078044513 0.005620526318397268 0.02617683303406837
7 0.42353064288828346 0.44977284749326474 0.005087444528368679 0.02392218850034933
7 0.35084701837709176 0.446016315519544 0.013572264113909605 0.05151087768432033
7 0.3862691692475114 0.4344572251862862 0.0069161011982335485 0.030809817228374392
7 0.3726257937723315 0.4259745262246267 0.007920003738262071 0.034652975281090515
3 0.35192151741974126 0.6161362666904215 0.13256566142250947 0.17987613545502834
0 0.7701663840850416 0.5398858993974527 0.0709213437813836 0.03329742095984678
0 0.1476712924949465 0.5413040660588673 0.08117184262759025 0.03998509365078051
0 0.07600118523069548 0.5472194023496619 0.08801153334328646 0.03867111536592993
3 0.22777396295758068 0.5343226865249409 0.06671343546309147 0.04554009369543943
6 0.46748773810246885 0.5592362231820529 0.008004030540479712 0.07065109996945951
6 0.620028066108501 0.5393288362434476 0.006506445953780693 0.044919619512494346
6 0.003089887633010573 0.556654645854153 0.006179775266021146 0.07451399562267447
6 0.5169658191016873 0.5744566241263765 0.012389431726441802 0.04421476405012981
