7 0.45876563568419054 0.4817336291776741 0.002710389801672264 0.014371507127395211
7 0.4562931631481814 0.46724663149410917 0.0027522041173423384 0.01357974038822879
7 0.4582413046425917 0.4686898415707583 0.0026164262284538164 0.012946569366471705
7 0.4397028821527572 0.4749241585612229 0.004101832599637534 0.02029237233091341
7 0.444939370611842 0.4646304472724835 0.003040465928989655 0.014729145223281781
7 0.44197549562342753 0.46275511589428786 0.0032246874467934394 0.015554207070130721
7 0.5388440123123256 0.48216252492011324 0.0026968213870410818 0.014267607518592351
7 0.5057926332540583 0.47105970548569026 0.002297511357136628 0.012044844167891866
7 0.5381605297610299 0.49369730477086604 0.004127601212916443 0.005126788940318983
3 0.46803359406878575 0.5183762918784092 0.02457316802641324 0.040840706785587044
0 0.4999093509956788 0.5371254478403393 0.029083135107504487 0.05240537473649309
3 0.473024343123409 0.5146545029100341 0.018572959000518863 0.03663500927048652
0 0.5627568801124919 0.5172667121044523 0.029918085032140995 0.017513818501819434
2 0.3829402880944398 0.5143967219457829 0.04488850035694597 0.024990850801406506
0 0.14171696573684758 0.5161740824179315 0.03970871239469004 0.017101766862768764
0 0.2154027745411181 0.5174203524868072 0.030733972832002965 0.017966599769034586
5 0.25039713542618075 0.5172068477830328 0.014760471755866256 0.018753039618195855
0 0.35339821132761395 0.5190874593754222 0.035826581515710665 0.01815365587205864
0 0.46322508778351845 0.529583069084177 0.023281165589097153 0.02957959090117057
0 0.5193691391592519 0.5168363864849244 0.025463858084186608 0.01849081856723389
3 0.4068611381889339 0.5131594845722687 0.04686668706565561 0.030246152216953204
0 0.3314828694467732 0.5179101247193165 0.03154763196015886 0.017659822549665916
0 0.43557012041834675 0.5176681003769872 0.03222493218144323 0.020034391606758795
0 0.3031530450071218 0.5199516020287164 0.03752426832476169 0.016558486818648133
3 0.4741673599733465 0.5143170798830722 0.031106085535979155 0.023680655431025155
0 0.5332090576175899 0.5191840881503174 0.033011942260465554 0.019760097132094923
6 0.11512248401289721 0.541098194532087 0.012274169524935874 0.06101463875441693
6 0.562930611469907 0.515508842330876 0.003038383532696809 0.02216234495948377
6 0.45037596022092174 0.5178432565250015 0.004015146515891688 0.02745751859590584
6 0.5292664811670665 0.5195088465368174 0.003466747334460285 0.027097505775707353
6 0.0998904115795709 0.5388724366330524 0.011810985996521792 0.05780463707765693
6 0.99529509322897 0.5285668577604399 0.009409813542059942 0.01991177343643269
6 0.5810957431047507 0.525995108950711 0.005393281473812017 0.03931476008050239
6 0.5564264463858912 0.5139563721324272 0.0024889917100087144 0.019867977601407794
6 0.5504430970747376 0.5141408696596182 0.0023118637627841387 0.020042723368941973
6 0.5677507684189782 0.5154694647753907 0.0030836621052738877 0.023174278664433556
6 0.4182208858413512 0.5200619218904643 0.0035753528616165875 0.02766871038865848
6 0.08941972720491878 0.5380198726047866 0.011656112662042126 0.056560682895017145
