7 0.31993908337833443 0.4866854867072683 0.004562782403528753 0.011049038255425525
7 0.3203825824576866 0.47625881133213255 0.0019194575157842064 0.010158819561553567
7 0.32093103415801927 0.47703665361532854 0.001853106795001891 0.00981735383833765
7 0.38278238296540495 0.48424233040185016 0.005341170867091738 0.013149211449829168
7 0.32949336676140906 0.47313445665517373 0.0021270968783803634 0.011532791582643864
7 0.35089753243440014 0.47346793840787127 0.0021013594081930598 0.011386107489072983
7 0.5347903626671544 0.448441199979836 0.018127712842948562 0.0444256326053632
7 0.36195381801772264 0.40359778178169137 0.00781579413614586 0.04307910346224919
7 0.435496058916213 0.4078356302302327 0.008204465237198144 0.04110422208662651
7 0.5289671751543463 0.5323881056117257 0.002021382734259114 0.006318975655171477
7 0.09274174801724713 0.3920084802910554 0.013760420488449387 0.04851425376699131
7 0.23654860211919618 0.4828995389153957 0.00653848142528668 0.014303086943380616
7 0.24385896156984177 0.4744305617478826 0.0024589483830709524 0.010961824585059565
7 0.2402756989746684 0.4734591283134437 0.002572621935377606 0.01138926477640767
7 0.23563851087679044 0.4945032015109023 0.004732784282891561 0.005156539647287017
7 0.6913134428409462 0.4064290865110276 0.03366264685182374 0.08232824435801595
7 0.5548667721351052 0.40152873903115305 0.010040448634396126 0.04404733428845192
7 0.5915992121849046 0.384956247513989 0.012190600023879838 0.051851105291667476
7 0.6824103491679403 0.5574503962682084 0.0036411375331905083 0.011374590523865358
0 0.2621527524300929 0.552960259664268 0.06586960530931263 0.07412644148219327
0 0.27475857860129616 0.5152647001529215 0.02696900539305952 0.012090639080619248
4 0.31748665046362395 0.5134025540950697 0.0087544135565506 0.014228922370532193
0 0.5667719467002599 0.5598301094538329 0.08502468796738849 0.05851353454155617
6 0.7116386710492442 0.5810929902220013 0.019976891209067982 0.11733156954376134
6 0.33380900848447576 0.5176106685426118 0.002977229361348366 0.010906379642755426
6 0.6172420682536022 0.5222595270759969 0.0038094989844539295 0.03230830555144204
6 0.7532884687647841 0.5840696685361316 0.021292970612153184 0.12166692579469496
