7 0.40789378437021895 0.4669654084162194 0.00625009910669011 0.02851787040936482
7 0.41908181836653013 0.4549670700792636 0.004159400914386824 0.019602968605949345
7 0.4137325421052329 0.45162252830719657 0.0045094706087984715 0.021091534459214856
7 0.5405434895795906 0.47946029663941436 0.0034859039911395717 0.01784122671098981
7 0.5396846556905143 0.49385178793694584 0.005163429786558593 0.006394579366578168
0 0.43420454823682536 0.5505222221803685 0.0399287933119542 0.046439702408512695
0 0.012718635724937958 0.5236190782853153 0.025437271449875915 0.02137529807416083
6 0.4176773382808937 0.5277075269324552 0.005267537827604418 0.03963409390793449
6 0.5789241622518562 0.5240074560764483 0.005178517011434014 0.03448471698237199
6 0.12449834892594486 0.526253783291772 0.007421847492481148 0.03764945299216216
6 0.4200276748674513 0.5271928350330726 0.004980898583328841 0.03883411299707373
6 0.41173298869223746 0.5333647681969621 0.004920818211857636 0.027558683826163
6 0.29849887753144666 0.5207381036640453 0.004758501510599866 0.013780251394295173
