7 0.5808240609959965 0.4767953646050528 0.008109631100035708 0.019826817587729473
7 0.5047771614714446 0.4612761650032609 0.0029236958157912163 0.016920974973429925
7 0.534808133739224 0.4612456125086194 0.003115811455585149 0.01692557091876362
7 0.35587837614121554 0.4811540601156037 0.006999730243776925 0.016268661035016452
7 0.3465181056739427 0.4659072868135859 0.0034388596033377294 0.014940093640316121
7 0.33668490471481205 0.4770863561856193 0.008592313896846726 0.019719560066374098
7 0.4128074571078684 0.4619574360038269 0.0034154027781734264 0.016649284892841343
7 0.38328986102503215 0.46198730873987315 0.003597578252146405 0.016644840650120674
7 0.6009148179668541 0.4703566325773731 0.010480247829919964 0.02527606915232261
7 0.5817037881493646 0.45886403331446335 0.0036194549348158578 0.01795690044125592
7 0.587111995401894 0.45603701054873114 0.0039045525551406612 0.01919812436188889
4 0.3439048520972915 0.5238562562300215 0.014978244288572806 0.02442854315998466
2 0.42030198298966004 0.5205438050562021 0.0559883195477604 0.03216446385110183
0 0.5006767758319466 0.5428041966750325 0.03251996091134146 0.04409380402714791
0 0.9266918174748741 0.5826778994049464 0.14661636505025188 0.086032703795628
0 0.4634399107137227 0.5159990330584616 0.013288960844867137 0.0148104363339715
2 0.44422296111821113 0.5399871142015602 0.04790169686183976 0.06534921691541118
0 0.44484366501955674 0.5161498481492904 0.013258669417758495 0.015139209541342513
0 0.433568613066828 0.5271195164380947 0.027190519443131556 0.0302667655023654
