7 0.39947252705763153 0.5013628379154286 0.003799648950043255 0.016229605943235248
7 0.38846724533683974 0.4845116146791419 0.0035370060561796257 0.01556742435592029
7 0.3941826306799484 0.48637496696245003 0.003320136584097799 0.014741861565647163
7 0.5408936136410222 0.5013068471378477 0.003013628482002373 0.015616656366330417
7 0.48129187993577616 0.4893516050490657 0.0025585545257450493 0.013177708016059497
7 0.5047766680360628 0.48928305106626 0.0025257272902659 0.013174735861352482
1 0.794145590960718 0.5227888169247615 0.09787520515767634 0.060682537706454764
4 0.4228607905785018 0.5413332072763939 0.006326687194086356 0.021843648812196137
0 0.18609636643983268 0.8025275261109053 0.37219273287966537 0.39494494777818945
0 0.45148399482116364 0.5632118666910791 0.037292926025266404 0.043379765595359165
2 0.4674373349799614 0.5336234707375511 0.02010107492361546 0.021569297310926938
6 0.6282098994870702 0.5541636985215008 0.006765686723323894 0.04989419140917839
6 0.6043332171978606 0.5476801473870834 0.00564556542663075 0.04025197640020306
6 0.27499252872919144 0.5521317362872745 0.0075150779689375224 0.0450912399747212
