7 0.498978807989121 0.4795114543747109 0.0015533206675221733 0.008940354753299129
7 0.4990554605034721 0.4801502433200278 0.0015049779965260468 0.008661458279925038
7 0.5539191352172086 0.4861655625045276 0.0047813481136004254 0.011904072616922667
7 0.5081244632928879 0.4768315203770204 0.0017711431916386244 0.010111805513163263
7 0.5261774512899966 0.4768291130532874 0.0018403603895594811 0.010112873640237607
7 0.5521490362751991 0.5090771995991499 0.0005042162779674841 0.0017010939362765987
7 0.6998357065411691 0.4570256500641946 0.016448809447000556 0.03701416444708355
7 0.5592657546183654 0.4277784427267972 0.006100564713628742 0.03194895776047074
7 0.6152989113467322 0.4277549367475597 0.006767039846166445 0.03195964801985868
7 0.6945198360997472 0.5277040242004685 0.0018195857325433717 0.005279236100125928
7 0.3030592198635678 0.46939494100612306 0.011714490139379419 0.026308830136502537
7 0.2579777016444187 0.43615083588396386 0.007328527909362836 0.028168607256963407
7 0.27992133089780125 0.4419232422498993 0.006459912016550107 0.025575080885658852
7 0.3019498641435544 0.5199397659731049 0.0010832522786529686 0.003797236571552509
7 0.24726337107709906 0.4573944441557834 0.01691884750831374 0.036693283365497265
7 0.3883698119630356 0.4298511350805124 0.0065556338302003025 0.031010970217561606
7 0.33402893605521544 0.42987327330780933 0.007175814900357125 0.031000915116630834
7 0.4346526225673797 0.4861949602603821 0.004822392482658144 0.011878751079969108
7 0.43860703845260574 0.4789009033000132 0.0018083950782395997 0.009206992002181502
7 0.43646934833825657 0.4781783153882281 0.0018775635445238414 0.009522764619774804
7 0.433901334238463 0.4958685037497045 0.0035050940446675893 0.004289339534078673
7 0.8273537814234253 0.42850984441016016 0.029775307978875953 0.06194991298694097
7 0.7170917329794033 0.41922080277382046 0.008912988764246621 0.035835298272089755
7 0.7479633160560117 0.4076189619616543 0.010656519229907957 0.041140206814658575
7 0.8203864127992546 0.5449952631517484 0.003025488286000133 0.008719342302340394
0 0.047094442787463844 0.5492994562632793 0.09418888557492769 0.0467839105141481
2 0.37443498641494377 0.5459718849490967 0.06904368888135282 0.07494559421814695
3 0.5248576662769688 0.5153546291984419 0.018040185169412193 0.03135532804368035
3 0.3943432218718488 0.5103076518154623 0.01933942490785806 0.014473305459120622
0 0.07338015057436745 0.5384989649674101 0.06790700877477042 0.036794428701301896
0 0.49986860186627796 0.8029411687436341 0.3367929260692303 0.3941176625127317
3 0.7890324423516574 0.5287499639118847 0.101777846110789 0.05883998183074879
0 0.8278114800752524 0.7874177991844167 0.3443770398494952 0.40735888545169996
0 0.4356763106239354 0.5488411122102934 0.04316178959641481 0.06662032391806105
0 0.4770856927072423 0.5131344618575201 0.02015716648865601 0.009871970094203597
0 0.5385212579778796 0.5115890921756873 0.021807238436373888 0.01202459309545545
6 0.4253986593588672 0.5112520558780655 0.0018845212246406118 0.01422416267968285
6 0.4150758689110116 0.5127175483116293 0.0022577973608269852 0.017930863945123887
