7 0.42417619433905773 0.4694044260295389 0.005685526540753549 0.026732212916424525
7 0.41036603924049814 0.43614222416421744 0.00609056257159224 0.02819054568371321
7 0.4183304806576407 0.44194271511070093 0.005470453020704924 0.025592993203257364
7 0.33188464424070435 0.43421689401794555 0.016072302344438683 0.05840995265425297
7 0.37615568148124856 0.4240479138431441 0.007629518959600068 0.033637411572424
7 0.35978010331854116 0.4138318339492556 0.008863210222580964 0.03827077606617135
7 0.3338761662362859 0.5415299170762529 0.002105839501276463 0.007998283342730672
7 0.5711622151903779 0.47037233987107097 0.0055765332221314745 0.026375373187872142
7 0.5107172557882571 0.4499104278321078 0.004256844197662479 0.022294535206349664
7 0.5698703299083985 0.4915371364906975 0.007675655863371489 0.009392569842156584
7 0.5673132329969623 0.5203299199395559 0.0011203955538185983 0.0037168930307769354
3 0.2108577676560599 0.5301226169652483 0.06339618097099806 0.04282559256915719
0 0.006086877772706232 0.5409058931962831 0.012173755545412465 0.040442572699172286
0 0.5000437850121924 0.6534672398028067 0.10850916166748392 0.1945451744176191
0 0.01380932401343156 0.5341613144915082 0.02761864802686312 0.03381903503627082
6 0.157933945807487 0.5333076321877297 0.007102450491218104 0.042392969614500564
6 0.6052073501381341 0.5283921914775394 0.004444649336327489 0.036224539621525165
6 0.6584547729951479 0.5237540082947003 0.004871108456631967 0.03347825769010904
6 0.6104012016636643 0.529618105120606 0.005109482359181294 0.03775220905015808
6 0.6342341772843795 0.5763479817947201 0.018290825805166167 0.05197417850070396
6 0.6556210616947603 0.5484797334539848 0.010020806319152253 0.06906987517866381
