7 0.545805050232874 0.478856066006653 0.0032850691767607465 0.016927244542568165
7 0.5066852216014507 0.46569096104706587 0.0027274724514212423 0.014295501149849177
7 0.5449894521338792 0.49251891460972014 0.00490375751778227 0.006070270126117716
7 0.5433047349558349 0.5111409387220165 0.0007046699448447491 0.0023976754457901706
7 0.45094252949538394 0.4783213879202163 0.003312746079884632 0.01707497748777448
7 0.44680458506802645 0.46030178067066285 0.0033923136388186448 0.01651102654936476
7 0.4496599421583257 0.46239924452987885 0.0031887921304263878 0.015584376647057585
7 0.4225552025458764 0.4680119858561371 0.005593408060756033 0.02613384693174997
7 0.43182105433877344 0.45639196390737663 0.0038376073347409223 0.01824184433822884
7 0.42721739663035563 0.4535010270839912 0.004134457270333958 0.01952439143366591
0 0.4997190186293714 0.5421634919245497 0.029575014990360193 0.046179230041631714
0 0.484981961601459 0.5178760288081662 0.04682278147595098 0.029799467678551794
0 0.48351143353527587 0.5188992665947474 0.03641671274874725 0.02039244316696931
0 0.1648670025568317 0.5230515859239676 0.04435618845344197 0.025179631834007177
3 0.1735268412578223 0.5153321688640834 0.0632557854222768 0.03528831466896354
0 0.44800697947861956 0.537493617068078 0.03478415934077467 0.05286557484290244
6 0.527740119751801 0.5307939680642954 0.004630994327274096 0.02471922183611519
6 0.5547014067538893 0.5227528360241745 0.004896295516849225 0.03501784883951076
6 0.5656376929223152 0.5218930661973051 0.004905902924684957 0.033809906761952835
6 0.28204026756702244 0.5188788950971935 0.004301202495755385 0.027272314173436563
