7 0.5744781610839751 0.44575878028792826 0.005888999056647637 0.02741422855497827
7 0.5118288464369919 0.42451167513240073 0.004425384612019689 0.023189334673861806
7 0.57309005127626 0.46772151153477415 0.007982180130964855 0.009741311909203187
7 0.5703863462218228 0.49754053317402047 0.001170340717003504 0.003846058994671997
7 0.4221076237078123 0.44476781870765636 0.006010225409634917 0.027787913345818427
7 0.4068638169476925 0.40936347156213804 0.006494109263150083 0.029622466796202007
7 0.41556003943448483 0.41580751362400103 0.005796855362476705 0.02676963335301258
7 0.3189953181492487 0.4041571374419065 0.018302076331441763 0.06362316090469572
7 0.3699041731184541 0.39575763355358967 0.008267292147301264 0.03568875995876519
7 0.3514930203221738 0.38406966738719056 0.009718654338775334 0.04094358307393675
7 0.3220032029552852 0.5201123614461283 0.002366071745764753 0.008603615191674407
3 0.06550634259631136 0.5542817791246809 0.1310126851926227 0.12343028108825577
0 0.363214309874873 0.5215587546607978 0.06922105924401095 0.03856536219698348
5 0.5007116688955675 0.6595560851053703 0.06012538599669737 0.2136750311422222
0 0.7718153441293014 0.5123730782563385 0.05669897636039789 0.034037153983501656
0 0.06388496665526405 0.5211598933383665 0.10407554618996608 0.039070394298272415
6 0.28704389999775054 0.5399626710850344 0.014814784366283251 0.09198250552532045
6 0.7049400428763877 0.5335306512434144 0.014374253483961263 0.0830072800828019
6 0.639978825320775 0.5167913515069583 0.007682471400742963 0.052085682568121294
