7 0.6408839212894193 0.45793520045790825 0.015002635285417676 0.03521713244469327
7 0.5065649680110547 0.4300925597227201 0.005220599014908234 0.03037816321996606
7 0.5598752857273477 0.4300821608168971 0.005823176239480254 0.030382986354258623
7 0.6357548946905373 0.525209265164091 0.0016289773295699028 0.005021706091004496
7 0.22369656083076306 0.4377181146865387 0.007363630782381975 0.026962921085648683
7 0.20999606280901706 0.4582194040701342 0.016551020606003553 0.03497084353195701
7 0.3450150960510806 0.4319527655741069 0.0067220644952686315 0.02954310462646531
7 0.2931745308388167 0.43196258037854396 0.007288853845104082 0.02953855374983566
7 0.723155471353429 0.43262557638164423 0.025602327095415878 0.057077014780427204
7 0.6500740933861577 0.42236584539769423 0.00760170850734887 0.03385661611574986
7 0.6701485892421523 0.41199475168352373 0.00890888366269249 0.038553984137203734
7 0.7184263621884959 0.5401564101100511 0.002350160487283315 0.008037692304600053
5 0.30674603612757334 0.6627767432878263 0.08553115762402369 0.18387996415404717
3 0.8045240964381882 0.5309853916205554 0.06960400457472637 0.04590749723487064
0 0.49955294249830806 0.6237382772250921 0.10549851972233926 0.17533452479070954
0 0.7310517606655849 0.5360039479459926 0.07445535809591686 0.03645004868866564
