7 0.497893180149779 0.490532604600622 0.0033056330187634653 0.008553872769564264
7 0.4990353526104562 0.4827223794961818 0.0013472154746518306 0.007746700166435028
7 0.4990982596143879 0.4831924542525686 0.001310701304345796 0.007536424785922147
7 0.5459290125578615 0.4887465838534947 0.004053862567046873 0.010148919742926477
7 0.5068508341969724 0.4807918533636922 0.0015067335310731123 0.008611101492300377
7 0.5222471361347156 0.480790650077087 0.0015570195034746437 0.008611828624931317
7 0.6305552096848114 0.4732167848414518 0.010219053592534166 0.024071550593207036
7 0.5385342380943736 0.45426825539294746 0.0038142826966520715 0.020606766466798432
7 0.5750234498931152 0.4542600904642239 0.004096778145343594 0.020610943239701862
7 0.3570058003090647 0.4788129782859927 0.008177086890771845 0.019035882554031602
7 0.34609554729308845 0.4605274520182504 0.0040764255878545375 0.017753460608830707
7 0.33422203606920375 0.47335719278596466 0.010437101382091252 0.023937938976141993
7 0.42648775670855504 0.4551278798438586 0.004025788791316209 0.020213102207630784
7 0.3907201651040496 0.4551357098832677 0.004294574783354543 0.020209089494582333
7 0.444144031652441 0.4887640218511017 0.004085627946246229 0.010130874675517154
7 0.4434728756343324 0.4970164162181825 0.002978358888088284 0.0036613147376350352
7 0.6741500376131693 0.4637534173918722 0.014255235801665322 0.03260919302832688
7 0.6357420296199976 0.4508796230308964 0.004901887598726784 0.022156626217098685
7 0.6471638489341722 0.4466880560176354 0.005421262835586749 0.024077441092926144
0 0.4787271086453886 0.5159846171575051 0.014207069434049313 0.02284186158845747
0 0.4882781428184776 0.5121271405064476 0.011104587691342538 0.012361053148372214
0 0.5302606794437861 0.5118750649445483 0.019813402081380604 0.010964232292423381
4 0.31658675270634573 0.5333082171194308 0.020970063938315964 0.03322181088986431
0 0.49997578787884306 0.5745348669346453 0.04594251816459727 0.07387925419514396
3 0.4578449294625903 0.513128285146759 0.014755487430360148 0.028182982392050138
3 0.7173921889119934 0.5194924969240338 0.06040756406997905 0.041282815523923044
5 0.6162524899349272 0.6056375096948714 0.04508749838464321 0.10376782970678222
0 0.4214410156538526 0.5339006485445867 0.02756480727121069 0.03491544999625351
0 0.4740307837654665 0.5110410437558797 0.015233029307232304 0.00940973194633421
5 0.5010272127448185 0.5136455112725232 0.003946148992621579 0.012411126306751452
6 0.4308174717673757 0.5106158908883399 0.0016986398666500313 0.012818058458934134
6 0.431334218995803 0.5105399451401906 0.0021575113741346685 0.014044071095840382
6 0.47754566172223645 0.5108912274890614 0.0016703322756836947 0.013754767441683247
