7 0.5980826882557115 0.4556979406003171 0.011041656425657576 0.04116109184670241
7 0.5063778417959023 0.4221495457015936 0.007355382308102287 0.03577145670922882
7 0.5959726413803645 0.48843631758016115 0.012014466768965226 0.014527062619055175
7 0.5923998931372607 0.532910321866205 0.0018531590741375226 0.0057794226892115
7 0.36584185213490317 0.451216774532362 0.009424794744466836 0.04456845902715251
7 0.34043057165716295 0.3779607603540193 0.012355194301532924 0.05632232904799761
7 0.3561939304951828 0.39765936142796066 0.01008501998160316 0.046896427150276365
7 0.36572873865557554 0.5349048390008435 0.0013781442644287267 0.006342176173842362
7 0.25333697401950633 0.32205486657738774 0.020673084936312675 0.08375981937144938
7 0.18138330347955184 0.25254788167534686 0.03177762541299603 0.11927808792427474
0 0.7083397023810233 0.6643128128863045 0.15170824949645723 0.2719504177046186
5 0.929651754289189 0.5631498697186936 0.05170201189599033 0.062155707077086286
5 0.8657672787833344 0.8350919062400726 0.26846544243333137 0.32981618751985486
0 0.7244462909802314 0.5984247468134806 0.10915346451142638 0.10247716042282984
6 0.665219191223926 0.5387924256419689 0.008791850342702023 0.052771106631807174
6 0.7139678553709939 0.5368182383600552 0.008484559101403999 0.05002893236553363
