7 0.46447788378625054 0.485090843554874 0.0022919387094195165 0.012413775884730416
7 0.46295322127766525 0.4730022666925337 0.0023158974902374174 0.011539794427296579
7 0.464366705005158 0.47405154193795873 0.0022188651577388363 0.011079328984826164
7 0.45067242249399697 0.48028620585076864 0.0032278084147354114 0.016596907758879564
7 0.453863516408208 0.47113636111785406 0.002517658517072252 0.012359357055960252
7 0.5338041576860406 0.4854508071577296 0.002286342309017142 0.012336773498722475
7 0.5051729127710378 0.47584466684133586 0.0019860201696652036 0.01041253355891053
7 0.5332156758634738 0.4954373671754757 0.0035658061053246426 0.004439843831822998
0 0.23113244607700872 0.517469709004039 0.035773911313489365 0.017419273376850675
0 0.4754708906973302 0.5171246911611134 0.016813442632375164 0.02657959517858688
0 0.27183846198093947 0.5162682209123066 0.025883519005635458 0.015792900150944367
0 0.8209311777445736 0.5159340854510237 0.029359303730188913 0.013586839030748643
0 0.42356236657034 0.562606147738099 0.05727943170458971 0.07335056725178302
5 0.500340818488353 0.5187601424096981 0.006594722458252156 0.01938624816554113
0 0.39242225844792034 0.5209062735498802 0.020672403101425763 0.020446959086262262
5 0.685194777975356 0.5479118943177914 0.0403044968868157 0.04511402709427115
0 0.3369742940209316 0.514105648990884 0.028472520782490573 0.015432097948384627
6 0.3277161789526319 0.5179268975875273 0.004258647149054995 0.02612074727450131
6 0.7985135774429767 0.5109539848583889 0.002876634821242785 0.016197067668370924
6 0.2489890412653125 0.5142229638556466 0.00363932666418626 0.009615473124194085
6 0.4203507467406563 0.5171431225199854 0.0034623801099949447 0.022539679404427138
6 0.36512554964295085 0.5127657372720166 0.0021925083027537484 0.016906053548502387
6 0.6044036930840373 0.5364861346825773 0.005977191221297584 0.04721205589640076
