7 0.5016120249769732 0.4915260779217234 0.0031013960520971384 0.008025873097773084
7 0.5026875832655541 0.48424469655791946 0.0012584966047517465 0.007235429758949308
7 0.502744858369163 0.4846653880580004 0.0012265791326859787 0.007051672183530977
7 0.5462242579773676 0.4899032154015096 0.0037557817978697283 0.009420167207155938
7 0.5099435907254519 0.48253070367001094 0.0013962565579661579 0.00798481630207265
7 0.5242295175449536 0.4825261513543661 0.0014402192254411306 0.007987089568270433
7 0.6140339431278354 0.477223229000139 0.008528598597095649 0.020344619283600374
7 0.53611577109897 0.46127219336849645 0.003182460266612619 0.017354867196142043
7 0.5669436532022021 0.46124936621592616 0.0033872685892613053 0.017365617339590855
7 0.3790038312077462 0.48157875735759254 0.00701843446870043 0.016575646308751857
7 0.3634878047157745 0.46401156094524004 0.003621945483321065 0.016136126016438213
7 0.36372902423576314 0.4774069596031232 0.008627359583054772 0.020176087418335154
7 0.44143683169257775 0.4619514915993364 0.003329695001120514 0.01705139495109942
7 0.411233656663071 0.46197348321409115 0.003519288131401954 0.01704103327638601
7 0.45180176163069574 0.4899319370844581 0.0037736719371840866 0.00939184924722225
7 0.4540665606346538 0.48385667117839193 0.001422745313346685 0.007404009662295541
7 0.4526816250952003 0.48339250444304244 0.0014654189725202826 0.007606852029368172
7 0.45116792216638135 0.49758315719362206 0.002754194896201767 0.0033956012904079458
7 0.6433577691135414 0.47054755364392353 0.011177862832039365 0.026125063167073526
7 0.616995990568123 0.4587837144359115 0.003947736494395615 0.01846252107533114
7 0.6248419820402025 0.45583163140098304 0.004282855816035269 0.01977729517344612
0 0.551217743550992 0.5234826615746757 0.04248342500543989 0.02412725656283865
0 0.5034065802991008 0.5456291332563756 0.03060087483225754 0.04341530438168617
0 0.6713204326152931 0.5236869705764925 0.042095682042605276 0.020919166300880088
0 0.4993676679132131 0.5118645986602455 0.014118559031149447 0.010157740068816756
0 0.49016206071289653 0.5234620880465479 0.027279587217014067 0.019512525916928092
3 0.48448173863316374 0.5144937007156906 0.012031218615106698 0.020226692283713987
0 0.5577115196456901 0.5453338525293159 0.03757183540772491 0.05078795224241883
3 0.46580482502816933 0.5126128420599467 0.015053670091499327 0.023944927494117252
5 0.42409784312798043 0.5337868945758513 0.012910672349901287 0.035211664796411024
0 0.4859955872739415 0.5152273265788103 0.01071214571868273 0.015330943747130177
5 0.5857692970493009 0.5583492584576211 0.033964278375084755 0.06267738752865204
6 0.44111637872010345 0.5100453483270058 0.0015226503808755676 0.011644016694755677
6 0.43926642480972167 0.5100440684322938 0.001993185999393521 0.012937572845418077
6 0.45763130702616994 0.509993994216769 0.0017451533841438271 0.012863264648950823
