7 0.613412175581232 0.4699553883589095 0.006768075657032746 0.027850056057952544
7 0.5499754896135307 0.4483592873754523 0.004806763613750542 0.02354481159637617
7 0.6120016415545486 0.49228887869222243 0.008275905083725443 0.009908372521410413
7 0.6093915158573523 0.5226652725552069 0.0012400808872918834 0.0039233631405724
7 0.45881906774599784 0.4689209117109042 0.005268904167075594 0.02824281901743636
7 0.4533320780561917 0.43294329528562236 0.006080163970390018 0.030215214950366887
7 0.4577031223041619 0.43950930987425063 0.005455011503141705 0.02725089254168145
7 0.3985589438342054 0.4274517236008847 0.014885381050754987 0.06612661325094238
7 0.42493896818849486 0.41898170421994607 0.007675913847414506 0.036559221133972086
7 0.4140899752194719 0.4068908506421406 0.008957963219266729 0.04209800141995218
0 0.1865483589766071 0.5806441836206528 0.07868235270883561 0.08280914482727186
0 0.5001774384203668 0.751712454591219 0.2152542563845803 0.36281000187297907
6 0.6923131426673983 0.5416321181226308 0.00819208513258285 0.05145613443790564
6 0.7488956317921914 0.5718390891463261 0.011528594665426661 0.05876824154303206
6 0.07834727532154553 0.5862671072271868 0.022133889879518767 0.10925118091617092
6 0.04246896329010931 0.5497494386418096 0.013537935832009289 0.06870409108234388
