7 0.42295359487881096 0.46709452817570274 0.005883905794290101 0.02747487074832683
7 0.4081325524488816 0.4324998074493289 0.006331997510460152 0.029181984988386644
7 0.4166287424195555 0.43867325233467824 0.005665121752113034 0.026407564216543278
7 0.32271573094834016 0.42890664905191334 0.01749397513665879 0.06206901096667822
7 0.3719271560306736 0.41950848158748555 0.008005672387033591 0.035056233519751845
7 0.3540794749534779 0.4083989890021147 0.009370239304742844 0.0401177652676471
7 0.5739457609754184 0.4680809704590576 0.005772648354452015 0.02711155013310168
7 0.5118496371528769 0.4470612048640902 0.004376335096887396 0.022916544823015472
7 0.5726124657610964 0.48982830539058275 0.007895325055398139 0.009648831332183028
7 0.569984465514124 0.5194056251868366 0.00115395014592512 0.0038187602516251973
0 0.5016001570790504 0.5932197073761382 0.0692420939877274 0.10700197745583262
0 0.013435770713537892 0.6444763776426955 0.026871541427075783 0.19829409868393255
0 0.38956363938887606 0.5867907134545495 0.09241564482319592 0.11764478400826617
6 0.8966532573937365 0.6374827356054007 0.040373504970665164 0.09722760488926296
6 0.6258185759233534 0.5327128195023185 0.005928409204738472 0.043476199424861806
6 0.13272559668379008 0.5229568528955397 0.006823593793151311 0.03443928554963083
