7 0.5523894938496972 0.4833640039610352 0.0012465922938529328 0.007109358245876829
7 0.445342906720108 0.484261231293442 0.005486364191390591 0.01333982110837828
7 0.6398707650486322 0.4646963581262148 0.00320543166023024 0.01529692066343713
0 0.5272450989019013 0.5154166292653077 0.01069922888791941 0.015939801220070993
3 0.5813680233444587 0.5220818727424219 0.02471339350315571 0.05001373657267655
0 0.3318138030846527 0.5891542525712657 0.11399087507679467 0.10684812424198165
2 0.5301985692280109 0.5108980362839721 0.011744386746895485 0.017523658043870016
0 0.39282849822179866 0.6089328252755561 0.14019724134019668 0.17759222881725856
0 0.5603529541422432 0.5096630989374715 0.007969564958971387 0.011828501114262147
6 0.9548958717748659 0.5987167186434714 0.024335185130812342 0.0834327715514801
6 0.9786103851986802 0.5816959377543814 0.024860286469484905 0.11768342494689965
