7 0.1146380367119793 0.4334564965025802 0.009040975163653903 0.03063392209232696
7 0.6301279128251656 0.40839051167999096 0.009875102068061747 0.04108066800094312
0 0.200411909766667 0.6330857703973037 0.14558662726510907 0.1643654546724429
3 0.4371604601639233 0.5346654185800768 0.03769659169695011 0.07586547110155173
0 0.4157478978513083 0.5136888816980384 0.021034751372230875 0.011643023568901123
0 0.6845233390509009 0.5331665254110937 0.06570143530776129 0.043736010638517175
0 0.39036364044764627 0.5197569694608846 0.009367685480253074 0.015276321006994609
0 0.7213976420674875 0.5114097321460949 0.022339346744700284 0.010834419219771352
0 0.41117091660320737 0.5163986046788105 0.01248748421735496 0.018442728138267417
0 0.39088538535080697 0.5184970877727948 0.011903122550700307 0.014770263629024893
0 0.66712796014163 0.5339933136940833 0.059490868977728706 0.033531394685296756
