7 0.4898345533067112 0.49593202302699496 0.003603409393053425 0.009232535714358225
7 0.49008041024583265 0.4873730290887881 0.0015050953472477424 0.008409537028694902
7 0.49055318426322037 0.48793652213406313 0.0014596915275845723 0.008162355613677952
7 0.5398285895077028 0.4937214396770129 0.004411216083270109 0.01112985719167403
7 0.4969539110647208 0.4850257260611114 0.001663931732746149 0.009439457988554556
7 0.5138227341699954 0.48501308319215225 0.0016603955596306008 0.00944349728827043
7 0.6276883621488718 0.47145145909438957 0.01287402316197872 0.03043945448675306
7 0.5113393278851159 0.4476196523546725 0.004499251460472586 0.026090460315952524
7 0.5573662303326156 0.44754186875703394 0.004966501142556368 0.026121348409431866
7 0.6232904905366248 0.529707877852664 0.001391026975246512 0.004347149588263544
7 0.30354110960493996 0.48043153702687824 0.010144011865216684 0.02267780437460859
7 0.26503904194995387 0.45364938598697657 0.006118914490685856 0.02339934100692015
7 0.28345006159112796 0.4576993520102459 0.005502132336711263 0.02158137471471583
7 0.2563603538917787 0.47202662515367566 0.01383175570729428 0.03000363044412896
7 0.3719366748477754 0.44919878412473324 0.005608478470867373 0.025391413185307965
7 0.32737541674465287 0.44927256358286083 0.006027126068514743 0.02536223241553609
7 0.4284746510535581 0.49379779426254067 0.004539073834833929 0.011083719871102737
7 0.43305627425632354 0.4868697935423269 0.0017329878693997935 0.008635453475994703
7 0.43072411777768005 0.4862388432670198 0.0017961092034127213 0.00891260360220908
7 0.42780623107703025 0.5028243067271365 0.003288522356449275 0.004004559638640548
7 0.6844147100586393 0.4542620814424277 0.019996734867761545 0.04549650608242162
7 0.6335039794623214 0.4418307385609026 0.006282267263933217 0.028694978608954813
7 0.6477807526011776 0.4345462029923656 0.007161847688448408 0.03199974910003145
2 0.4882101341874079 0.5191979851563349 0.013424510390550815 0.019609630942438172
0 0.45612191336810737 0.5270691040050461 0.014864206067922936 0.02018995564395254
0 0.48448509389630856 0.522501899400309 0.01245929273522528 0.020527226964622947
0 0.728642170122715 0.5394063872898416 0.06549270645421801 0.031912949041701055
0 0.11657952596029784 0.5378296454728483 0.06952398202889978 0.0266242706780786
3 0.4863489181501015 0.52056180308678 0.012517651378426864 0.020577678529554944
0 0.508129965971574 0.8181037028520909 0.32424299107280924 0.36379259429581823
2 0.5066038852587151 0.6312403065021515 0.12834230375742722 0.21325278041148021
0 0.5060628933356309 0.5212096747578849 0.009347728799239396 0.013805164320426333
6 0.177026707935162 0.5326880127858264 0.007114937186846165 0.016970772782817778
6 0.4120786895399926 0.5178651089501239 0.0020192839327545786 0.01573800602879949
6 0.41179297047976393 0.5195767056613156 0.0026028684287696113 0.018153078028049774
