7 0.5307943259799867 0.48832048249530025 0.0020222606780635477 0.011056656845117863
7 0.5051026240295577 0.479709743330446 0.0017794212143463772 0.009330091371204718
7 0.5302687144860758 0.4972782950021023 0.0031940813184592187 0.0039831194932436476
7 0.4686144735294724 0.4880083613997902 0.0020238566406619585 0.01111714587364171
7 0.46760345372261636 0.47742472258761015 0.002039449947756067 0.010224367306380822
7 0.4687153781407464 0.47825325385346495 0.001963769558101902 0.00986123662528654
7 0.4577043539044493 0.4842808836204119 0.002726190764210157 0.014358069650425576
7 0.4598639862453359 0.475969906212364 0.00219479375674847 0.01086246582912781
3 0.402458464285803 0.5110928066163071 0.03247463571655562 0.020786558154154866
0 0.2984526055797171 0.5162270787083536 0.02750063549273274 0.013331084669332416
0 0.5003664147992667 0.6756453335871508 0.11998451252740705 0.193136166423429
0 0.44826265080169947 0.5147081866310848 0.018540717824721165 0.01333665624089464
0 0.3050986072500514 0.5156752734897949 0.02603114655615535 0.013614750188350455
0 0.500523226968275 0.5210650576801101 0.014553129854877611 0.019076303517541526
0 0.47722495753993505 0.5209634020173376 0.013391970438890621 0.018149890099378174
2 0.2768518790809782 0.539202834347786 0.07625940530809736 0.06175782830602028
6 0.4576231065801032 0.5175602978216661 0.0026321946053151635 0.01353243626345857
6 0.48796672941696606 0.5152555853837354 0.002370242523901056 0.019289787333799824
6 0.36262768051977434 0.5157521600835506 0.003118031556782419 0.020989485237288608
6 0.31544354170479694 0.5142632170235097 0.0029265853618929416 0.01887668242447582
6 0.3303474798853068 0.5111549823422274 0.002214514531338252 0.014472342018242434
6 0.45600008996594305 0.5146740338267186 0.0025870645099691503 0.019436572651538198
