7 0.4903639959942365 0.4886257395118284 0.003758015052477637 0.009625589327178552
7 0.4905688561993836 0.47964878491544627 0.0015763187924869304 0.008799377210029713
7 0.4910837266880488 0.48025948327438545 0.0015266231715524992 0.008529101993661303
7 0.5428090628692297 0.4862425668579974 0.00464336366459539 0.011709421231898609
7 0.49771007810452456 0.4770880562255893 0.0017513925917068685 0.009933935698346552
7 0.5154552243067116 0.47707599089594654 0.0017467671229676185 0.00993923536180058
7 0.6478513468160432 0.4595670346558398 0.015056349620827358 0.03521733932565274
7 0.5134908034966894 0.4319896134285631 0.005205253232944962 0.03025876888396778
7 0.5666993367822898 0.4318817656253627 0.005819611271557168 0.030307994445853415
7 0.6427042965459582 0.5268453195300598 0.0016341989675656698 0.005024783111465925
7 0.2826202436864661 0.47090349977669466 0.011379682295304117 0.02518856733945557
7 0.2335498266987533 0.43986717314325163 0.007218411283627019 0.026662621554287502
7 0.25705407918573797 0.44500408084746623 0.006388922063157332 0.024327631370395286
7 0.22022086426458426 0.46030403974337974 0.01622027285869318 0.03456585976092735
7 0.35315309942292594 0.43408556568516604 0.006632613561366407 0.0293002728340247
7 0.3019957909083463 0.43418651329729646 0.007170251768563896 0.02925427126636726
7 0.4257373007146478 0.48630897243914983 0.0047775309261212096 0.011651992305816983
7 0.43085218714187196 0.47909545032813666 0.00182099126079871 0.009044538693396498
7 0.42829397139340314 0.4784080073478285 0.0018907076435182857 0.009349048636906276
7 0.42505444406477977 0.49579715883027203 0.0034590631180218545 0.004207464385182158
7 0.7302417625655553 0.43509868304307053 0.025734004474887384 0.05706901522337643
7 0.657033241600266 0.4241853719996202 0.00762496364964349 0.03384129676462022
7 0.6771317673965602 0.41402775063631575 0.008938428530537279 0.03853361407256395
7 0.725505562669034 0.5425925472088462 0.0023591912300073847 0.008048394116031421
0 0.01579766753764095 0.5217366971183718 0.0315953350752819 0.021561894511945123
0 0.5129874311645881 0.7255813882318177 0.16062866965020012 0.30150644610178445
0 0.4910159594169248 0.5133092968796273 0.01198127924960185 0.014418252742068982
0 0.19867964867391014 0.539406079676909 0.07232190634431251 0.0305759193482511
0 0.4740720230105642 0.5124174116855407 0.01896911756945885 0.011603792817114544
3 0.45327656765250424 0.5190393782477949 0.018966950467746158 0.028489031559959743
5 0.6550165391663347 0.5370640113924608 0.028982965419887097 0.03551761826670696
3 0.5068946380070362 0.5146851851354203 0.010470213365054937 0.02108399932869487
0 0.06678069340825465 0.5342392789991297 0.07511782290505277 0.031722109904414375
0 0.17933402599539233 0.7708227776449106 0.35866805199078466 0.4583544447101787
3 0.42711671950228247 0.5190082618537715 0.020685807154963876 0.028442069631806843
6 0.39764996713264306 0.5168099243179745 0.0031960299877635823 0.011020105044682427
6 0.452862938445567 0.5086258898530803 0.0018540031341165997 0.012400080115594792
6 0.2538707891767534 0.5221216906061896 0.005352658734181115 0.03113143716141753
