7 0.6039482179958753 0.48068290805508196 0.007679878834110143 0.01845016422715101
7 0.5331990375277276 0.4661757315708639 0.0028708459989957857 0.015718746143977336
7 0.5611698410776906 0.4661747881826932 0.0030384368057617683 0.015727988880544386
7 0.6012266535699956 0.5161280506095546 0.0008234914381450853 0.0026377084698683273
7 0.3886908028538204 0.48405126998873826 0.006438354798352586 0.01529373134019879
7 0.38221643801921695 0.4699343198840385 0.003049777120035624 0.01397003508414063
7 0.3766543587898361 0.4806829079436018 0.007767715605292658 0.018307342580926866
7 0.4472098986463133 0.46666907772607535 0.002997575960302701 0.015468101347766439
7 0.4197617344689802 0.4666697139791912 0.00315417198118062 0.015459164035789896
7 0.6273096997996376 0.4755478461622599 0.009766690392074118 0.023080737943433682
7 0.6059888917392541 0.46423216733039085 0.0034897968216476283 0.01662314238988044
7 0.6123097839847124 0.46190633341789494 0.003750845931595359 0.017681536040227597
7 0.6260743054489497 0.5196916813047346 0.0007971345811473851 0.0032860992166368064
0 0.47849170357336257 0.5258516260682738 0.03365712578583385 0.024451701672989712
