7 0.4488354174651604 0.4869105860922325 0.0039094956373591505 0.010044073125231756
7 0.4500620302967356 0.4774629439068788 0.00161816425109651 0.009209435827576551
7 0.45018409782161767 0.47813715711679716 0.0015663974477088116 0.00891489089023606
7 0.5063080414912247 0.4843093382797617 0.004864757165365163 0.012169535068775161
7 0.45935797726987204 0.474648369331086 0.0018339617272806197 0.010432445855503791
7 0.4779643786196254 0.47469419447855266 0.0018938165992229972 0.010396729318829012
7 0.5045241198913009 0.5077272889366079 0.00051360241953613 0.001740325850839941
7 0.6590170958550083 0.4528308745415133 0.01688165311032952 0.03908252123516115
7 0.5120779247114378 0.4200741398540207 0.006593310201325697 0.03477956634385582
7 0.5717127778875877 0.4208249504476024 0.007205908667080929 0.03438604551611685
7 0.6536584315376608 0.5272878300534709 0.0018784381179567378 0.005573932283057803
7 0.22881669131669263 0.46486798787161543 0.013825260517139865 0.02934381307493128
7 0.17013340730628754 0.42606629955034125 0.009191334585839372 0.03234538547471355
7 0.19887352918468398 0.43343254542172016 0.007926140577952878 0.02898421019880476
7 0.15388974852086829 0.4497568195143611 0.021184083869456027 0.04260417368753988
7 0.3219162888360447 0.4201303317648097 0.00778185490037564 0.03491711496538241
7 0.2585395650842147 0.419360077230377 0.008763752720798657 0.035322965097658754
7 0.38228651745408915 0.4842438472701842 0.0051561717001092355 0.012430225073185086
7 0.38676726192244903 0.4766794451623283 0.0019355622943799666 0.009605015631148295
7 0.3843932165791085 0.475900051388074 0.002013648364639131 0.009947801273828438
7 0.3815082516210835 0.4943648882678099 0.00374157278259607 0.004490129733723924
7 0.8019995465454899 0.41989698706697093 0.031253215433084125 0.0678335987791655
7 0.6784407676120243 0.4123236847089282 0.009331306776671044 0.038181412122404224
7 0.7126752018550548 0.39912803249593143 0.011255456481065185 0.04423300994236351
7 0.7941321469599396 0.5466297920995151 0.003289810537683291 0.009499009626829813
0 0.38228504558012133 0.5116646253427684 0.0192317995392165 0.010686875878300972
0 0.8255083977234061 0.8072709312708333 0.3489832045531879 0.38545813745833335
0 0.37539216893357796 0.5115039106250665 0.02536104532400202 0.013387206263202112
5 0.8328183008335497 0.5325583847907228 0.028477997620391715 0.0349109592369925
0 0.6067087974812918 0.6259289800919947 0.1279855526863345 0.1670846724880436
6 0.6381385960931247 0.576847598683986 0.015481853187400807 0.10180789068433538
6 0.38190983178585386 0.5131496904762295 0.0020667527094745397 0.011792482505935231
6 0.6234725691078817 0.5217147377506719 0.004869547970935084 0.03337096986104171
6 0.5375946592103888 0.5291999845388777 0.005796455160885228 0.02040847667894552
6 0.786607865290742 0.5199418050150776 0.005674855768069587 0.03128234369620264
6 0.8980131679413252 0.5245627250104187 0.006425487761760107 0.022091773190770825
