0 0.4278511029061159 0.515873369859398 0.01470648721552481 0.015998374097171975
0 0.2657223213497551 0.56330303922645 0.07842276286531302 0.056703437828012904
3 0.3135310696138679 0.5102672803970356 0.034540932921521106 0.020901136952066635
0 0.49143681301362807 0.5150135399435569 0.01341501557813668 0.022947142738950377
0 0.514854183808733 0.5186596464165454 0.014980651848560234 0.02061518839097054
3 0.49165941561822335 0.5206305800538462 0.017708408724704805 0.031650722326139746
0 0.5126119901274475 0.518537843083406 0.014218627738329381 0.018750115047163285
0 0.5719027388787733 0.5635933137404029 0.06447472651634523 0.07691680421232183
3 0.3966557912812305 0.5088751053007807 0.028171946454243757 0.02053341379054968
6 0.3185796290529494 0.5220224521134756 0.004987979700729839 0.031236739716961726
6 0.5465743604218225 0.5111844726910926 0.0017708859390629383 0.01462930106099869
6 0.17396974351560807 0.5316572725625788 0.00841047526305913 0.04470974934628413
6 0.3157130061753132 0.5244079329415968 0.004691947126154505 0.020029411383301277
