7 0.6501379585557352 0.45709082355442 0.010073883089465996 0.03744043981155526
7 0.5657643985907675 0.42810791151769456 0.006607429774835305 0.03169656850087549
7 0.6481769430399558 0.48693410057718656 0.011231804350913976 0.013224784325288563
7 0.6447821537180314 0.5274360062594774 0.0017192017953350236 0.005243713374627479
7 0.4437069043214049 0.4554715122750543 0.007466179403678108 0.03818541500620454
7 0.42996461001872943 0.39778957289460426 0.00931821689873047 0.045122208291547616
7 0.439174757005944 0.4115787953658031 0.007932550265013327 0.038819418074961975
7 0.2580859096690752 0.3203304128424072 0.05111074995715989 0.16817672671550118
7 0.37602626441216463 0.3637899028032137 0.013532074969486607 0.060894115121451486
7 0.34374230494724467 0.32779616056181415 0.017948491488178675 0.07794858001219285
7 0.2673726334028729 0.605783462611179 0.006196516028754928 0.021423432458097302
3 0.7247802729249148 0.550416649769308 0.17069078465598064 0.10509912470992605
3 0.5851956438341217 0.5583419490021049 0.10900400520390574 0.0863355077228497
3 0.974468701590153 0.5501676164189426 0.05106259681969405 0.07441153613705709
6 0.9925287517921934 0.5316055920954994 0.010351546862929384 0.0462108749203326
6 0.7899022062063499 0.5566602358623682 0.013578291039119672 0.07432121365200384
6 0.9433859794143482 0.532115167325372 0.009960978384554231 0.04694603998638347
6 0.7275170141045015 0.7496382313312597 0.05332962588731782 0.1689038536321329
6 0.0009851985654316018 0.5552452500408134 0.0019703971308632036 0.07238619326441986
