7 0.6858066903350297 0.47946678933885206 0.007333012116097604 0.016974024958412826
7 0.6191757332882142 0.46693235782165365 0.0026342381149166982 0.014120863583765686
7 0.6451524094431161 0.4666365285959572 0.002817955310415954 0.014251506261101388
7 0.48141815420411077 0.48091093389780254 0.006433201106430864 0.01573200604248559
7 0.5418875902475446 0.46819900389707836 0.002576627682535748 0.013561835245072096
7 0.5180301664887749 0.46846734988302197 0.0026526132059208063 0.013443478248875207
7 0.7053307664049298 0.4751065899989404 0.009121342406603561 0.020732255746999273
7 0.6871507178070964 0.46456714193850035 0.0032706637621143786 0.015166296601724805
0 0.6181067308416472 0.7219219250483024 0.15554443897919967 0.2860188619190348
0 0.5308855134019821 0.5249976826644348 0.022528313030683367 0.026329333331955196
3 0.6264976735169957 0.5161373494387559 0.03375957843173394 0.025287754777229
0 0.6288060608136344 0.528600483961063 0.023595101084280534 0.029469359999126032
0 0.7244500166442724 0.5209405683744431 0.039221128089408475 0.01927762630728891
3 0.5934645879235747 0.5252468223973141 0.01892167183677984 0.038009123789352506
0 0.549443022380384 0.5162928149610957 0.014459082797396716 0.01851743766131675
0 0.8819777932324844 0.7913390136225997 0.23604441353503114 0.41732197275480054
6 0.5454397107789555 0.5128301119630876 0.002189699546928048 0.01729634618492415
6 0.46898131982248603 0.5146609108960626 0.00322227207228315 0.010087920009367757
6 0.6737506391763712 0.5119516328327354 0.002589515105742568 0.018012579222717817
6 0.5726376977986893 0.5203122118429878 0.003505140685227337 0.02690394144419672
