7 0.6858066903350297 0.47946678933885206 0.007333012116097604 0.016974024958412826
7 0.6191757332882142 0.46693235782165365 0.0026342381149166982 0.014120863583765686
7 0.6451524094431161 0.4666365285959572 0.002817955310415954 0.014251506261101388
7 0.48141815420411077 0.48091093389780254 0.006433201106430864 0.01573200604248559
7 0.5418875902475446 0.46819900389707836 0.002576627682535748 0.013561835245072096
7 0.5180301664887749 0.46846734988302197 0.0026526132059208063 0.013443478248875207
7 0.7053307664049298 0.4751065899989404 0.009121342406603561 0.020732255746999273
7 0.6871507178070964 0.46456714193850035 0.0032706637621143786 0.015166296601724805
0 0.6237584756600295 0.7600163127435924 0.18413327288977555 0.34611601195637876
3 0.606279715374227 0.5078786922489286 0.010075547379996053 0.017628869566009397
0 0.5534507883909949 0.514860031832272 0.012926699918789364 0.015616268120567045
3 0.5739974115239128 0.5117004587369101 0.011063459052708446 0.01852765525977551
0 0.6326941726194013 0.5315837987704324 0.026473373103460096 0.03266875408096814
0 0.5764095910857646 0.5156782709054193 0.014244007835790162 0.014754776950952064
3 0.5936937306303122 0.5270044412108792 0.020232848001766834 0.04050628497508779
0 0.5597936007847567 0.5119375825311305 0.010327514065795906 0.013623280282374917
0 0.8948449369312279 0.7978235358415122 0.21031012613754407 0.40435292831697545
6 0.5244848050280422 0.5111763016745521 0.002464009646693799 0.016900778033177022
6 0.6349182686965889 0.5081044130695489 0.0015152374501342658 0.012510358752475303
