7 0.4003377006076564 0.48169434444426973 0.003705492255877907 0.01599007612835074
7 0.40122089024114815 0.4945807773885941 0.004789961940859067 0.005769731240429732
7 0.5397638511577897 0.48206434266613807 0.002933927706773476 0.015384698069681957
7 0.4809984498326024 0.47008077736318676 0.002515653825274189 0.012995420641975619
7 0.5041641996972949 0.4700892376476551 0.0024764889319486283 0.012991533334553107
7 0.5374907956067425 0.5114368859928755 0.0006376257586988565 0.0021807886491904682
0 0.7486126762646063 0.5116728794045069 0.01841285736170417 0.011206138874726435
3 0.5027916576183975 0.5553503405149017 0.059872706243840224 0.11019846984657744
0 0.7413729564883642 0.5221018064629563 0.04286703745808207 0.020126049688447334
0 0.41723644658615744 0.5367522026885307 0.03506697027217065 0.03560593423273628
0 0.4590912777311701 0.5354333033984386 0.025924599975703344 0.037617481221776994
0 0.43151892181890283 0.561763427107176 0.04909317929273699 0.0639329430068254
0 0.4514775805581882 0.544731438263639 0.03456440786700116 0.039560310916186614
