7 0.3176789349005066 0.4620390724494015 0.008657413815452542 0.029641678159597062
7 0.2715426724055617 0.4231011337447711 0.008439880659162236 0.03212777502946135
7 0.294504710749012 0.43060493390478627 0.0073565344426058665 0.028798190186186734
7 0.318591110158771 0.4856368458384791 0.00918368825248328 0.010638845068871139
7 0.5707790081427734 0.46416928735817703 0.00585050696435796 0.027656545551210998
0 0.5817743588387085 0.5133652390857515 0.027611761900110166 0.017734893567672105
0 0.5668521285650505 0.5178292875568449 0.03218668727348328 0.019944490123227077
0 0.543219483318565 0.5152922830970259 0.024258530284502866 0.017852941478704865
2 0.5120745544583019 0.5155638733923308 0.0377972619995498 0.02993606979541319
0 0.3414846930217471 0.541834413518611 0.04807433799191746 0.04473835213922994
0 0.4290136131517537 0.5607204540659598 0.05138728574104984 0.05815280029507364
