7 0.4044789827465991 0.45751015485768215 0.007433100980079987 0.03304747073780234
7 0.38074813596616064 0.4115660498750183 0.008311157879369091 0.037044109504240474
7 0.3939844058266254 0.4212867720455643 0.007208159040947737 0.03268634264585363
7 0.4041987988185207 0.519918515595396 0.0010615825515773447 0.004692472934959224
7 0.21893773224014443 0.38394501827313193 0.034643310174478026 0.10008154003448766
7 0.32627615139638455 0.3894434678772248 0.011357625453247755 0.04706145932504091
7 0.29310975566297065 0.36855650501377213 0.014213902192191319 0.05664860651315956
7 0.2257319357718952 0.5616835314655386 0.004225814348636586 0.013262134773230794
7 0.5846940556177114 0.4589007735199353 0.007215732883639525 0.03244726716622537
7 0.5107956167088316 0.43371988110435156 0.005244433984975316 0.027465925706067595
7 0.5830760199691756 0.48482618541244327 0.00945789690546961 0.011499372658165752
7 0.5799697468131684 0.5200368769860333 0.0013948626882539505 0.004551223180343622
0 0.9694168364484929 0.5433309589861252 0.061166327103014284 0.048287685216141796
6 0.6034860914499097 0.5240816118260669 0.005539243354369283 0.04071641402664217
6 0.729291894068687 0.5329006180606624 0.009328192108515099 0.024780661632395673
6 0.5594829390114715 0.6023215447651054 0.01865973823980871 0.14115167993752864
