7 0.4488683849735093 0.4739068957063832 0.00458237774995407 0.022484740569828576
7 0.4401118244488131 0.44786046292106074 0.004797507862737138 0.022809426730722837
7 0.44541470017073315 0.4517546240271922 0.004402193388879649 0.021078643208644166
7 0.39247277632997435 0.4526477234271829 0.010010495389194685 0.04133502111093357
7 0.4158700138921697 0.44019467882002705 0.0057135298882664 0.02622946361977918
7 0.40615748637811655 0.4340930252484634 0.00638912485400478 0.028963856663326404
7 0.5734550392279337 0.474513113040201 0.004581280470676186 0.022374227793703905
7 0.521968388772721 0.45725323050712785 0.0036023793870019194 0.018856687782456028
7 0.5723642273418115 0.4925084374795913 0.006518807973506013 0.007991436500917048
7 0.570164517615934 0.5170057176359567 0.000945054739074358 0.0031592477607167435
0 0.5133761728258281 0.5878283742021837 0.04425313149489252 0.08023118789396677
0 0.6462258799185467 0.5332853178136697 0.06324666236571741 0.04062902679597813
0 0.6723849655342303 0.5300454346494801 0.02650024481658897 0.025098895483061656
0 0.5144847706143009 0.7003671242931644 0.16636137810888263 0.25766187151710085
3 0.41997939758550396 0.5698782150377737 0.06617048938007009 0.1063984742960502
5 0.717305444434469 0.5301573863743358 0.023205561717331902 0.030543881219327274
0 0.4706271003269724 0.5344569335611182 0.048766656054826385 0.029309838220510698
0 0.06459240253607372 0.534565062942306 0.06211035715178992 0.034237433030113285
6 0.3161030743182771 0.5195397036194018 0.00439717026381603 0.027921975291322676
6 0.6244350404383406 0.5388249063911976 0.00844990874207241 0.055639606743564496
6 0.040752497469508236 0.5198302329272262 0.006108072739782755 0.028337098619250933
6 0.6070930564491728 0.5328714341405605 0.0042305459591217565 0.024900013618162187
6 0.005743645602305933 0.553222176015978 0.011487291204611866 0.07642208219546953
