7 0.39096066910478133 0.45662392162783977 0.00912485533148849 0.038762270645531394
7 0.35522464993232894 0.39758649117173794 0.010686803799584477 0.046083477082166036
7 0.3749928623409131 0.4118643172557582 0.008945291667055155 0.03952890191365205
7 0.03232435681313813 0.3115299774883684 0.06464871362627626 0.1798593155210237
7 0.2739262930474663 0.3620397029480924 0.016061019876455807 0.06265276688326354
7 0.6014481921223123 0.45826447200300724 0.008828227094907937 0.03801123690381125
7 0.5151980094611968 0.42885119059461846 0.006149236604814701 0.03217596279110946
7 0.5995442210505373 0.48855954948526237 0.01112348346574854 0.01342370922628694
0 0.642045319087607 0.603728654566986 0.15581601895814678 0.10906681554580733
3 0.3138712655655137 0.5689278615969373 0.07393848695832972 0.10270879910701736
6 0.8506357741856407 0.5344626824485109 0.009177009620721877 0.047709217578951746
6 0.6581410744243461 0.5438536838358881 0.007777783766616753 0.05518331552774247
6 0.7289956877499386 0.5648709674950656 0.013904477292666528 0.08270005457385532
6 0.7910603177068068 0.5751406772667673 0.018027495375039893 0.10136080315823692
