7 0.3132222297812569 0.48739748711517406 0.004554905455006197 0.010994122015402341
7 0.3137945532985916 0.4770501337043631 0.0019104119639744566 0.01009831983424997
7 0.31428959736235057 0.4778129485250985 0.001845262653813684 0.009762414563396382
7 0.3761249713735031 0.48503637525713283 0.005313695717629019 0.013034681109605872
7 0.32309675381766456 0.47400014917815514 0.002112106052094387 0.0114437067958843
7 0.34441253425580787 0.4743418535308311 0.0020973031463227265 0.011292963535312839
7 0.5247672993989074 0.45133218129264935 0.017380500742736782 0.04261437972487492
7 0.35868989596441436 0.4083498374339667 0.007575210805416788 0.04127248632791242
7 0.429349023189991 0.4124115209191098 0.007899717650235616 0.039379437600478906
7 0.5191714785371264 0.5319180442180171 0.0019367151487855727 0.006064494707076817
7 0.09927925234098489 0.397042982967744 0.012997198864280371 0.04657516035836862
7 0.002771022188611049 0.39138952688202655 0.005542044377222098 0.049245088215317534
7 0.23029132408515174 0.48366004820243474 0.00652806204238407 0.014223472359425893
7 0.23734511404360303 0.4752051099011444 0.0024521113628356572 0.010911147876525418
7 0.2338549258752508 0.4742505897653745 0.0025641283576675333 0.01133244839260722
7 0.22936710051016462 0.49519814046191546 0.004728829530258549 0.005127993689936994
7 0.6675837758983021 0.41435794809758936 0.03095826948955671 0.07604216019886678
7 0.5434868826674225 0.40696061531158856 0.009519620736356815 0.04192301803103343
7 0.5775207332830474 0.3921396192158166 0.011419910421051171 0.048894498463026514
7 0.6596943610919871 0.5543207792180227 0.0033004580536009076 0.010535414939767729
3 0.5579200461696507 0.5273262558507463 0.08039972499799275 0.06159100472081702
3 0.6137645311489697 0.5351409984699551 0.0693404789003419 0.0527220210721101
3 0.6658026051492734 0.5304961460248638 0.06094361398111692 0.04538704712670605
1 0.2962855854203126 0.506070061920477 0.050452608346426675 0.0887149126257557
0 0.2574457304760765 0.5142963891833285 0.026383445345710382 0.012939998990379897
5 0.2286836658391581 0.5287509318036897 0.012923746493453125 0.028998035139730538
3 0.2001582230537735 0.5100408884458629 0.035232397008786304 0.02257069187685412
0 0.3360170551857027 0.5200086313828136 0.014453941207323018 0.021538954596259763
6 0.15010935296431838 0.5232770229359823 0.0057523780989301165 0.03273185335257045
6 0.7321031292465794 0.5205794003592965 0.005082466985196654 0.028882073311503276
