7 0.4109836742324504 0.43622415203442655 0.006043195606985019 0.027996056227500954
7 0.4188444312053844 0.44194130936845477 0.00543208708387416 0.02543257983051872
7 0.33382624350022383 0.4346952028996197 0.015804655142865442 0.057704110857623836
7 0.3771614883768223 0.42432608393290994 0.007556371172554421 0.033360902714988094
7 0.3610669147859935 0.4142993197661082 0.008765447893293199 0.03791331258413433
7 0.33577087634685004 0.5407755008791171 0.0020736363950543124 0.007906257844170983
0 0.49987031541682564 0.6715676738489269 0.11804416545815333 0.18933538210945544
6 0.671306711795306 0.5428756463823132 0.00994401850237836 0.060157825275191645
6 0.010432014951703511 0.551740807294355 0.014858930604544546 0.07417134629326105
6 0.6597704089248428 0.5394580034134695 0.008161616084469858 0.054710822629711164
