7 0.35900164544878355 0.474950468394191 0.0057512406658069 0.02211202062749773
7 0.33577159088636716 0.44962352866671706 0.0054016738648340334 0.022355830431304957
7 0.34737959665043316 0.45331747690475166 0.004922321000868479 0.020690372118093436
7 0.3599746622656867 0.49268741152026396 0.0067451266527155385 0.007958530674458064
7 0.47036201660330745 0.4595376490612283 0.0034644792016437775 0.01770788220921632
7 0.5018105967649611 0.4595683039432523 0.003362319009965975 0.017694563481839454
3 0.5 0.7888770793323522 1.0 0.42224584133529564
0 0.4198875851713839 0.5284811068862326 0.019100985891812305 0.028046517854205755
0 0.7889993297840565 0.5330043758445719 0.0559089662329455 0.02724471934296724
0 0.4046752872528715 0.5799088352577675 0.07040179791576112 0.08838959086618148
1 0.4957767476526922 0.524069674109275 0.16996336951511465 0.3270418598334603
3 0.34169545579705846 0.538731769232254 0.05075663054886692 0.05826247620141012
3 0.49541163097572694 0.6875207578709611 0.1382695587235192 0.30109352271779577
3 0.5722535182579925 0.5215744061051216 0.06485461616043464 0.04335743397848152
6 0.6978967251485497 0.5571516223012956 0.012503240862103748 0.0795419812724193
