7 0.529236544890473 0.48873404330675413 0.001844522913042712 0.010176243611083158
7 0.5055684819003874 0.4808027039923817 0.0016380478345286997 0.00858671195457833
7 0.5287526644307632 0.4969841409944574 0.0029391143954254906 0.0036691451133578634
7 0.4719746520468596 0.48844190165545154 0.0018439017688293702 0.01022552345886013
7 0.471262864715299 0.47887471850741187 0.0018549975416551345 0.00933729553281093
7 0.4721918151479303 0.4795609597765445 0.0017921693538041072 0.009033514889012495
4 0.42826231057017905 0.5131056292198526 0.007348798131896039 0.012962051977434608
3 0.3354050904585665 0.6312256271696692 0.1534170507862082 0.21191089455501388
3 0.3960737647223317 0.5120512783537114 0.022300066098744076 0.01655901057494391
3 0.5012871851091886 0.5237603639635136 0.025536844847008966 0.04703249733536741
6 0.5420622787576264 0.5099018678089694 0.0019652743473305145 0.013471648485419374
6 0.37451444741964973 0.5119536013587358 0.0019459178519577458 0.016090168278469985
