7 0.5301136514776912 0.48996675748312224 0.003454794774139791 0.008773824943439645
7 0.4962855750280544 0.48310254447364587 0.001308472421432394 0.00743490458056123
7 0.5095923424828342 0.48309804274520296 0.0013026391783668156 0.007436533181936988
7 0.5735265152009601 0.47995977577348314 0.007135651841329582 0.0175507049422014
7 0.5061197795443596 0.46620467969726553 0.0025824700752272722 0.01495068650755843
7 0.5327137156784496 0.4661883214664124 0.0027339766775827945 0.014957279376215105
7 0.3716984799545018 0.48323597269639373 0.006251577687070187 0.014682321708583579
7 0.35734687817891364 0.46824022301374946 0.0031850485541164986 0.014044553372146384
7 0.35728582690481575 0.48010101059471133 0.007495850000215465 0.01743817059814523
7 0.42460209895352474 0.4667049633197675 0.002969415702170186 0.014729088176991423
7 0.3984548460116225 0.4667208485728081 0.003111526947819243 0.014722697206251745
7 0.4421533460889785 0.48999723652346794 0.0035416693228665364 0.008751910976285637
7 0.44158594043201493 0.4971276210670389 0.0025795281500283207 0.0031652904857945585
7 0.5886398011156161 0.4752575521978687 0.008911813225634058 0.021691024207742937
7 0.5737675795602624 0.46438896354665127 0.003123555196593353 0.015761846724616946
7 0.5779017625452378 0.46227345282596816 0.0033349469799986986 0.016710299197054468
0 0.503377356730622 0.5115658633097534 0.007124254956572873 0.011268462770579024
0 0.4899208301269203 0.511553037154589 0.007924546136536481 0.01093950626770912
0 0.46132878324112914 0.5343266011807842 0.028006333977311504 0.037585588206693554
3 0.7594467456970627 0.5501432643290582 0.10676921762382174 0.0750496423405056
3 0.4713345834453565 0.5099906740061864 0.012553715055667103 0.01985383783286121
0 0.46839817296380176 0.5125051394334899 0.012207627465839699 0.018317097839349983
0 0.8826628968844046 0.5207749894835212 0.03812271575900261 0.01697541700469607
0 0.8815036312556281 0.5543950534460358 0.11928799501379728 0.06528347265787249
0 0.41697284787540406 0.5718040428941831 0.06557633734895885 0.08306471968569018
0 0.4511392892430599 0.5150391574857442 0.012004464999027742 0.013895636357818986
6 0.4184582651366335 0.5107934112204036 0.002128056054352734 0.01487790669820832
