7 0.3608607644736317 0.4754957368438907 0.005701117664913047 0.021972816418226626
7 0.33798569386639954 0.45039567983864087 0.005352292236287248 0.02218685557480249
7 0.34942024408645467 0.45403135311683407 0.004881217261373305 0.0205453608226287
7 0.3618350275651806 0.4931245873640566 0.006698515593073995 0.007910837531985015
7 0.5507487083706825 0.4762743863127715 0.0041554222809716546 0.020819190589197956
7 0.47152098177504853 0.46008995657086227 0.003446362120646862 0.017608090732812443
7 0.502799549562223 0.4600990446926143 0.0033477912541253207 0.017597030910191547
4 0.5299678324680841 0.5143583779121796 0.009168309576831457 0.016393817398389965
5 0.5625051271839402 0.5171303730228958 0.010905286505805245 0.015718355755238944
0 0.4195677647108591 0.5616640705713046 0.054743456455367545 0.0832433120381686
0 0.49752683333538145 0.6267503857206975 0.08796812251353459 0.13155560982941028
0 0.35960552075603797 0.6282466193601441 0.1173837176185425 0.12918386317589825
0 0.43428397704409805 0.5277600537931348 0.0227982546336431 0.026715507017893603
0 0.49804065714739365 0.5684010733344411 0.04391108139015154 0.07111934592290758
6 0.6962704134604354 0.5565559483033159 0.01230346706891472 0.07839150035328735
6 0.6911738900355076 0.5504814470079904 0.010603039229117872 0.06981922804269258
