7 0.2720371124043387 0.4762951647567212 0.0020404789881220964 0.010380016501854383
7 0.272444480384915 0.47707926012350166 0.001971630488959819 0.01003607323440131
7 0.3376132960810808 0.48523189852261983 0.005556805632438544 0.013285807267056693
7 0.2823255307345396 0.47331775595586695 0.0022452324185067707 0.011734889732438525
7 0.30467610191504557 0.47395564382392663 0.00224489664542854 0.011541019479020476
7 0.49289546605861545 0.45420528201611776 0.01706263558994503 0.04176417953527983
7 0.3284856484624169 0.4087498730466358 0.007984265948380032 0.041287051993594115
7 0.3994240333200846 0.4142947227457722 0.008111420552182558 0.03898695793005791
7 0.4872598191506107 0.5328516527518438 0.0019129548290215403 0.0059175439549215
7 0.055037742206051274 0.39105030250346495 0.014050506751818688 0.04850959434379404
7 0.18322214536274478 0.48205642662024134 0.007100459434439238 0.014842287936268073
7 0.1904564151669343 0.47336399695681497 0.0026754556107232152 0.011352479220535339
7 0.18684381576393705 0.47233183106984883 0.0027988189616331427 0.011794534836550352
7 0.182160227172045 0.4940239285008577 0.0051310155817593794 0.005373303491228332
7 0.631558580910371 0.4223918193984878 0.028599251168311524 0.07163452913220764
7 0.5120993001732337 0.4116344259149399 0.00936842771201174 0.040682450084173094
7 0.5457622265873652 0.3985033415798295 0.011067380064609389 0.046982243908413324
7 0.6238965125887106 0.5539556991394141 0.003086394809564408 0.009907855729593629
0 0.21976478289129825 0.5322225936111982 0.029062182433631872 0.03101416211921737
3 0.2726926661017751 0.515081897808854 0.014444512903157736 0.02247365416330771
0 0.2701192773041292 0.5201204737885317 0.01671417325903274 0.020268744007428174
0 0.3348186971664784 0.5155150485476717 0.02433800107880557 0.01135598121537651
0 0.07974956730887496 0.6313372323839922 0.15949913461774992 0.1384027530533507
0 0.24075558295973468 0.5158295018276811 0.023444428201778 0.014181685036770864
0 0.17521020763947398 0.5332889993816832 0.03400657001617716 0.032108173065474865
6 0.15132737796302934 0.5313583605233003 0.007513335000406185 0.0437678565183337
6 0.7051662068040512 0.5230979041131321 0.004754381854826906 0.027206135351584892
6 0.3447792902523642 0.5119308585143607 0.001826212642741798 0.014356555723462172
6 0.0750136545144612 0.5288739082797176 0.0070031120051547435 0.04355640533565597
6 0.07166731761920447 0.6340334748104425 0.0346831409261558 0.17646301466635284
