7 0.6330276244170807 0.4836100581483977 0.0011630706082027542 0.006408691475134676
7 0.6331571263754725 0.4839295961389989 0.0011377162438316324 0.0062692702469400174
7 0.6728155582743034 0.4885659520380229 0.0035004335112022167 0.00839618161414668
7 0.6392893178110834 0.4822784486721887 0.0012583734410590575 0.006990435973940001
7 0.6523495478155099 0.48217124729434824 0.0013080821865431025 0.007037897319327857
7 0.7182283186273222 0.4800765371469521 0.006886384266366452 0.01570844996915849
7 0.6553293032420041 0.46874446458101593 0.002407668067560431 0.012938917980191145
7 0.6796901549499337 0.4683772015336152 0.0025830093680815347 0.013102449376246106
7 0.5356398396988953 0.4839854293057163 0.005036022121121864 0.01231998003562923
7 0.5287706672581085 0.48181894409293663 0.0058021714035335625 0.014186515983585779
7 0.5838347536142701 0.47013752695250133 0.002384203678232555 0.012320094983216567
7 0.5620053916980418 0.4704629428243594 0.002427621699724991 0.012175400425741556
7 0.5878083246190269 0.4889898133487638 0.003247231146419227 0.008024700754984904
7 0.5895277460314301 0.48364086742873114 0.0012350851599964852 0.006393175364889925
7 0.5872486847469558 0.49552025143391343 0.002371801943869989 0.00290058741576682
7 0.7225135540970353 0.46487883828685517 0.0031694625582789904 0.01465365971255378
0 0.6161296173411162 0.5118049250144827 0.009510853616372938 0.011997271399796783
3 0.6339426821024471 0.5072798172861088 0.00791981252826024 0.013222492355640991
0 0.5972370971990513 0.5149911284463115 0.02990530549419057 0.016548775569670715
0 0.6600796688395039 0.5261428589901895 0.020581706712918924 0.02630753782984907
0 0.6679111834893039 0.5300378333956949 0.039993746049458934 0.03228563106548776
3 0.6830059402651592 0.5044322015070872 0.019445026625174333 0.013911053183874478
0 0.6006345000042901 0.5114482803627712 0.009377589284812582 0.011675097165817716
4 0.6279465359531162 0.5127903546651396 0.0062233308011244715 0.017189254606609583
6 0.5754330110074484 0.5068952849025481 0.0014582029516835293 0.0120931364915704
