7 0.49906498874514416 0.484156615848998 0.001315451462210404 0.007562135271388715
7 0.4991257656290007 0.4846155920471686 0.0012806252814351882 0.007361637865788806
7 0.5447287609851525 0.49003006601434174 0.003943852551868798 0.009882824002803936
7 0.5066771328172108 0.4822790046945649 0.00146674100977906 0.008383618906796952
7 0.5216675173046037 0.4822800616737368 0.0015141866183323582 0.008384303261367354
7 0.6227472928860818 0.47525275120393384 0.009554601945628516 0.02262445233921878
7 0.536221357031758 0.45743744381880547 0.0035678217287699043 0.019349899689006078
7 0.5705099856467786 0.45743516987373267 0.003818510089632965 0.019353557276763744
7 0.61944436363921 0.5186553145934918 0.0010325438920775198 0.0032314744910934
7 0.36388322032312187 0.48042403283937263 0.007750180290168163 0.018119625625444002
7 0.35418455807139415 0.4631160388073594 0.0038167520410974376 0.016812671854673555
7 0.3441074206218434 0.4753404110783388 0.009752480641025851 0.02250657097312775
7 0.43085201057283484 0.45819978312225934 0.003759668716326048 0.01900244831523057
7 0.39720149587764436 0.4582018661412753 0.003998708909459858 0.018998926125766036
7 0.44561579421750114 0.49003258984436276 0.00397528918056167 0.009865741756111768
7 0.44817020273100516 0.4837128089761693 0.0014976503068744873 0.00775218109844672
7 0.444956639856855 0.49806915250440875 0.002898768196736401 0.0035665828282365752
7 0.6603660637519039 0.4667380523133323 0.013001399486575194 0.03000890994880595
7 0.6270040437437012 0.45440104578321916 0.004521873447510205 0.020710223887556167
7 0.6369400226476858 0.450667182652661 0.004963033474425171 0.022379095134602678
0 0.4172694301961074 0.5123141758479761 0.016342564553489758 0.009646623694597123
0 0.47942119557007923 0.5194615575854198 0.012328946857345369 0.016069546148514857
3 0.5008933043879591 0.5125518875895244 0.00924682760507245 0.01630467348062825
0 0.49997580008648174 0.5222952332354946 0.015017608191052578 0.020950857670904655
0 0.5695181809747709 0.5611580586575786 0.04838888602393432 0.05954955501409098
0 0.41296454405162175 0.5128495102859064 0.021297434684278027 0.009507955661249179
0 0.6552008655979007 0.524285130112081 0.04352151594784581 0.024063629230772432
0 0.6097709932117767 0.586792308228346 0.11464954449391673 0.0977245330590859
3 0.4985956412711756 0.5084761529083495 0.020586710688400955 0.015852192397314724
0 0.4592205325858152 0.5191143058389229 0.012630969312741214 0.015801117810632093
4 0.4869785459375749 0.511578271489917 0.005944648003152753 0.010241903144504239
5 0.6576587992890581 0.5257079468356529 0.021823625987365425 0.025048365081527968
6 0.4248336127065881 0.5136037692197322 0.0021113989078102025 0.017060765223044894
