7 0.7163283292417955 0.45279570880944175 0.017902452589375617 0.039845769923415764
7 0.5651846735139845 0.4213491084202824 0.0066220868758023466 0.03442798145430431
7 0.6254757809128276 0.42129721689364097 0.007399000216772089 0.0344515325458572
7 0.710601663583231 0.5287994156106612 0.0019886547673497734 0.005680211973347227
7 0.29450625693389754 0.4668768907790026 0.012386113294821366 0.027656499301798698
7 0.24387196693258614 0.43106647182204977 0.007969475060453979 0.030028109792937796
7 0.2685598801702058 0.4375719529421657 0.006961792792424815 0.02709888161263685
7 0.2932720175318081 0.5199888099704699 0.0011603135580217638 0.003992789411594644
7 0.23056373483227005 0.4533401275624949 0.018343573603902458 0.03937321469635191
7 0.3817945709746202 0.42381446745608065 0.007123372971084008 0.03330895198910233
7 0.32360389318133387 0.42386303658747093 0.00783264199285122 0.03328694753371175
7 0.8719098636165913 0.4180424873695262 0.03471097533509049 0.07030754299934122
7 0.7371997407859328 0.41128153986169613 0.009963744604830183 0.03901750539101678
7 0.7740967574474202 0.397419175051044 0.01214885138049615 0.04538864849629265
7 0.8630884229221867 0.549739666049814 0.003642420037339389 0.009869145723495842
0 0.5022958207958783 0.5168610236142936 0.01104683035852011 0.016423149999297726
0 0.9487181113853481 0.5490459917425998 0.10256377722930377 0.07765700379315665
3 0.5026382720982593 0.5130823863932608 0.009938231032869005 0.019981419133939027
3 0.4752829704766369 0.5176287359517406 0.017205233325669145 0.029825592269872803
0 0.8635302746006139 0.8105074896379723 0.27293945079877224 0.3789850207240554
6 0.9749215596441996 0.5696049509072822 0.022001742577494765 0.10113159627333812
6 0.9177804421845109 0.523278271353963 0.007136783612804232 0.034387782873567585
6 0.7127684013373807 0.5230932708814824 0.004856074234531049 0.03413988481184116
6 0.5658668103067762 0.532743200243888 0.0057023793978903115 0.020447815151676485
6 0.8039711472511186 0.5223350890099946 0.005693022368011169 0.03304838476844418
6 0.9831075061372252 0.528055348565569 0.007552205373096421 0.02383817602207461
