7 0.7163283292417955 0.45279570880944175 0.017902452589375617 0.039845769923415764
7 0.5651846735139845 0.4213491084202824 0.0066220868758023466 0.03442798145430431
7 0.6254757809128276 0.42129721689364097 0.007399000216772089 0.0344515325458572
7 0.710601663583231 0.5287994156106612 0.0019886547673497734 0.005680211973347227
7 0.29450625693389754 0.4668768907790026 0.012386113294821366 0.027656499301798698
7 0.24387196693258614 0.43106647182204977 0.007969475060453979 0.030028109792937796
7 0.2685598801702058 0.4375719529421657 0.006961792792424815 0.02709888161263685
7 0.2932720175318081 0.5199888099704699 0.0011603135580217638 0.003992789411594644
7 0.23056373483227005 0.4533401275624949 0.018343573603902458 0.03937321469635191
7 0.3817945709746202 0.42381446745608065 0.007123372971084008 0.03330895198910233
7 0.32360389318133387 0.42386303658747093 0.00783264199285122 0.03328694753371175
7 0.8719098636165913 0.4180424873695262 0.03471097533509049 0.07030754299934122
7 0.7371997407859328 0.41128153986169613 0.009963744604830183 0.03901750539101678
7 0.7740967574474202 0.397419175051044 0.01214885138049615 0.04538864849629265
7 0.8630884229221867 0.549739666049814 0.003642420037339389 0.009869145723495842
0 0.5014489445417831 0.5313285032951242 0.020258021109407776 0.03079738583042002
0 0.1817414376079636 0.5582645409215657 0.12594079320199986 0.06546241813560183
3 0.5021116552098607 0.514944618013665 0.011282504101512103 0.022712991410695604
0 0.8635302746006139 0.8105074896379723 0.27293945079877224 0.3789850207240554
6 0.4953921806654148 0.5793489540665435 0.011738981346464561 0.10352242533693445
6 0.9177804421845109 0.523278271353963 0.007136783612804232 0.034387782873567585
6 0.6862753076237402 0.5230374218011575 0.005190997141887865 0.034045077876790786
6 0.44071271301753356 0.5321918128303817 0.006403459795946975 0.020252407396048944
6 0.8039713200901638 0.5223384824601663 0.005511677350122035 0.03305785256486837
6 0.9831075061372252 0.528055348565569 0.007552205373096421 0.02383817602207461
