7 0.4307217886297704 0.48364150292822705 0.003002740526635128 0.014357649535737982
7 0.42494935625027974 0.4691795138949317 0.002890983477361886 0.013564679068248764
7 0.42828604324690717 0.470616728482654 0.0027427229708942846 0.012932889611359744
7 0.43164033489870773 0.49522159856584125 0.004234732857641976 0.005183888658956082
7 0.5555298651698326 0.48392957617719023 0.0028093798510080426 0.013871173268476478
7 0.5025973031149946 0.4731230933082262 0.0022261599065013238 0.011711154719312278
7 0.523483480057636 0.47313015162948374 0.0023094439049766713 0.011708507033489579
0 0.6103621579265978 0.5156096744398567 0.03717214368698252 0.02275772826815392
0 0.536875260978122 0.5269787654794941 0.022505202848075445 0.03528118162562399
0 0.4581801163629048 0.5195564129047895 0.014010063195304012 0.015238997952424782
0 0.501553458262109 0.5289738084184852 0.014048267439345175 0.024369181250705974
0 0.7586084354870173 0.520466645760062 0.03723230378892495 0.01873997695753926
0 0.5017849328103494 0.534411528248558 0.02134306820903864 0.028171818574850738
