7 0.5921677012096795 0.47406276076701037 0.009372470573773106 0.022732950809806696
7 0.5050235649411577 0.45618500512349425 0.0033542592099984336 0.019441821282856486
7 0.5394709299544875 0.45617397116892455 0.0036063353191410075 0.019446649306577524
7 0.33851740604839564 0.47923107109428564 0.00791758853927882 0.018181933075457124
7 0.3152088442933534 0.45945913548010586 0.004332732392348215 0.017969035428588576
7 0.3263875177677251 0.46189034897383807 0.004002708071751071 0.016876968950863713
7 0.31243857391997476 0.47421225490115126 0.010012839907717008 0.022603383467438676
7 0.39974177082631035 0.45697211483225064 0.003996776610478203 0.019087696753957606
7 0.36595342372632683 0.45698274802209754 0.0042361572362636934 0.019083049199171365
7 0.6199608996496928 0.4656160002339056 0.012685676925965228 0.030199988264572153
7 0.5940854864664588 0.45313178122617936 0.004282344100519753 0.0208186525489214
0 0.433561605275997 0.5561652667039367 0.04944293225921159 0.06435610412024939
3 0.8089643933544804 0.6232825928532646 0.24310528818501997 0.19645455370466747
3 0.4636685441264255 0.5117546728672906 0.015080623388158076 0.023401714251466532
0 0.4597044084690032 0.5148988822544065 0.014922034516716198 0.02192487140457533
0 0.3706195211566604 0.6106191380835584 0.11239958003604755 0.13739420319416296
0 0.43911873288087044 0.5179118132495077 0.014800943840591885 0.01668899702570603
