7 0.33990736621730155 0.4716297081585711 0.007059196326017425 0.02562519979888528
7 0.3070521359758734 0.44049239574890087 0.006725159283282656 0.026754827078866616
7 0.32338366830707727 0.44567540255212496 0.006007643919367589 0.024404022627022237
7 0.3408711287518559 0.49213226169397045 0.007881346645353449 0.009209801690558739
7 0.5602364707106586 0.4728475468950587 0.004941052715860095 0.02409713783022749
7 0.4687689750855146 0.4541007530224497 0.004006500711174921 0.02038192264488642
7 0.5048978796732849 0.45412424179855787 0.0038688480280832938 0.02037119008726551
7 0.5567126894738982 0.5185545846118083 0.0010148392495927805 0.003399108111238669
4 0.4128883913357696 0.5731442020562565 0.02775304166167908 0.07603775117210021
0 0.7875887836480022 0.5384611925239102 0.07672475820794578 0.03628056558493653
3 0.499197790107818 0.5938989584621969 0.06705091084495163 0.14116739296869185
0 0.54648601234425 0.5198214993125874 0.026281334571491177 0.01617063089602966
0 0.46347658992048046 0.5313622540936359 0.02273776906642888 0.030834001299391955
1 0.4979917551928205 0.5070553970425318 0.04547924199172282 0.08717900055972166
0 0.5253219938271714 0.5214698335814949 0.02646971077787874 0.017681005735487587
3 0.22148435306356468 0.6028116110381124 0.2130550294080301 0.20378486972438248
3 0.4993450143975943 0.5493277766221449 0.034510085769667076 0.07047294638255885
0 0.7617288889507999 0.5345501407658932 0.07134471400642295 0.03604685711389466
6 0.8206943164717413 0.5923199072490497 0.023442603598348377 0.1281162728479841
