7 0.48734089393027935 0.48366607362794023 0.001321965708234174 0.00740448964984225
7 0.48771519603401814 0.4841063378469931 0.001286821989980147 0.007212150462797662
7 0.5307152922215325 0.4894366609777582 0.0038090697320349864 0.009656758020308964
7 0.4934913751762819 0.48186887452959826 0.001442273953935369 0.008190456968759363
7 0.5081398109685902 0.48186771915154325 0.001436189613195915 0.008191342047183525
7 0.5872178573981088 0.4757214075361212 0.008824387289184887 0.021476469899216366
7 0.5048608635064967 0.4588328393896205 0.0031673781138734647 0.018352449187257425
7 0.5374030531199236 0.45882473502518495 0.003392403597908711 0.01835690331472467
7 0.584052093536846 0.5169343108492019 0.0009412600062457255 0.0030672824921608166
7 0.3458196982350323 0.4804644307513404 0.007527555386051987 0.017368091228623372
7 0.3248260296292037 0.4617907748359571 0.004051977656734651 0.01703367678770784
7 0.33491810121853716 0.46401142033442255 0.0037603438427525337 0.016049204576911225
7 0.32281673289720336 0.4758412214001363 0.009398957281351816 0.021359346730631334
7 0.4053099091283898 0.4595384955953004 0.0037441333784418163 0.018036108928126793
7 0.37335881642101887 0.45954628423022614 0.003958653164340853 0.01803181259259906
7 0.43389244635185903 0.48945200139921824 0.003920190715836491 0.009638656816476798
7 0.43723475097073167 0.4832480551826922 0.0014975171333754256 0.007585877622190096
7 0.4354322869993244 0.482760533886764 0.001544599580849404 0.007798960322638326
7 0.4332843221850206 0.49730424916664984 0.0028499628127169885 0.003484595205085761
7 0.6115085373695344 0.46816704703012013 0.011704606635958847 0.028022317849383138
7 0.5886616471106778 0.456091507422975 0.003990980424460555 0.019574923287827284
0 0.44162375183435854 0.5173519182253926 0.013388053753047913 0.015693402970084147
0 0.9791583218183758 0.605627684129777 0.04168335636324838 0.14888919496495723
0 0.5013288784920426 0.5123431223115851 0.009134018646004327 0.013872872095674782
4 0.4838005123197202 0.5145042987342671 0.003182199201648528 0.014223060774668284
0 0.48633949910020724 0.5135201751045937 0.010036629249396745 0.011835638813900151
0 0.4849395907746636 0.5122348210471337 0.010896807701337718 0.017241557318016243
0 0.5004204674806645 0.5557443139780229 0.03601278362767474 0.05573009995363687
0 0.46615365730949365 0.5204597760528749 0.024239272895686226 0.026245467617761142
0 0.40214856124225445 0.5241217812735193 0.04350934754287816 0.028542395663943343
0 0.6487562199980093 0.5273876062520818 0.05073662876075147 0.031948361002892334
