7 0.5346461920214514 0.4517153519910394 0.016921283923375108 0.041419106938682615
7 0.3746708171732106 0.41048960839235055 0.007339522378838337 0.03972077650045369
7 0.44240061388248114 0.41418249930514 0.0076690513993211695 0.03804661567751866
7 0.5292018843517492 0.5300351034719402 0.0018859242133401066 0.005885628324239334
7 0.01219604951337883 0.455817565653388 0.021512934458421597 0.03774871980459038
7 0.00955777604677225 0.5274735284783202 0.0021157054389749717 0.005415582968611776
7 0.12969656415374195 0.4005351609614447 0.011889574981116993 0.04424965349770721
7 0.03549092493961334 0.3955635618584634 0.014437727906633186 0.04652940530548261
7 0.6723917495984782 0.41605362141961544 0.029753599201007175 0.07260633748593143
7 0.5530087508595738 0.4086736793068778 0.009248561506541075 0.04057686438876956
7 0.5860582981640755 0.3944714038336078 0.011046610663256962 0.04711554450595179
7 0.66488341459471 0.5499222293421913 0.003159195067182985 0.01004886543991379
4 0.4582032238196332 0.5433545360265026 0.02703893007049213 0.04652259422352745
3 0.5218349306218243 0.5268789638031149 0.08071961725817123 0.06157514402816083
0 0.3374389508607224 0.5423717241467251 0.05819432791333462 0.04313992578592396
2 0.6554740589517718 0.5326946071227623 0.08956340553080944 0.05274604860091492
0 0.5540431686359378 0.543135519354814 0.03721429966677903 0.03654822222412013
6 0.3119640293582493 0.5377646088852807 0.006672330734363741 0.02333655816215785
