3 0.533147242113316 0.5106534514042613 0.012532845304156659 0.02157243890032795
0 0.5474720768573664 0.5324610992510619 0.0242301997799812 0.04350656955900123
3 0.5348546509989213 0.509130515475869 0.009686591939340294 0.020605265244597937
0 0.5898019384133991 0.5124423798306785 0.018456839992271767 0.010990392411597716
2 0.48045004087350784 0.5092142068736871 0.025769537445568702 0.015073290791672078
0 0.41546377062650175 0.5097745149825995 0.019832224718262126 0.010334781174445196
0 0.4627362936612056 0.5115819808447947 0.019869890976783267 0.01068569588533097
0 0.5189849409812116 0.5253250070883437 0.018802771475040503 0.023869529056032568
0 0.5626427690665209 0.5118523232284931 0.015760945233474155 0.011514158290495846
3 0.4943212593674688 0.5084569255033342 0.026752411697035794 0.01794735257057478
0 0.4501200814957974 0.510960696406672 0.017555500532155988 0.010548448180258352
0 0.43320091768082025 0.5117213053220026 0.020439490051319287 0.009649376534968557
3 0.5347424618479402 0.5098146898304554 0.019146582440349946 0.014314322030854476
0 0.5519228717984873 0.5137218729026242 0.013891988726026483 0.012519008248377705
6 0.7706109307216513 0.5567553382364645 0.013073695368639227 0.07782992333365557
6 0.588440510798798 0.5111503170505807 0.0019874859187177796 0.013392002745541753
6 0.4063996097659027 0.5133891812961189 0.0030776887413121456 0.02048966538355168
