7 0.5482483812214711 0.49018755032547173 0.003513572618503491 0.008824263464537463
7 0.5142486264205647 0.4833009989955841 0.0013059451136492317 0.007471577903769011
7 0.527628208612158 0.4832900938481083 0.0013451424882210405 0.007475558088808287
7 0.6045762694543069 0.4800174557080587 0.007380375972432129 0.017757555778115774
7 0.5364435995483785 0.46616298843678716 0.0027507476577061096 0.015103283948587343
7 0.5633507339002 0.4661228439605206 0.0029091667344037786 0.015119561235868273
7 0.6019553659065241 0.5141271708852596 0.0007901425742138368 0.0025365489076292214
7 0.39713052515622904 0.4834497053491487 0.006179253434602627 0.014761001185450984
7 0.3911719697024323 0.4698879417423776 0.002903700440920476 0.013445447246170361
7 0.38628942228436736 0.4802808924312924 0.007397820782722164 0.017552863494935567
7 0.45385751519064643 0.4667434045578856 0.0028603273994700085 0.014848485979255366
7 0.4275401770066578 0.4667821863291624 0.0030009998870637045 0.014832789090535314
7 0.4598526214007369 0.4902461453964102 0.0035182188546047932 0.008784019295112688
7 0.45925252439961983 0.4974020264508211 0.002570302376277478 0.0031767943508709817
7 0.6258911615085805 0.4752006340217884 0.009287839840866452 0.022006229103070596
7 0.606290587416024 0.4642493088166915 0.003329816726429513 0.015957015822291587
3 0.4736554208455311 0.5127791751560566 0.011626530754072717 0.01834542297083186
0 0.47602616366313055 0.5141045594887116 0.011762015707519169 0.014195283842249884
0 0.5252282665110238 0.5127479935419957 0.011154512094391444 0.01823795032006781
2 0.43605316403366334 0.5265929394500093 0.03092543258470065 0.04090010633844188
0 0.4908701200523047 0.5148109446705545 0.01077924239345518 0.014149128715532422
1 0.507477757602702 0.5033730434125107 0.021960222674093532 0.04210315756286237
0 0.5639660329585632 0.5428536749307312 0.04515664508390915 0.0459208240122726
6 0.4645891662206679 0.5116635057159644 0.0020605665634658155 0.007266708265629029
