7 0.533217423195562 0.4560061543718907 0.01686960635925583 0.041139546055372955
7 0.3738841530569703 0.4156859052884234 0.007307417687907436 0.039453227880870634
7 0.4413225599040994 0.41907569656399435 0.007641721058370854 0.03779704056262517
7 0.52785841280874 0.5340014943656788 0.0018807999839706158 0.005870402788216933
7 0.012371967898237008 0.4610738385890347 0.021457011510105196 0.03753728632834746
7 0.669265800461368 0.422311783660011 0.02956791829203098 0.07178912419349187
7 0.5513350089335984 0.4135509285291302 0.009218513132960737 0.04028743141494556
7 0.5840167250006156 0.39988504675669895 0.011001464493240909 0.04672703858622185
0 0.2439585958957735 0.6349334747064133 0.10887422286711401 0.149650739761663
3 0.31980572821015213 0.5191408209571335 0.017953068861142563 0.03639755237535358
0 0.624545855929415 0.5426773041110728 0.055926095750608695 0.03882258314674292
2 0.6932543257303835 0.531515985429238 0.0786318703319544 0.045807756494543495
0 0.282242733988687 0.5320042326616325 0.02363279679688579 0.02506319600486051
6 0.2079521087176753 0.5189238194188641 0.003556697228487782 0.021958574738237924
6 0.24479220745658148 0.5220614426108848 0.004199352713821186 0.01228872147487925
6 0.7403242168790376 0.5225620852640945 0.005096525459067691 0.028566113460492426
