7 0.663547911686567 0.4547175693671154 0.017638438541769497 0.04075914773295514
7 0.5083869049436829 0.4224744192503589 0.0060531683621106724 0.035260423828305354
7 0.5700493753393141 0.4224466116692622 0.006866477041646668 0.03527284525808738
7 0.18691601946252528 0.43255118830044004 0.008809255828668094 0.03071477317447291
7 0.21751441476831804 0.43936747215938476 0.007636223184311508 0.027656895488173683
7 0.16656615169439548 0.45516483578164313 0.019654403425019784 0.040375839084625
7 0.32239334266011255 0.4249894006166881 0.008042543717213413 0.03412327843282109
7 0.26276621212736784 0.4250154549875921 0.008795416025746072 0.03411166533537463
7 0.7855729757406342 0.41746850221722265 0.034144428835779506 0.07320294501231789
7 0.6775175078460871 0.41192772786876497 0.009366069713218406 0.04005179672822684
7 0.7060752314408537 0.3972130499293815 0.011378084808911781 0.046794068859500326
5 0.3615708462472822 0.619161944649608 0.05328654064972127 0.1262946887255192
0 0.8679457285784555 0.5366262900312662 0.07876950895566015 0.04476785664741023
3 0.8480017969137847 0.5387073313148081 0.08163750386030744 0.0525702617459991
0 0.5619476964896027 0.5835953643570138 0.09881711294721951 0.11010196124973104
0 0.7642166315007283 0.5444027663958402 0.0868325488832673 0.041835755498991656
