7 0.6279565481319118 0.4624947672089192 0.013430876554446636 0.031806975594242726
7 0.5064877215053976 0.43740547430069976 0.004708295001015994 0.02736602773930391
7 0.5546382788822423 0.43738666104776636 0.005199970199680992 0.027373207566284197
7 0.23839033353861178 0.46278696618348175 0.01467247560933685 0.031575885932256464
7 0.3602782112120265 0.43895654810441986 0.0059354726311236505 0.026676789339950602
7 0.31337330395684937 0.43897448459520694 0.0063975757787418375 0.026669977656103572
7 0.6346826907066024 0.43114532459423055 0.006613924747715494 0.030167110939832154
7 0.6504771366999174 0.42298237802873817 0.007594960088999403 0.03384162932095974
0 0.4999475433902402 0.6305875757622331 0.11112523912470562 0.1849054199539084
0 0.4956312959059809 0.5321653845054223 0.06150445889616846 0.03557462071512241
5 0.33585061715497955 0.6384892756847695 0.067477174710741 0.15053342822033822
0 0.6849597863589381 0.5409182023610601 0.06252618033798507 0.04417701604053981
