7 0.4987038473462114 0.48115738755054427 0.0014890960247659346 0.008567052755002802
7 0.498776117964063 0.4817432731194399 0.0014446164067827283 0.008310625094614055
7 0.551098454743219 0.4876180724589332 0.004550235414505721 0.011348447320205013
7 0.5074292785476304 0.47871660496813173 0.0016874907169054376 0.009636766444318434
7 0.5246416508338306 0.47871616630772834 0.001750195697190815 0.009637518790821753
7 0.6734462465274375 0.463601349428037 0.014037526384204968 0.03212325471573013
7 0.5511555206095227 0.43823720858989734 0.005218418942219194 0.027645088703679876
7 0.5998090011233679 0.4382269908921881 0.005721538302179585 0.027651302870865535
7 0.32172032759589975 0.473224339574468 0.010450093816683437 0.02374897846593549
7 0.28617843709481383 0.44458940665030394 0.006209261481213035 0.024776940435437544
7 0.3034524871517469 0.44911574441179625 0.0055637607555767965 0.022747646632848673
7 0.2795686447708541 0.46383148354147163 0.014418774408526458 0.031897711856059996
7 0.4023536676766739 0.4397786026534514 0.00557680425230217 0.02694517221807813
7 0.35495759901438284 0.43978821271885093 0.006050306870704958 0.02693927910380539
7 0.43735406266203325 0.48763444303321235 0.004590049607242241 0.011327109316215667
7 0.4408985857532194 0.48059309705935527 0.001723688933865486 0.00881225265187241
7 0.4366261714801162 0.49685963648277875 0.003339034749042291 0.004091548027818526
7 0.7617898108925555 0.4438805482599937 0.022825742556418893 0.04937238332696042
7 0.6853104593239563 0.43192492571272734 0.007267814505405368 0.0305033932425266
7 0.7073970732601447 0.4236468502100592 0.008420106700683494 0.034265505587765366
0 0.7799875038110131 0.5351155070596469 0.07096886461740815 0.033468010564723705
0 0.18615351515091566 0.5320373645289658 0.051474299140714885 0.03064287454324688
3 0.6551169733024558 0.5396707141862976 0.0975858495244376 0.08012207412755895
0 0.5363843640858983 0.5137870712855485 0.017761156645716425 0.013067558656031597
5 0.49973852297392735 0.65728027457911 0.0477730931386654 0.16745357822073192
0 0.4745270394442924 0.5213334187508445 0.015493661480541043 0.02223001027682303
0 0.12268997451454311 0.5446473126053312 0.08029271870864008 0.03736160934720356
0 0.2288227323974783 0.5314706584954533 0.0649915653418843 0.03981151350346468
0 0.46884671733476024 0.5128046318872432 0.01924082530010479 0.011143207084854612
0 0.5205709553163136 0.5177103672055985 0.013602966457240795 0.017782406124534966
6 0.44412574479553346 0.5151153958607388 0.0026563119911522937 0.009307366570526443
6 0.41649246047379973 0.5112619270081902 0.002230353603554669 0.014729039154207757
6 0.40744353299863145 0.5149217380722177 0.0024865614891420584 0.01991384885476899
