7 0.4764777335679802 0.4877055217397074 0.0017666156160325297 0.009845105495376483
7 0.4758760870807809 0.4785342091720687 0.0017759124466821263 0.008961621289574173
7 0.4767340100784738 0.47917631335680005 0.001718221884477178 0.008681417258606383
7 0.467981339902672 0.4848578796604264 0.002282783050714332 0.012304398606689082
7 0.531644476940101 0.48796947628460513 0.0017702389912316319 0.009807057841488054
7 0.5088292984565994 0.4803349914234247 0.0015773431063199617 0.008271541688573913
7 0.5311785245148457 0.49592084547249005 0.0028322967887263184 0.0035361661394106014
5 0.3344664645770121 0.5119740434898667 0.0109628611484196 0.012130835155049535
0 0.47638747226277467 0.5230986732016167 0.01687465057326215 0.022876676472556978
0 0.5047098445513108 0.513540370692706 0.012653959748993637 0.021631778199709517
0 0.42808048316899683 0.5143853550558268 0.012384665112977644 0.014015127865248944
6 0.4381716260220341 0.5122231755551844 0.00239028800385932 0.01669409555688195
6 0.2949934391022513 0.5215598102394934 0.005414723105776897 0.03188093684742821
6 0.6686714390003881 0.5386862293903287 0.008321590544722923 0.05633544082750319
6 0.23506352331663027 0.5220186488765647 0.005697504247190621 0.03253158996777006
6 0.11447328319193847 0.5116192588829535 0.0021582795496961626 0.010228398804813965
6 0.6968407255798672 0.5479070918436855 0.011305758401739863 0.06958690141363089
6 0.19263029060098835 0.5274579247426098 0.007364316193905429 0.04030680631660788
6 0.32765917372993325 0.510605740889325 0.0026296512674666706 0.01624089570099596
6 0.36332457811182994 0.5081705262489363 0.0018403395327789007 0.012765585634034071
