7 0.4513224227624001 0.4768484657682902 0.002052245309252576 0.009716821201319947
7 0.45359873253120264 0.47760056373742144 0.0019763832009469517 0.00938847640345658
7 0.4559242902436497 0.4954439371120013 0.003116811979369749 0.0038360728921689735
7 0.5487911489305715 0.4869048795057404 0.0018965842092374396 0.010423443698644674
7 0.5088459825238628 0.47883573918127903 0.0016864844120068057 0.008767015135597966
7 0.5245399306388443 0.47881761903042597 0.0016754792618047798 0.00877763677986415
0 0.4994674196551052 0.5153570930853646 0.015316864576621736 0.02434998357331597
0 0.6103246226354146 0.5139089463978135 0.027822890349932794 0.012411220386597033
0 0.5219370532143717 0.5226328272750346 0.015478705482100952 0.02357551711268857
6 0.6284656913376006 0.5120494863941366 0.0026286077870150137 0.018118430739599622
