7 0.42417619433905773 0.4694044260295389 0.005685526540753549 0.026732212916424525
7 0.41036603924049814 0.43614222416421744 0.00609056257159224 0.02819054568371321
7 0.4183304806576407 0.44194271511070093 0.005470453020704924 0.025592993203257364
7 0.33188464424070435 0.43421689401794555 0.016072302344438683 0.05840995265425297
7 0.37615568148124856 0.4240479138431441 0.007629518959600068 0.033637411572424
7 0.35978010331854116 0.4138318339492556 0.008863210222580964 0.03827077606617135
7 0.3338761662362859 0.5415299170762529 0.002105839501276463 0.007998283342730672
7 0.5711622151903779 0.47037233987107097 0.0055765332221314745 0.026375373187872142
7 0.5107172557882571 0.4499104278321078 0.004256844197662479 0.022294535206349664
7 0.5698703299083985 0.4915371364906975 0.007675655863371489 0.009392569842156584
7 0.5673132329969623 0.5203299199395559 0.0011203955538185983 0.0037168930307769354
0 0.5000437850121924 0.6534672398028067 0.10850916166748392 0.1945451744176191
6 0.6765336834732992 0.5541131644650774 0.012554435735331326 0.07711560423479413
6 0.036886366467811085 0.524407222364101 0.007488244674103729 0.03440889806998382
6 0.33675656149785194 0.5592340861418497 0.012224154002562604 0.08399654113864108
6 0.5813846536023755 0.5243362744268198 0.005260331566498633 0.0343304963926524
6 0.18893175598258288 0.5299333605692391 0.0068371096447612245 0.03814226385300912
6 0.19675260698317237 0.5846536384510094 0.01994349854625521 0.05279909736186483
6 0.07468906027710928 0.5692595175394861 0.01800494143989939 0.08948548616988516
