7 0.5289522286666688 0.4885719159560665 0.0034025545571367832 0.00864104573084834
7 0.49564160542140984 0.48178842555667556 0.001289456896555019 0.00732224946989557
7 0.5087459914097958 0.48179333566804095 0.0012839112771757533 0.007323506312481076
7 0.570686282701834 0.47882505725559765 0.006913478430372044 0.017023102597766238
7 0.5053065915025974 0.4654337888328113 0.0025075066012977265 0.014500023837742348
7 0.5311020917112398 0.46543784909144453 0.0026502653440976243 0.014504960240940723
7 0.3742117904314892 0.4818534118855954 0.006084687843005809 0.014320531682055326
7 0.3606657735182799 0.4672693668081405 0.0030772630607678875 0.013652857506616156
7 0.3608186371044879 0.47880968385639633 0.007257507295604093 0.016929002229650714
7 0.42617573392065344 0.46585096721180896 0.002871301872940546 0.014295327164670357
7 0.4007843139227347 0.465846820567702 0.0030051170013847828 0.014290534611197725
7 0.4423165283511858 0.4885421963860515 0.0034874008033889403 0.008622264599527196
7 0.4417542344036398 0.4955658576050591 0.0025404597937807583 0.003119456392097375
7 0.570809282823846 0.46375504630971576 0.0030157914318946766 0.015258337846869807
7 0.5746797810047521 0.4617509345871986 0.0032123896102239646 0.01614538738880783
0 0.4882204018825208 0.5109530457786478 0.009005373387958093 0.010642409103165051
0 0.4893556009525577 0.510211613698019 0.008420541121856528 0.00997515492913803
0 0.4431615057132431 0.5165033708384077 0.033412643156423005 0.023220770045754957
0 0.4682899925828481 0.512215794350172 0.01118568870227249 0.014613289278916919
0 0.45149500761475847 0.5116345336127665 0.012152735648985502 0.015579774387109335
0 0.4565449994359322 0.5365743350455248 0.02949515314337864 0.039266736520393586
6 0.42247016178381047 0.5080596015983712 0.0016176221826501025 0.01338770133220113
