7 0.5295863792592933 0.4917354295326726 0.0018981438517602367 0.010441179827274993
7 0.5053101522802452 0.48360158865366815 0.0016800647841809235 0.008809351878745209
7 0.4700512487944771 0.4815590867400025 0.0019108559767616606 0.00960166120247724
7 0.47103281734018937 0.4822916463010404 0.0018442543309032944 0.009280728906406133
7 0.4611748296604594 0.488171526300166 0.00250574045962787 0.013335156138286175
0 0.31161959569187403 0.5175922738207129 0.02601591534005543 0.014424994708207572
0 0.6162596948694482 0.5326838180122959 0.05557266417421136 0.03098128190774918
0 0.5009835974340171 0.5256383652924712 0.01605751700830399 0.02378782020025516
0 0.5009814901800929 0.5200978978360054 0.012072934036875593 0.021440208336745648
0 0.45671432463907186 0.5168191011039669 0.021299730388749882 0.015796897572658453
0 0.613416866073166 0.517790589473704 0.01964930165344614 0.012395413799677235
0 0.47899104687670996 0.5222482995981454 0.012780179922658896 0.017635267869776428
0 0.4301990269612981 0.5161943721449223 0.017185221356156632 0.0121394276484732
6 0.32904534929008833 0.5160217307164937 0.0026767328749151553 0.017535809568362648
6 0.364143432773528 0.5180865253626774 0.0030863825778750797 0.020456731532961236
6 0.34737418036946466 0.5163402108945983 0.002597669814360548 0.017985088414090744
6 0.49216117747023697 0.5170477229222902 0.0023121085739284952 0.0179420469951721
6 0.3810730376245647 0.515362120687826 0.0020118717421913623 0.014905287126133926
