7 0.44186516377998963 0.47649177309595536 0.004088332217606572 0.020392026513170902
7 0.4350912206090629 0.45365147478514123 0.0042399289898463755 0.020291478243792183
7 0.43934849628829686 0.4567955011597392 0.003927826330074324 0.01890989348670774
7 0.39797740869821485 0.45996694471047206 0.008033590589889839 0.03479042657862569
7 0.41474591522090815 0.4475830902932118 0.004949485711800761 0.022968975744680376
7 0.4073361761763026 0.4429015824060497 0.005450536247971816 0.025039575617582133
7 0.5547224706491412 0.4771042295055431 0.004040323022974968 0.020184936463491343
7 0.5082221170356953 0.4614499090289899 0.0032558294720707037 0.01704676338840283
7 0.5537491467692608 0.4933584132847024 0.0058561007447117674 0.007222852211409891
7 0.5517647490270825 0.5154989625424282 0.0008464295169607894 0.002853333383404766
2 0.38426040067705547 0.5233294784921305 0.05566719271830839 0.03682581327919465
0 0.07731984028078226 0.5314644568478983 0.06594869787572583 0.03015861741523329
0 0.5762009324327872 0.5271603935993985 0.06377316311882197 0.04146009008643381
0 0.4999200386828514 0.5565406028192561 0.043732117327249354 0.05867703399120605
0 0.10161360394509002 0.528297807772199 0.06695611631924345 0.02990299069044422
6 0.017033941325736955 0.5331762667998334 0.010049821828012782 0.04725913109387869
6 0.5804813661950208 0.5321633725978916 0.0072072719129450125 0.046269063176718084
