7 0.35608908558328944 0.4689082718643778 0.006067810748884239 0.022977877651436274
7 0.3307058852017155 0.4419926310547945 0.0057193798203671875 0.023405789179365977
7 0.343356747552353 0.4461215390814771 0.005186896498905524 0.021586609438931093
7 0.3570764581778053 0.48730416099704643 0.007015409766433278 0.008262634314353479
7 0.5542163301452655 0.46991214266008463 0.004370002560229791 0.021739901023316188
7 0.4716307826570873 0.45299558179372557 0.003599486328936141 0.01837775420928439
7 0.5042364581599272 0.45301567981647306 0.0034884452159521517 0.018368764289734718
7 0.5510197677722779 0.5111771440163635 0.0009108935281068042 0.003065530669002503
0 0.15882723727447895 0.7945770508621751 0.3176544745489579 0.41084589827564977
0 0.37429403537683215 0.6007379439275358 0.1109765280220758 0.12293581220596905
0 0.42918256102582186 0.5546262780428266 0.054701679126605285 0.061801883639054034
6 0.7233987931810926 0.5564508352993283 0.014518330281804381 0.08874127967758305
6 0.37188088016214105 0.5136865308450311 0.0038067036734627524 0.025818481458465103
6 0.34684364825053227 0.5162010743974459 0.004282941071445334 0.029495401751931105
