7 0.4000733576960891 0.45980262975342145 0.008166805228592644 0.0355967708256415
7 0.3713480974491354 0.4083789749158918 0.009309221880471452 0.04094707093068228
7 0.38728453597459356 0.41992325216178683 0.007951708942625924 0.03568794431188255
7 0.3996682915086842 0.5269930868383745 0.0011606525046469751 0.005061754821200304
7 0.15079761963186128 0.3622526324672357 0.04955452609228711 0.12764584370298604
7 0.30608474531068364 0.3810935581150148 0.01323200460857582 0.05352758912762556
7 0.26229707806216285 0.3538834923278533 0.017203793329992667 0.06628313323115614
7 0.16161988488373338 0.5850131134532495 0.005835823835156795 0.016696534584610845
7 0.5940217059362252 0.46123502073316314 0.007936517999806658 0.0349747563681479
7 0.5144596797399971 0.43416516074725775 0.005654149921582974 0.029589436267638214
7 0.5922798413713752 0.4891578685454072 0.01022135757042486 0.012377308958004318
7 0.5889656660315241 0.5270776474493661 0.0015126289936907567 0.004906594296980038
0 0.8939438605021506 0.5547698426507679 0.11962480281773114 0.052983177298761897
0 0.1280554027626059 0.5644292800041728 0.1417411957845015 0.05719851142525212
0 0.8416531797625988 0.5474676212848449 0.1064138731759583 0.047857354822234965
0 0.41167125837814866 0.5620225444940479 0.08212390054737323 0.0600431112692984
6 0.5514533765667613 0.5312511218381035 0.005181596933799271 0.04365745866688775
6 0.2250573337956005 0.530914919565495 0.0074151452000442986 0.04317742257270252
6 0.0668582814654604 0.5326503450814188 0.00962311514787706 0.045650673429762034
