7 0.4000733576960891 0.45980262975342145 0.008166805228592644 0.0355967708256415
7 0.3713480974491354 0.4083789749158918 0.009309221880471452 0.04094707093068228
7 0.38728453597459356 0.41992325216178683 0.007951708942625924 0.03568794431188255
7 0.3996682915086842 0.5269930868383745 0.0011606525046469751 0.005061754821200304
7 0.15079761963186128 0.3622526324672357 0.04955452609228711 0.12764584370298604
7 0.30608474531068364 0.3810935581150148 0.01323200460857582 0.05352758912762556
7 0.26229707806216285 0.3538834923278533 0.017203793329992667 0.06628313323115614
7 0.16161988488373338 0.5850131134532495 0.005835823835156795 0.016696534584610845
7 0.5940217059362252 0.46123502073316314 0.007936517999806658 0.0349747563681479
7 0.5144596797399971 0.43416516074725775 0.005654149921582974 0.029589436267638214
7 0.5922798413713752 0.4891578685454072 0.01022135757042486 0.012377308958004318
7 0.5889656660315241 0.5270776474493661 0.0015126289936907567 0.004906594296980038
0 0.5729656610413423 0.5626655919533338 0.10796773595888975 0.061230428384509095
0 0.5676780538199726 0.5559679119117452 0.09856333849004972 0.055350230303547354
0 0.31691912007622003 0.5472246943625638 0.09661803309722283 0.047621393391278355
6 0.6923703076999386 0.5582246647692066 0.01256856087829239 0.07433631965150622
6 0.6109068121983707 0.5325147642772357 0.006988211860611049 0.04548652253514973
6 0.8683126810335432 0.5315472933730687 0.008639039899779988 0.04407275802737309
6 0.6718190897649663 0.5503682286081809 0.007969535003349737 0.06389083486171376
