7 0.4920536382463806 0.48525786397732296 0.001198841782847404 0.006726875054374359
7 0.4923687197828413 0.4856213784789293 0.0011698753427101805 0.00656776467431347
7 0.5312337528962059 0.49058547375519035 0.003425757218604386 0.008699602163558584
7 0.4976952737794268 0.4837880411830425 0.0012971913710289606 0.007370011135001797
7 0.5108862328011753 0.48378043672378546 0.0012916056653944352 0.007372150627506069
7 0.5736794795821929 0.48067572845608186 0.007013245305968474 0.017256436844369782
7 0.50740427158767 0.467175607254694 0.0025382708569263723 0.014691244346926702
7 0.5335432349606135 0.46715105570805215 0.0026856821965287603 0.014699753447529385
7 0.37502762622697006 0.4839456422970889 0.006144644788701192 0.01446098061037504
7 0.36116596270934975 0.46920780169960286 0.0031169120025959507 0.013804152329815633
7 0.3612262162120766 0.4808683475717909 0.007343861703708654 0.017127516460902048
7 0.4273078959974263 0.46768940207332277 0.002909110821040062 0.014470759942043276
7 0.40163020494095675 0.46771326891970816 0.0030457771043584936 0.014462516021342742
7 0.4440512520651592 0.49063336228139925 0.0035072838688998687 0.008673885707699558
7 0.44667028696088584 0.4849363834644299 0.001340861331992016 0.0068716979514437115
7 0.44518787154573214 0.4845384386908419 0.0013785746362549034 0.0070460699962744955
7 0.44348771931029707 0.49769994580349863 0.0025548866385667335 0.0031374394660835248
7 0.5882013144350018 0.47607778586955807 0.008721325682596759 0.02124277074278136
7 0.5738441747768366 0.4653853807993595 0.003063074446297276 0.015479449740952278
7 0.5778252979224171 0.4633278107032899 0.0032661216718887776 0.016393188241767775
0 0.4615893730654218 0.5354062065368045 0.030326215141764867 0.03867118902999955
0 0.5227546626153337 0.510632915276638 0.01570674535572736 0.009191305750608225
0 0.5036935371646933 0.5327486402124075 0.02405622837004351 0.04231837054532239
0 0.8679518139728131 0.5562723727732084 0.11996978895985799 0.05415210897790246
3 0.5052043438030211 0.5078943712256277 0.009683684653097546 0.016373263993362086
0 0.46097399819205764 0.5192622938998591 0.01460465329482602 0.017558392941223966
6 0.44831893279370183 0.5092930710828774 0.0015612987913004028 0.012059979233868146
6 0.44080698296200527 0.5075483737768912 0.0012274435783594662 0.009600794945008984
6 0.41373825879986836 0.5137381224603428 0.0023786980758002674 0.018317484040740628
6 0.4308599049781856 0.5094293051931731 0.001626843372167286 0.012246733485308803
