7 0.4901867650927474 0.4811525105770434 0.00164239314322856 0.008296555431156594
7 0.5423903921874582 0.4972147810961789 0.0027247632503030195 0.003399659526960641
5 0.3567490429654368 0.5118288524042615 0.01076452931580818 0.012365765823138197
1 0.5162306813805623 0.5028569469052685 0.020536376431287584 0.03934527641987301
0 0.5011037286832711 0.5122345721134618 0.010228728609776305 0.015416746091460265
0 0.33906236852295835 0.5106899672864315 0.021263685295835333 0.013584774440204228
0 0.3310926135812341 0.5109890096683909 0.022000471133708455 0.013984481347577904
6 0.4104507989538536 0.5087431050401329 0.0014453037887748876 0.012178356976623617
6 0.40871644128938406 0.508824565102922 0.0018000083686606771 0.012299225562915628
6 0.6263579323447324 0.5306144397458445 0.006206471059368113 0.042867462518131894
