7 0.4758660830341811 0.48874020892986253 0.0017940977966307003 0.009980179200701711
7 0.47522137127387204 0.47942317077805374 0.0018037587604244898 0.009094413449677152
7 0.47610599596870784 0.4800831228118466 0.0017442741233247294 0.00880597920573184
7 0.5317822458949281 0.4890061886792494 0.0017961859527650947 0.009940670317230171
7 0.5086582253917339 0.48126883437253787 0.0015985965053337825 0.008384348433023103
7 0.5313103178303398 0.4970653276420073 0.0028709145332767028 0.003584037356939185
1 0.5034857590099127 0.5030324764628163 0.02153484316318377 0.04130137765940245
0 0.48658606442413455 0.5127955290606276 0.013629535316475427 0.016058932964650663
0 0.313862610792744 0.5117698245488549 0.023173077336486714 0.01454476717683495
0 0.30487627124608896 0.5121294395359381 0.024054282617248124 0.015007509749875858
6 0.3883072702528371 0.5115434445530764 0.0019231301155170355 0.014515096535955618
6 0.39842217939830776 0.5125141513242604 0.0024915023314047158 0.01724276651894352
6 0.39857892904432335 0.5094505386757503 0.0015592915936074592 0.012885774012998619
6 0.5488467592115085 0.5120352254366779 0.002430887977062146 0.01655142318838876
6 0.6500029406511489 0.539655434660165 0.008443461962384768 0.0559167925974442
6 0.5332680220103708 0.5120439359855574 0.00265292660026617 0.016568417243047362
