7 0.424597959741717 0.4692010743309519 0.00564614237206712 0.02658312496083326
7 0.4109836742324504 0.43622415203442655 0.006043195606985019 0.027996056227500954
7 0.4188444312053844 0.44194130936845477 0.00543208708387416 0.02543257983051872
7 0.33382624350022383 0.4346952028996197 0.015804655142865442 0.057704110857623836
7 0.3771614883768223 0.42432608393290994 0.007556371172554421 0.033360902714988094
7 0.3610669147859935 0.4142993197661082 0.008765447893293199 0.03791331258413433
7 0.33577087634685004 0.5407755008791171 0.0020736363950543124 0.007906257844170983
7 0.5707935402631127 0.47016062409175885 0.005539025509322393 0.02623033496754379
7 0.5106709965858724 0.44980980719295327 0.0042335271450689715 0.022172743159042385
7 0.5695082409541483 0.4912118511430315 0.007633077140647204 0.009341923066982116
7 0.5669630735958331 0.5198503382710121 0.001113877763966653 0.003696849051722406
0 0.49987031541682564 0.6715676738489269 0.11804416545815333 0.18933538210945544
0 0.6801218005352151 0.5460129625304887 0.08564497939496651 0.04381729671823642
0 0.5768881231132584 0.5408286913797256 0.06683115715338506 0.03995147318567971
0 0.6657392944764147 0.5373965310866382 0.070943744758039 0.03611078163586412
0 0.8047197014409679 0.536635920355063 0.08040545411896138 0.04784809322391537
0 0.8295270121375408 0.5407524952037608 0.09083788625375422 0.0545112927546032
6 0.5959003591211125 0.5299816999160374 0.004881065813322816 0.03855610830094458
6 0.16771054776460145 0.5320064126242146 0.00758242764716216 0.041158278064310716
6 0.48137698024764874 0.5611203409395871 0.009617135781155028 0.079139189851824
6 0.6970974889168176 0.5434448736792494 0.007582986180611706 0.06222795212172494
