7 0.4974406670421787 0.47349240882224264 0.005846309494423829 0.02372956491655781
7 0.4743291213815366 0.4457471919463247 0.005535532449729874 0.024289197155996534
7 0.4859862198017354 0.4499684419089398 0.005049357520069908 0.02239119738939549
7 0.49848557988000447 0.4924598835907857 0.006956706981903538 0.008554392834543734
7 0.716026961003782 0.47157946860257777 0.005842235858934286 0.024986832443460782
7 0.618997745573799 0.4544214019200752 0.003919475224335223 0.02018438627226876
7 0.6562947189963844 0.45359299088172533 0.0042095545933823475 0.020551231790258306
7 0.71213059470061 0.5188247636442409 0.0011484680648300438 0.0035162205572686345
0 0.7056372991822588 0.5192982563804779 0.033520736863991485 0.018482214052284673
0 0.5638289644516392 0.636431551240483 0.10574672775386673 0.1577759903577446
0 0.6211683877199541 0.5260858079281256 0.018067682162365206 0.025667467920376774
6 0.5966693194819241 0.5143450942617565 0.0030911562774590395 0.019158724995055443
