7 0.4582063677010467 0.47053836788729114 0.0026298701771186317 0.013013196720665143
7 0.45999858596055154 0.47186455922564896 0.0025055671349879516 0.0124306177398682
7 0.44288571733086624 0.47814916064011503 0.0038462762047724586 0.019238248284404957
7 0.4475007887818017 0.46814702719136325 0.0028921360571434462 0.014064940366904921
7 0.44480418217011813 0.4664430403167211 0.0030584744210574444 0.014815382128094912
7 0.5375381321730976 0.4847591317531256 0.002582684809091629 0.0137388161904477
7 0.5056935649097625 0.47406577482144785 0.002212193549482766 0.011597280016359457
7 0.5368815087699084 0.4958707235414911 0.003973854336605576 0.004939180856085024
0 0.18777240879141704 0.5194484248841422 0.031702362656876065 0.018544845084307426
3 0.4723961299664433 0.5174259179703572 0.020229889306963955 0.03487480344354377
0 0.19765394816307688 0.5195092552790685 0.041355525664704906 0.016244662005206245
0 0.49999575432298005 0.524537891947297 0.01793397731354046 0.03213636386792751
0 0.49995763753009304 0.5287489935077405 0.021430929364190554 0.036779249984619455
3 0.46174992824105243 0.5275556436651694 0.026379945920581793 0.040917258505855814
0 0.23562883716323008 0.5196046044357359 0.04147836688475906 0.01885308488495252
0 0.2521946841252946 0.5186118774649592 0.028566378837711542 0.017187450098117063
3 0.12386663908883215 0.514628669222631 0.05521520240175651 0.02913494130114036
4 0.3043831147895293 0.5175124361912322 0.011129946112269418 0.01742861074269464
6 0.3468224662784476 0.5129796577048851 0.0022927460511054654 0.017818293538443553
6 0.16127334876813865 0.5132701385460482 0.0031963335603062137 0.018234014765172057
6 0.21759391434816314 0.5300208748897499 0.007498677906122131 0.04210640377389785
6 0.5433339590097044 0.518353367684615 0.004080113268376873 0.025481310729055906
6 0.6377006397773025 0.5500829820997508 0.009346663700458668 0.033229768383828406
6 0.3171352647579859 0.520152922856377 0.004614530566892094 0.028036051304033194
6 0.3444384680075042 0.5131766734167007 0.00287979276583622 0.018097851700084155
