7 0.6527126617078248 0.46425713152468695 0.012162290344569948 0.028213784572221734
7 0.545166039410335 0.44196793918389743 0.004531136493791776 0.024220512648333192
7 0.5878876554584774 0.44197531867184325 0.004920664329932434 0.02422623590487577
7 0.3385262840865898 0.4720930446860587 0.009365874212205527 0.021537597601375247
7 0.3101969983253068 0.4469506617337128 0.005324681081660898 0.021985657207941045
7 0.3239772100730964 0.45064498681075615 0.004835811569159465 0.02037302236513444
7 0.30638782640330087 0.464308742270144 0.012444984761724676 0.02803064339554273
7 0.4142658444945345 0.44313888086609143 0.004806051083580176 0.02367874911289014
7 0.37253187234767493 0.4431313786221982 0.005174005950840388 0.023673287715121893
7 0.7165547168444137 0.4494359836571276 0.01829389299046913 0.04070023429032754
7 0.6610013314044203 0.4370953595644882 0.0060731349211216035 0.026389523092356593
7 0.6773446273145101 0.4308345259324302 0.006873067851037251 0.029159371001173384
0 0.6439925526475445 0.6166996556573026 0.13171701243738654 0.1534546685326914
0 0.44818917383005125 0.5200341850823997 0.01741927044725866 0.02054892681797449
