7 0.6986442604609879 0.45789241991602037 0.016442847255792037 0.037016386489665265
7 0.5580486534349909 0.4285922027771797 0.006106120257262204 0.0319731092436813
7 0.6141167495188229 0.4285884127653352 0.006770384192954393 0.031974874771254214
7 0.6933274498866516 0.5286052966296582 0.001819075044397378 0.005283630715930854
7 0.25609766857463906 0.4367625075045606 0.007358957245476083 0.02822868668369266
7 0.2781510138938136 0.442472102557686 0.006484149034459652 0.02562455249316764
7 0.24530216740456998 0.4581607350244128 0.016989384819692754 0.03677710274527185
7 0.38686404175026234 0.4305804598215658 0.006574579850590012 0.031059917969826767
7 0.33237191099637825 0.43058401683251113 0.007200925438560435 0.031058262431491734
7 0.826283422669669 0.4300753424141407 0.02976386862365299 0.0619580127951434
7 0.715923814834428 0.4202049386055752 0.008912082757009387 0.03583871096075786
7 0.7468229070361871 0.408768956305126 0.010655970198936493 0.04114492378134743
7 0.8192997896093659 0.5466179196619243 0.003025921292692413 0.008734347248945729
0 0.43172611800389316 0.5578369816856069 0.05015082577450569 0.06124038767248363
0 0.03918340723890524 0.556931339007303 0.07836681447781048 0.05516906200412153
0 0.8277643958008885 0.7943572738004565 0.344471208398223 0.4112854523990871
3 0.38405966086414844 0.5430488356877905 0.050055003836792566 0.06388110902364141
2 0.7746575899775439 0.5304062912876951 0.09145495444865848 0.046718744041555293
0 0.04937672582010779 0.5501437121182067 0.09875345164021558 0.04898912898508667
0 0.4210021416997318 0.532210306820835 0.032625727214544153 0.035725748771446075
