7 0.4048781672158992 0.4827092850847535 0.0034850906344687793 0.01525737351530615
7 0.39536227850214634 0.4671441989787918 0.0032408251356624285 0.014527338164549541
7 0.40035307394631137 0.4687648284132446 0.003057525137192596 0.013805092273579345
7 0.40574053781042463 0.4950113172719204 0.00456119707871272 0.005507203099283597
7 0.5380576717817348 0.48304282931756815 0.002786605560659572 0.014705405302919139
7 0.4818609096854627 0.47158409884270347 0.002401824152121257 0.012420080403161171
7 0.5040105147932681 0.47159307704626574 0.002367247195184885 0.012416559402308514
7 0.5358831206392176 0.5111318348391376 0.0006086262893653105 0.00208519118443673
2 0.6770432222395322 0.5164164157683528 0.046644863888221866 0.024955701587400125
0 0.50278975083541 0.5587742601843926 0.05171303633617064 0.091047170506252
3 0.42473768235620957 0.5164041876887222 0.023796823636706155 0.03258683426287157
0 0.6691528093990142 0.5210983328801583 0.03568669557383286 0.01920587173538557
3 0.4529383648088635 0.5144655778056212 0.017248952713354082 0.03215280318316721
4 0.46843148869241225 0.5273895681134982 0.006409221895627704 0.027460916113290157
