7 0.5816195683798636 0.4459398292740625 0.0191560276065057 0.04618222973743458
7 0.40467307827515586 0.402390078028433 0.007857250451170306 0.043747687162375426
7 0.0459226090613834 0.4569304899620634 0.021072836582529925 0.0380884432274981
7 0.14621198882639508 0.3959181472741585 0.0129513125712587 0.04725499775561626
7 0.05007594862952071 0.39220220450060106 0.015501460720336327 0.04918645340084421
7 0.7608601668019366 0.3969958511196823 0.03872116613030485 0.09056442276568522
2 0.284410192733636 0.5234314823591849 0.03465812971299381 0.0379730750017202
3 0.29861619994627575 0.5175063893776577 0.02862012293744992 0.03663426227926536
0 0.392509504298319 0.5498406017121968 0.03336385650575718 0.05111239266159051
0 0.6437508222370096 0.5391135593453185 0.05786221253288648 0.03952446188000025
0 0.729920614777653 0.54187897657922 0.0769881003793611 0.0435705632025839
3 0.21643875290581016 0.5680269309508565 0.09474418947746491 0.1514511243133636
5 0.8666590965261824 0.5374608710846456 0.03720266380133719 0.03695997017423591
0 0.3183211354711184 0.5264410554191303 0.02722421198149033 0.030401646078542455
