7 0.5880881779168807 0.47496429189233547 0.008920256002390548 0.02169944373367877
7 0.5048859283570675 0.45790259345832796 0.003200295517167162 0.018545957729465823
7 0.5377647039176217 0.45789303444290075 0.0034299975142487726 0.018550454810064176
7 0.34451189923171266 0.4798076327055154 0.007595492546681015 0.017514024480000667
7 0.32311509091063034 0.46092766161123083 0.004099793483339886 0.01720052555741758
7 0.33339570828939913 0.4631900733131913 0.0038017189902919135 0.016197250822975906
7 0.320978093032896 0.47509750510413284 0.009505013555753283 0.021580378846222603
7 0.4043209225959026 0.45862689495909076 0.003787534772073109 0.018223128237952135
7 0.3720445595993199 0.4586361073413626 0.004006107567102457 0.01821879200448351
7 0.6129781753110723 0.467226006884793 0.011873387233058863 0.028402980602418915
7 0.5896135501726699 0.45509843430026065 0.004041386403721203 0.019795066353816004
4 0.460147537342528 0.5165305504616673 0.00411288126304693 0.01685580354459948
0 0.2811038344429254 0.5588088552355505 0.08398370792842624 0.07519233313721352
0 0.5187226563186456 0.5246857777999694 0.043455699194522024 0.03144244046783928
0 0.516435082500216 0.5298723055355864 0.04232889256558414 0.027080682585821192
2 0.4414096776533901 0.5140670241005258 0.017392909127668166 0.02181152476500292
0 0.38048191056398595 0.5249789063728103 0.060284349117695035 0.03746255603997761
2 0.48199852125313314 0.5131355340553628 0.014013583844292743 0.020321203998028503
6 0.6266238560847335 0.5156674505661976 0.0031543804522417007 0.021869050703335557
