7 0.3344828060336572 0.4600131191892062 0.00972302341350556 0.034785672381189736
7 0.2830410228111866 0.4104056808113432 0.010221885413519038 0.03968385893341525
7 0.30945678314868247 0.4213275621163487 0.008666526024664112 0.03472436639198856
7 0.3357012921418925 0.48762958759584346 0.010662127617840411 0.01245209014317572
7 0.33341504705001246 0.5256977831504501 0.001317755419528055 0.004945826170893786
7 0.626417757465376 0.46234254030109373 0.0080606767496878 0.032161144534242014
7 0.5056192733486726 0.43746566564698636 0.00510681246159983 0.02717475441741468
7 0.5535162698868563 0.4374660970855563 0.0055505251978550385 0.027174740326064206
7 0.6217885443353136 0.5229424974542873 0.0014429427730517919 0.004510992544186854
0 0.977517405005588 0.5542114226377958 0.04496518998882393 0.059471468515564174
6 0.3466534697890456 0.5268235956722646 0.005653301850274128 0.038303298465856894
