7 0.8916084568578657 0.47893067726340033 0.0024314449815037165 0.009658951786626069
7 0.8929011816901662 0.4794957457323473 0.0023702908637985853 0.009413777105852839
7 0.21364870997544086 0.3291411650251395 0.06720192509982043 0.158408117957665
2 0.9017504957190945 0.515576750300699 0.020384093275930715 0.022968022144460365
0 0.7271835994437165 0.51262070380185 0.021070231243717208 0.011025290302960955
0 0.9288797030703607 0.516296327707233 0.01790532956163271 0.02293835553308099
0 0.780495179296943 0.7046500737249078 0.19958186586135385 0.2718896296089728
0 0.919007646999015 0.5298319551371136 0.0288067442619111 0.027916773399703665
0 0.7295535469271541 0.5117454545027182 0.023433008372847897 0.011557407772176731
6 0.5831076089569431 0.5092003687816751 0.001781594440025791 0.012118515148729192
