7 0.7141951657714147 0.4828050553585792 0.006547497787787959 0.015060591758500996
7 0.6538692056533657 0.47194629164828694 0.0022704473836844263 0.012400251087281322
7 0.6772150363249421 0.4715931812369616 0.0024325177719759505 0.012556426417777045
7 0.5325684384744787 0.4844861217188604 0.005571124703553032 0.013606718798519324
7 0.5853880714935129 0.4732732035549365 0.0023027121390019056 0.011814424251491984
7 0.5644518820436284 0.4735864749694343 0.002340647389689532 0.011676058548326984
7 0.713996470339368 0.4698269596977854 0.002805188934428715 0.013335705504373241
7 0.717284437231775 0.46836547107802806 0.0029598335958788136 0.013980538457066427
0 0.5947928361937677 0.5588838312463489 0.049171091149256 0.06947863387167375
0 0.5672894773270989 0.5382523388949497 0.0318725779418334 0.03790561691033023
5 0.27706940022714355 0.6129024384766174 0.08635435028390298 0.13071176754145797
0 0.5253856587215695 0.5152181527822958 0.023334213303704665 0.019275724086402324
0 0.5915662138174368 0.5145563395635764 0.012392257049311128 0.01852388376852132
3 0.037128528039626046 0.7694918024146136 0.07425705607925209 0.46101639517077286
