7 0.5423789324343473 0.4845471917953552 0.005134657432857792 0.012923760572459586
7 0.4926199601831712 0.47442035112369907 0.0019380433862668522 0.010981114304772832
7 0.512212810093043 0.47441379650368465 0.0019319213373841793 0.010983965168248011
7 0.5404509394973904 0.50941151370189 0.0005384580973949449 0.0018464840664260684
7 0.6982151442002215 0.4426518892750759 0.021675163674378606 0.04905876490107902
7 0.512068355845448 0.4038847349117121 0.0072964631612095765 0.04260719283265202
7 0.586171351160853 0.4037910800590534 0.008470218527244944 0.04265015194369365
7 0.691154540538927 0.5359567669603926 0.0023913290753500016 0.006988397597190388
7 0.22062759972679757 0.4625786834712414 0.014935777679564721 0.03177459946100569
7 0.13629879564273034 0.4182534023919483 0.010936747599946256 0.03603942625527595
7 0.17733452257201143 0.42737820241848423 0.009232372690532564 0.03190164227963849
7 0.21849752127041583 0.5235439849018713 0.0015216759802305635 0.0045936818527084755
7 0.10448178540398623 0.44354276690740163 0.02429563541808895 0.04828317618899958
7 0.29039020618925226 0.4076340785695486 0.010058153615349508 0.040887317270238144
7 0.2195229087571012 0.40772035219048225 0.011106077744685805 0.040847848804157705
7 0.9075700814953473 0.3793629489111859 0.052421208818321685 0.1051187671405488
7 0.7213242000409088 0.3881242424719117 0.012324502838378604 0.04988497431052541
7 0.7667359128819267 0.3648237478136516 0.015894773655755756 0.060785647809224796
7 0.8935343618147977 0.5734396119560545 0.005561950766151291 0.014618790186383346
0 0.47953780448478833 0.5185331993079766 0.014602061294062108 0.020488504289112086
0 0.48210683734889054 0.5147136987382086 0.014484178389644664 0.022702560099110536
0 0.8193418975270513 0.5513799420734072 0.11236237435270469 0.04587602335396923
6 0.5221926312488188 0.5133779693692231 0.002106275206461228 0.017573647225302413
6 0.3318439226441111 0.5229763457910301 0.004832164353225643 0.03326591811366342
