7 0.5418095354723225 0.49040662025494086 0.005155368434338947 0.012966410444792797
7 0.4918784190448836 0.48023467727481284 0.0019462306713715072 0.011017688444062423
7 0.5115398994927811 0.4802326225681767 0.0019390081693325678 0.011019931872009003
7 0.7000176988870107 0.4480689310377843 0.022047246750531047 0.04967180044403763
7 0.5114759540414049 0.40873391625409394 0.007396209611893245 0.04315756368905638
7 0.5865478458766131 0.40867044359916843 0.00861895157652881 0.04319203639252778
7 0.6930004139840613 0.5426022184211213 0.002438031750857217 0.007087877861825964
7 0.21722467033495071 0.4681972562916161 0.015177085265445311 0.03206846820023246
7 0.13105253317888216 0.42326510108241944 0.01122913116207891 0.036473012303571195
7 0.17305198060051308 0.43258223813825825 0.0094520378038008 0.0322408611925627
7 0.09803157063878337 0.4487868082343911 0.024886434693410855 0.048961896648433645
7 0.2868244973855111 0.4124755718080023 0.010300220634621549 0.04142131280945077
7 0.21495228255536283 0.4125336445988951 0.011400281782072419 0.04138962388308648
7 0.9179719616455513 0.3825698512011352 0.05447789778165513 0.10798152563901486
7 0.7238658487512946 0.3926662423053584 0.012634343616857668 0.05060948605095933
7 0.7707866954436213 0.36867149242197506 0.016386082989692574 0.061865162516495265
0 0.47913378890669167 0.5242608052806454 0.014436900096388594 0.020276431414617657
0 0.4817187233382503 0.5204452066554723 0.01429487177918043 0.02242895625635377
0 0.8223277484204257 0.5581265531278528 0.11393723937713729 0.04649253253933694
6 0.5320768310916587 0.5179920319955006 0.002159008456401601 0.017631452916906376
6 0.3255848484701349 0.5300841875437152 0.004612109175137824 0.03493565353714967
