7 0.46211907862454615 0.47510984477986473 0.0023744689874572456 0.0118098716534078
7 0.46359912094650024 0.4762108752772434 0.0022726038204060606 0.01132805456246505
7 0.44930664095121364 0.48244883874573563 0.0033392735898580828 0.01707243117378926
7 0.4527404034996314 0.47314691977786805 0.0025870188932441973 0.012669654794907392
7 0.45056487135965756 0.47176556899728495 0.002719488345729104 0.013275393240009703
0 0.27419591062650056 0.5193101052112229 0.03085075730697817 0.015818821654443704
3 0.45680460060835965 0.5166763760953044 0.024378453940077982 0.021542825330119864
1 0.7966656237907108 0.5059791814489347 0.0715447167362262 0.058035725442779296
2 0.47645811855006504 0.5105511654668933 0.02157387685091733 0.04289286017865013
2 0.4724263566787983 0.5121711533469677 0.025629299877370226 0.0504411222448351
0 0.5415566852642432 0.5192942927062043 0.025378877572167058 0.017310822085750077
0 0.46674461469534345 0.5313220211196799 0.02243566903357802 0.02644821989833368
6 0.5595635243691055 0.5172261407321556 0.0024510046409389474 0.02076273549260743
6 0.2802826291594056 0.5180420374476058 0.0036630828190394316 0.022432224808028645
