7 0.3151604877594692 0.4859237014547044 0.004604180123699786 0.011108133778038431
7 0.31555142943954134 0.47543276626765285 0.0019397293509567648 0.010215396843700375
7 0.3161272167153144 0.4762191999836436 0.0018723656947537415 0.009870989767485905
7 0.3783519090097195 0.4834650343094643 0.005376701297705289 0.01321389142686552
7 0.32464605944401204 0.47227699026452913 0.002150156253039104 0.011599979077017819
7 0.34622781783553785 0.472623013410021 0.002116613138203549 0.01144830943973224
7 0.37634597314478074 0.5088189489079338 0.0005660411055102843 0.0018864628120834892
7 0.5307599581127539 0.44708892181947824 0.01829141504067011 0.04487729745393476
7 0.35563757265820783 0.40140714743108413 0.00791710586152522 0.04369868232032792
7 0.43031090577597253 0.40586375566421484 0.008297174114931416 0.04162469376998729
7 0.5248803888120138 0.5318396537402235 0.0020396545701830693 0.00638016955854992
7 0.08046950870903252 0.389033434193757 0.014257074411457155 0.049495727755709706
7 0.23076067134776074 0.48206614882623433 0.006622690382457858 0.01440873118081687
7 0.23824965852676572 0.47355407756861156 0.0024922188998520167 0.01103798305375342
7 0.23459025792961946 0.4725689535693951 0.0026082411518798254 0.01147040889252593
7 0.22984668310028614 0.4937537502208311 0.004791612282467439 0.00519442756293137
7 0.6893220434124341 0.4039248592965846 0.03410890144736156 0.0837180584602964
7 0.5509899429707323 0.3995690659112188 0.010141082739338003 0.044559729794878766
7 0.5881128617736743 0.38260791750262696 0.012330836787489252 0.05253902958863532
7 0.6802426372767674 0.5572817352306183 0.0036968553371031776 0.011548859639504694
0 0.33697360956041533 0.5166611223617594 0.013007821589160307 0.019306724781790296
4 0.31308765703302044 0.5172342633858154 0.004523488387378871 0.01909835792768233
0 0.3369826873297571 0.5154679489917621 0.010952660995121377 0.0164710305989777
3 0.2683285719985884 0.5229477917375676 0.02314958932010619 0.03488372650693117
5 0.2560512331898358 0.5315468317475671 0.013124690323325916 0.03226881775019674
6 0.027471811477995465 0.5324878284984014 0.009855298307657155 0.0481960246971479
6 0.3694916285532415 0.5115372816530022 0.002234680708938064 0.017987954827956676
6 0.7026352144846937 0.5201319627430496 0.005215416857135335 0.030335676416334834
6 0.09924775874017708 0.5307818240376889 0.008141187119176996 0.04573589086835983
6 0.1219296107074804 0.52856021606616 0.006763798695792092 0.04252984138745153
