7 0.5387180925130296 0.4819985005093 0.0026798631230804393 0.01419019200268734
7 0.5380383666203665 0.4934700314925061 0.004104668009613177 0.005099030238944646
7 0.5366162868078732 0.5091142507177016 0.0005870280437775266 0.0020126250893376385
7 0.45908061522963306 0.48157060268442053 0.002692935786118067 0.014292537640475611
7 0.4566503013763448 0.46716719920980854 0.002733832245499279 0.01349528469067346
7 0.4585748941014953 0.46860036364531893 0.002599805822283807 0.01286978552728213
7 0.44025405241857785 0.47479365174926985 0.004062971900654189 0.020135227290413615
7 0.445394820160946 0.4645712756071097 0.0030181302270274046 0.014629792623793492
7 0.44247176814714206 0.46271216589757325 0.00319960052243351 0.015443451266253072
0 0.1682510128520413 0.5157153969166227 0.0368216083348791 0.018306019766947568
1 0.4985832209003504 0.5035000277612022 0.045539577065529246 0.08729367497572155
0 0.42792192156144865 0.5166754041706341 0.026629446116167244 0.018920902670136686
0 0.18522679223789001 0.5180426397938401 0.035426903888229416 0.016562452845790387
0 0.20021226087850028 0.5670527945709929 0.13861135869168756 0.1124702333316353
3 0.2345589215138122 0.5120850729378272 0.04959955431271704 0.028607282922580413
0 0.22882771945846653 0.518409167559079 0.035346822240672066 0.018388164337372115
0 0.46059460377951256 0.5278356665564048 0.025469061216306266 0.03951777219243202
6 0.5445187427613315 0.5169399002396793 0.00366705091225783 0.026791901905106053
6 0.3119382715918446 0.5185163772625392 0.004844209898506757 0.029074896378835757
6 0.5903055714839951 0.5112130471625501 0.0026002143248471388 0.01850525262071412
6 0.3522602918566451 0.5198643998381358 0.0036263223106774434 0.028006317281600412
6 0.562899070260699 0.5157872037261856 0.003819167173584548 0.025135059367477286
