7 0.32193186438399524 0.4675589019395344 0.00828078568760432 0.028697331881397226
7 0.2791229919414131 0.43058586102649793 0.00802332834915287 0.0308259448471091
7 0.30041600544396907 0.43747096571742367 0.007035517814541092 0.02774681083943442
7 0.32285456124184386 0.4904401043531624 0.00888708006172717 0.010298029914687423
7 0.5674237970433318 0.4691914864043347 0.005616645440157941 0.02680689370305067
7 0.4659521404005189 0.4483608330743446 0.004472717139885618 0.02266821884896958
7 0.5635192923329386 0.5198985256186645 0.0011341986424869832 0.003771514788231567
1 0.49101190583046744 0.5211300500826872 0.167052339884448 0.32420226751347453
5 0.798092032469329 0.540144738172434 0.03568074163179025 0.036817375079923775
0 0.5898835577406499 0.5170955988665786 0.03547358455643512 0.024661088483435845
