7 0.5525388744854568 0.47702516498541836 0.003847608346361886 0.019379703200870346
7 0.5516019195724011 0.4926409560355794 0.00561975386473923 0.006936582198348695
7 0.4441138306347494 0.47638912911620235 0.003891275369464653 0.019571934685720105
7 0.4380570040576668 0.4547903045646115 0.004022213715377532 0.0193380173562121
7 0.44193585656660594 0.4576502923930018 0.003739850764343189 0.01807903521988874
7 0.4045446617119741 0.46161832722917784 0.0073515941786524985 0.032472458928961556
7 0.4191404126046959 0.4493143144423861 0.0046581066047899355 0.02175531364761174
7 0.4125193836208818 0.44513823345090825 0.005100491430930276 0.023604364152457147
1 0.4967938266329188 0.5106221394550863 0.1002306154932604 0.19212762988953208
0 0.3285011802513683 0.5231958529869225 0.03896446692750766 0.025161649645588313
0 0.0554691501793407 0.5278308336161075 0.056166688717563376 0.02427976146834354
3 0.1319925379394942 0.5193602607090599 0.07623805315287017 0.04202773022097217
0 0.09928093716018627 0.5290854988813056 0.056892192013998755 0.02751095233582157
0 0.42947903033845813 0.5528193129863772 0.050231641334662236 0.07407868324046674
6 0.2614423058132228 0.5354033266970655 0.006984079480702621 0.047056641246384534
6 0.5824506122541409 0.516990618130786 0.0040659531056309595 0.025514389628508383
6 0.5729675063920836 0.5290831708031323 0.006921448942155184 0.04305450461843541
