7 0.6038934366710771 0.45894207511295393 0.009119854626555735 0.03894069046224419
7 0.5155833671598284 0.4288107953143023 0.006303840954648199 0.03296719547737237
7 0.6019440450396438 0.48996712874589354 0.011406526405364326 0.013745550805009388
7 0.5982998388696696 0.5320747646013342 0.001699272403927865 0.005455388851495657
7 0.38830915678302985 0.4572374484973555 0.00943280515826539 0.039732355852401924
7 0.3502616620650506 0.3958046047849002 0.011149774537416446 0.0477258076026853
7 0.37131208653487446 0.4109688221831549 0.009271272652942864 0.04073151580091022
7 0.2633686525131014 0.35740745699985577 0.01707732443007315 0.06572599642840649
7 0.1949711797073937 0.31510945039341787 0.023994906358326573 0.0860370018810907
0 0.5650120509691094 0.6580224800658722 0.14852499256149587 0.18624714994244274
5 0.8795060152455485 0.5560114059354642 0.04843386292062224 0.051067114951189096
0 0.9836951507878205 0.5656209511760429 0.0326096984243589 0.09681043749238438
6 0.8141687889809726 0.5871877251915711 0.021201844029886785 0.11465031275791249
