7 0.3652938317878621 0.44994941340495104 0.010770003092269942 0.04373437388404433
7 0.3159779934906829 0.3774781826224163 0.013227340936223742 0.0548704727348181
7 0.34329090836895 0.39699177828145515 0.010690726560459551 0.04582970476864684
7 0.20070428442571686 0.32401669235632347 0.022092857670372917 0.08019291823605557
7 0.6003910415777276 0.452525825351935 0.010073861648088767 0.04233459032830916
7 0.5047629382283019 0.41941889433193175 0.00686732965817527 0.03602309312518359
7 0.5982533140282379 0.4861646586432691 0.012346976448841973 0.014912174017123359
0 0.9441996903592237 0.5696560940403235 0.11160061928155263 0.06739782192424548
0 0.22730656938378033 0.5960480077848725 0.11961659648145045 0.10453739740927159
0 0.8992509272915226 0.5592942301265167 0.1210772450988089 0.05882745956701252
0 0.5749365805425221 0.641638012214038 0.16021517891777876 0.2352849390246199
6 0.5331581952100486 0.5365333577801885 0.006056186930572083 0.05223146360411113
