7 0.42635553087177447 0.47171635460309536 0.005482954750915925 0.025943180297572643
7 0.4135682739164921 0.43992673700257834 0.005847227277104405 0.02715950183281529
7 0.4209947104714108 0.44530588631395573 0.005272854874869781 0.024740257601510718
7 0.4262470756421928 0.5209973195832802 0.0007960333798815444 0.0036959767946384003
7 0.3418228650153935 0.4398933328896987 0.014734045002412322 0.05477604475469339
7 0.3813725160575586 0.4288217542375816 0.007256889382605991 0.03218000830858708
7 0.3664372558166601 0.419556302614181 0.008367520846472187 0.03639575698577008
7 0.34350992445210105 0.540872097088379 0.001945777326763487 0.007527932351365285
7 0.5691603277042412 0.47264264991160554 0.005382515194166992 0.025607108770712095
7 0.5104208901596943 0.45277118928556553 0.004133525116485237 0.021644682573540797
7 0.5679095273434973 0.4932051385799211 0.007452462244113445 0.009125535445651867
7 0.5654237333617043 0.5211861319602464 0.001086719357836774 0.0036118048174059725
2 0.006400956287712959 0.5347405361572268 0.012801912575425917 0.05207701938094256
0 0.7851296775809644 0.5373744459452221 0.0787643006444334 0.036080218265631236
0 0.50006060333598 0.6592675687963367 0.11321244004750058 0.1736069194321711
4 0.06677417708169742 0.5364839508188182 0.027691804050598012 0.035867038565271625
6 0.08533615525184718 0.5404740683100357 0.010518539839891372 0.05235896932883455
6 0.6710777940107788 0.5248613844709218 0.005188590391140169 0.03303750342682621
6 0.5741866339882143 0.5618564224169893 0.010774605026764528 0.07713700041390437
6 0.6555042866299414 0.5672166225677817 0.015280742496695865 0.04395716651047543
6 0.42634717263844757 0.558737517924617 0.009860436644828718 0.07802233197337893
6 0.5936779172573896 0.5747193500533054 0.013506728266559076 0.04525812218044167
