7 0.45294040515223455 0.4857872390647465 0.005228616821043919 0.013119563284570701
7 0.40153932376051177 0.47511584014351016 0.0020297629446580645 0.011359795514455318
7 0.42201649169964495 0.47527197099552554 0.002024180075205717 0.01127733589196317
7 0.6181407277643385 0.444962165490502 0.020499041045163646 0.04880105007816615
7 0.4329028151927593 0.4000111823849417 0.008066512443438756 0.045543021642654835
7 0.509940709942756 0.4026658656580825 0.008868536179460484 0.04424780454093408
7 0.08123511768083319 0.4583305111371357 0.02000614346395295 0.03763266190456105
7 0.021644452695463008 0.41496987231924337 0.012964333469965169 0.03884696471041715
7 0.17294802888752547 0.3952684508127257 0.012842827955777208 0.04794625512794537
7 0.07926538907784396 0.3921676869507156 0.01516225061197582 0.049470427367568126
7 0.3151511557097989 0.48526800992272845 0.005951043797937372 0.013747853549033018
7 0.3143355761825929 0.496449246957713 0.00430206165823005 0.004957749274636769
7 0.8311198736816623 0.3858504590489208 0.04556983380272206 0.10230470797202568
7 0.6435878895726985 0.3912568130969117 0.01185388166731538 0.04951748334880468
7 0.6907991029636605 0.36909385667809214 0.015077674994955048 0.060028958215308015
5 0.9968372047169761 0.5410049182354232 0.006325590566047756 0.042955444429009004
0 0.23322190597353157 0.6825959726180468 0.18102842660218882 0.23804117950135228
0 0.7345989243321668 0.5870082475688397 0.1313208031625419 0.0814231710164719
6 0.14183816495655532 0.542291311373401 0.011101272172529986 0.0269322898361517
6 0.21932129989134705 0.536073926951627 0.00810510157585026 0.02285495019245054
