7 0.4179275227903464 0.46994471095475043 0.006270961149807519 0.028879052583265508
7 0.4010805615689036 0.4327732452228886 0.006808682450485437 0.031081354639725
7 0.41065355768315037 0.4396895361622179 0.006045309580375913 0.02795351712118932
7 0.41773304622626944 0.5247085387959125 0.0009042519428025253 0.004113637177600604
7 0.3006480836646442 0.4254082694959642 0.020649965021270034 0.06971748016403528
7 0.3607995942730975 0.41793822665486785 0.008770184595109032 0.037836411631733013
7 0.3398246949376822 0.4049531243813767 0.01042238719002303 0.04380011321301436
7 0.3035762489180449 0.5524568337380349 0.0026480837460545192 0.009489338704456673
7 0.5764021335204829 0.4710180087697452 0.0061339574264123176 0.028458013021299577
7 0.5112797911469957 0.4489482674933646 0.004597545154154892 0.024062566523939843
7 0.5750077393296282 0.4938319852968088 0.008295553567547853 0.010121164834822616
7 0.5722705794196536 0.524862537664474 0.001215744869046298 0.0040089273838658235
0 0.1240046777786436 0.5408748785688607 0.08248162893345101 0.036294977990831034
0 0.7848341039539869 0.5434052629504089 0.08420106177243425 0.04350119705833677
0 0.5003723170550831 0.6291751602525825 0.08901110004834883 0.13215972307549873
6 0.6753412827860403 0.5775243357436829 0.01750565440528018 0.10592426253930287
6 0.6147799401612153 0.5294576488637124 0.005714935558291279 0.03739881704286152
6 0.6970017053208994 0.5781638403590343 0.01729041044596069 0.10659142586646486
6 0.6028273746398832 0.58248737757542 0.015177789357031513 0.10171371127520323
6 0.6451482075225898 0.5420358881319529 0.0071885662878380385 0.04992591665956303
6 0.6017840728034982 0.541558906842313 0.0056043200611873845 0.028994572094426574
6 0.5917140586433942 0.5780131756143216 0.012376383092223997 0.09621794553234031
6 0.6273759329463389 0.5815173136018605 0.014653582176015867 0.10081389532478435
6 0.1295909012228736 0.5397081222235982 0.008562654050517482 0.04670079353395751
