7 0.7123187130024764 0.4833671454108048 0.006425410501721074 0.014817871025486373
7 0.6529737795085672 0.472684535690176 0.0022248138578804255 0.01220109621119253
7 0.675937587154634 0.47233712167303754 0.0023820355802035564 0.012353581099618871
7 0.7099580960238483 0.5117598513763006 0.0006775591145393722 0.0021103680738721042
7 0.5335911321558082 0.48502899129076615 0.005488057314543604 0.01339762271686562
7 0.5855996899467373 0.4739845365219484 0.0022723454126799547 0.011629962678017858
7 0.5649875953254679 0.474293123526859 0.0023085393608892613 0.011494719502357253
7 0.7232703243640651 0.4802496294631833 0.007684630483487664 0.017520068044399706
7 0.7119736035991604 0.4706269149793575 0.0027416195828614542 0.013108809040145608
7 0.7150444594811987 0.46922315583939694 0.00288914999049783 0.013730889800479984
3 0.6538581170574493 0.520965068380323 0.020875307119435083 0.04592476280691743
0 0.5279440833535529 0.5350145994351848 0.034219552591770896 0.03689425729636042
0 0.16999948466712234 0.780022563545256 0.33999896933424467 0.3918825226015098
5 0.6191043887481809 0.515444301893891 0.00983424759251017 0.015739114897759143
0 0.5567365080574941 0.5361980660958445 0.04169960227367264 0.055045209746348855
6 0.8678501749534269 0.5429252043231754 0.011583234626686534 0.060160460063190535
