7 0.7130649259738032 0.4840234286794855 0.006731304419739459 0.015430803240373936
7 0.6513532149092015 0.4728469483836663 0.0023514624191716127 0.012719291395925536
7 0.6752578337594473 0.472502887233322 0.0025198376300424874 0.012875511022987951
7 0.5269059061562313 0.48563535182973405 0.0057169872349867035 0.013974100543963197
7 0.5811160097821383 0.4741561133126765 0.002349464788418132 0.01212559145710862
7 0.5596351306188463 0.4744618954361074 0.0023922763121583257 0.01198694056173294
7 0.7169275816809969 0.46921370809266333 0.003079526597913107 0.014368469442736398
0 0.6149358155555181 0.5118781896894906 0.01004486731597809 0.015190875632200784
0 0.6216593124539456 0.5295676849592952 0.01776210459784744 0.025369964941765244
3 0.598179960314917 0.5104511771872322 0.01036954925100586 0.019910323136889785
5 0.6810407439667898 0.5698558787707404 0.02389710328968475 0.06524357751630228
0 0.5858083283628925 0.5186713502964463 0.01277228247462281 0.01713971410398285
5 0.6309501741900772 0.5121854727508066 0.0033915237381778596 0.010005093583361657
6 0.8900383736164807 0.5586584296951276 0.011402399246537409 0.07806975691245732
6 0.5818014309021386 0.5099413102578167 0.0016121472388671565 0.01170180842969526
