7 0.48811419832025016 0.48930642637766664 0.0036098962838614357 0.009340489308815203
7 0.48934739467103616 0.4806589499041052 0.0014808816556599602 0.008516426671923039
7 0.4894220749366607 0.48122480360512127 0.0014368913142555617 0.008263008321668486
7 0.5412981314308194 0.4871666945748504 0.00450217266848163 0.011252032469302953
7 0.4980029254053988 0.4783104857388696 0.0016750198818271667 0.009569392477419503
7 0.5150841272437112 0.4783228645513885 0.0017348213837166115 0.009564032452708426
7 0.6595935073219854 0.46483842445144574 0.01356693914944096 0.03131806815340149
7 0.5405269329357942 0.43986669917436694 0.005088949397853426 0.0270585327223703
7 0.5880135944660456 0.4399606450245718 0.005550856171385843 0.027015761633526703
7 0.6550880653811892 0.5247618201011999 0.0014882760451062627 0.00447320457901601
7 0.31350730837392016 0.4734189571035079 0.01042147221158135 0.023572299398843477
7 0.27855207462180004 0.44532916785372256 0.006165647673684105 0.024541494095032867
7 0.29554792643423744 0.4496731992274816 0.005529385924338603 0.02254927978783494
7 0.272285932869673 0.4645651669350103 0.014338885437187865 0.03155621089896543
7 0.3942091392421768 0.44100347866718415 0.005496998861422853 0.026532867920165792
7 0.3472593250030873 0.4409127510532058 0.0059761987131963235 0.026574130864160384
7 0.42823693891367226 0.4871344179446936 0.004579614423051215 0.011278305117127407
7 0.43175097838720566 0.4800748923090314 0.0017194806512968452 0.008777452281720777
7 0.4298037475729618 0.47943567058588266 0.0017819296040841315 0.009063952745373693
7 0.42751030007678326 0.4963184135663181 0.00333225351872396 0.0040734559053765
7 0.7423047393978006 0.4470225302201898 0.02164454309835373 0.04749622857111013
7 0.6706876424504906 0.4342640495236444 0.006974395714248627 0.029648561310437305
7 0.6914769449351144 0.42663429358453053 0.008036542657022694 0.033190139364223825
7 0.73798861517238 0.5368722986873443 0.002062576747121736 0.00672109593352066
0 0.45716673266850394 0.5251335350021056 0.023025706599087314 0.036886025969084746
0 0.46400447674732936 0.5220204437784135 0.01699672956631043 0.024037932121835026
0 0.4408334351121239 0.522646006029615 0.018524578258020785 0.022203974432270734
3 0.37751670759620326 0.5106403932214418 0.019805328821984602 0.014691523685652519
5 0.7190297600857303 0.5311052043210367 0.023000144216024587 0.03014951782931763
0 0.5087891027936822 0.5145054762673587 0.009172183374473897 0.013926599621641111
3 0.38890989623353267 0.5218793390167593 0.056956230087447046 0.04763930782406178
0 0.17487114677733734 0.7925676649458389 0.3497422935546747 0.4148646701083224
3 0.07832350230713273 0.5249115490506694 0.08772014611416858 0.05357247526609843
5 0.6389855831542193 0.6363708602620932 0.06336107223891374 0.13938090633658473
5 0.4890272524089728 0.5131111692029624 0.006730735405279076 0.012249557453469895
0 0.4886428172191744 0.685039144485942 0.12162861343788911 0.22005813135638175
6 0.38225945156989305 0.5171142539850921 0.0032448981226346763 0.023406587392233558
6 0.34545014800636975 0.5214063213562019 0.0035837939084640835 0.02924241390183757
