7 0.42496158619798874 0.4823583698178785 0.0034093841588516693 0.01589642534332736
7 0.41747761430856917 0.4660080707635176 0.0032864708993108893 0.015221098905087826
7 0.42166243654543956 0.4677599483087126 0.003096707294608203 0.014430086952131493
7 0.42594435326051394 0.49517507887458234 0.004703203595636418 0.005736860655021381
7 0.5628756487042359 0.4826931227871137 0.0031678273761140963 0.01531551497836825
7 0.5044730756927704 0.4707753879655048 0.0024577007556573216 0.012931721342616387
7 0.5275234841948152 0.4707783871194605 0.0025600028772856387 0.012930394543674784
7 0.5606217397635175 0.5119426358752082 0.000651217660842196 0.0021717924673049227
0 0.388513169049292 0.5510755766485345 0.04359489959098989 0.04977556759913748
0 0.5038000151021743 0.5384743593532377 0.026076033154073253 0.04183878202233693
0 0.5055239792537438 0.6179533452571748 0.07666494581673466 0.1276472895900459
0 0.5041741334224948 0.5495197058155699 0.029999104117110542 0.04651027118583262
0 0.42314758114785983 0.5732506979239651 0.056099594055209034 0.07319069707806136
