7 0.4930673070374878 0.4560992593845702 0.01713423998443947 0.041815315374977735
7 0.32881284378702635 0.409732836640109 0.00807225855473609 0.04129862317118005
7 0.3997098514905201 0.41567735966689384 0.008188584874719462 0.038991814328962815
7 0.48728634622717726 0.5347018245332729 0.0019238320113098561 0.00591164692069579
7 0.055526914232934876 0.3904822384080462 0.014163431753133886 0.04855325430921198
7 0.6318063716725375 0.42526321277811907 0.028694720733139167 0.07166491441375977
7 0.5123592553289846 0.4136897191192035 0.009438648624782497 0.040673975911071414
7 0.5460501069937986 0.40080107725144687 0.011144309589075974 0.04696359461612509
7 0.6239383046604801 0.5567406286103572 0.0031014993495518395 0.009911805039113153
5 0.22798794097425257 0.5530318364841651 0.04543705278856294 0.04997754492053785
0 0.4176859237224765 0.5525646788845835 0.08010028287669174 0.041522573601103785
6 0.041690542531902436 0.5300245827819523 0.008485670262622251 0.046785983241399376
