7 0.6933317911515839 0.45809500117090235 0.015851535687404605 0.03581751114277243
7 0.5572311002250536 0.4298007346550501 0.005882879657045259 0.030895639660260876
7 0.6114600212425457 0.4297797912567333 0.006507172652038262 0.0309047279614032
7 0.2647120806246681 0.43765304985759834 0.007053124957580925 0.027350730680037183
7 0.2854848929592687 0.4431052114892832 0.006241826565332731 0.024899016666263596
7 0.25506927399219725 0.45843798417545584 0.01630285244198365 0.03552527940105599
7 0.39171640934529944 0.43173732494551864 0.00631395436308646 0.03002026608876396
7 0.339061870477188 0.4317571161464733 0.006896859809896516 0.030011699913369105
7 0.8102611894908012 0.43200886138388095 0.027918573389419055 0.05866994884336851
7 0.7091773161260795 0.42183394260555995 0.008494704262054453 0.03451289254726869
7 0.7377213363403938 0.41112591561248235 0.010076017772584267 0.039407151535103824
0 0.8353042764744619 0.8057885329822265 0.32939144705107615 0.38842293403554706
0 0.5317859483380378 0.5331813154283382 0.0582428568523069 0.035992972938288736
5 0.5747183628078143 0.5388937361357771 0.03257595134799596 0.04226216764481405
