7 0.5692411775548349 0.4790975879243805 0.006226145423411045 0.015373658822550873
7 0.5101611666378019 0.4670072387130868 0.0022623125512937214 0.013063977469511212
7 0.5334430807397014 0.46701282763948243 0.0023815045141930558 0.013074628682339995
7 0.39039592203218865 0.48153407167644685 0.005505514311645532 0.01308724340683376
7 0.3847880830337483 0.46969440930572637 0.002578456487204228 0.011812500019709238
7 0.38006580108715843 0.47901675905155605 0.006452167843647438 0.015234098139365826
7 0.438796229244766 0.46733979411064297 0.002553267807546722 0.012877528930390847
7 0.41593834335694657 0.4673340211574085 0.0026588469271638937 0.012867198096844557
7 0.5690026139914084 0.4656514789596518 0.0026806271053708697 0.013693884380887145
0 0.43647311953303347 0.5132895937413451 0.03118519509689216 0.02120111330827046
0 0.4693382110648965 0.5282405192245971 0.023726644637501293 0.0319470113609478
6 0.8115858284301123 0.6120639980147942 0.029761056021769927 0.16504367206909354
