7 0.6526052330872911 0.46756642518272457 0.016382583026166686 0.03795623959548122
7 0.5078600059399954 0.4375779235842714 0.005635966015981597 0.03275435146929634
7 0.5653150491074099 0.4375533174836153 0.006362289410853261 0.03276543033411672
7 0.2623262012352819 0.48032049817554506 0.012361517460893867 0.026783263073697827
7 0.205811815406784 0.44629146788863844 0.008166685252999573 0.028794004249588778
7 0.23300175404843376 0.4522688601162416 0.007142614299930017 0.026089901913851854
7 0.1888465746709891 0.4679511016134745 0.018204475790832758 0.03762036873977659
7 0.3342065419966388 0.4397399738250741 0.007426589913129555 0.03176978938756431
7 0.2785271722064695 0.43976312641410087 0.008101834067175295 0.03175938401785433
7 0.7532186640473246 0.4374380207608239 0.029782353978393683 0.06462814767220837
7 0.663984318124404 0.4286186355737116 0.008527582918939292 0.036850578899093545
7 0.6880236166247086 0.4163853372430534 0.01017843925851758 0.04248311271549193
3 0.5007196544854775 0.5245717703558341 0.014693173178885244 0.027019494997028493
0 0.0015156310058544917 0.5693133972368472 0.0030312620117089835 0.05703746647396846
0 0.13374088374881396 0.8271629616056371 0.2674817674976279 0.34567407678872597
0 0.7976641382754297 0.5484991491210314 0.07513894189357784 0.03463135162015052
6 0.022628621666691502 0.5772159389948558 0.021033274643615058 0.09346752465494013
6 0.6368066578445339 0.5406493903612943 0.006424968968225198 0.01922674070685726
6 0.5980916406635269 0.5348960023036464 0.004141795219163136 0.03325387472549801
6 0.3334153658262672 0.5412415614449695 0.006367656260073462 0.019618806720948512
