7 0.3594952671236889 0.47447669798083036 0.005662687981793257 0.021861528547908737
7 0.33688725933018987 0.44945124698655303 0.005314492553038064 0.022047117648857195
7 0.34819201718035653 0.453093520149083 0.004849504924338499 0.020425706310895464
7 0.3604682624436248 0.492005341933356 0.006665244556958716 0.007867751105382015
7 0.3590138520432158 0.5160987882878645 0.0007803067137145403 0.0031149439031429305
7 0.5482931027494058 0.4754034104330298 0.004114863923572187 0.02068856877967651
7 0.4695735962357446 0.4592586855835588 0.003423993635942313 0.01750648991622139
7 0.5006626241177702 0.45929349485242066 0.0033225746508953047 0.017491247120023146
7 0.5452572582176448 0.5147265776387324 0.000864462726805737 0.002922095724098406
3 0.49448164188343346 0.6315896897750602 0.11568936338428037 0.21718264626559014
0 0.5417628814454157 0.516633608619401 0.028073426099234355 0.01481139861976788
0 0.25804550927509684 0.6891176017544477 0.225684047971909 0.29012177790757754
0 0.38884783645405685 0.5913576783130547 0.08129563991969646 0.09676878066073624
0 0.42713212459773037 0.5497200210213554 0.054215939719427175 0.07674561063316676
0 0.48659558307882694 0.8002827756664112 0.5402470693223188 0.3994344486671777
0 0.12029261069382884 0.672417379829485 0.24058522138765767 0.2510069330707215
6 0.6899840327418596 0.553568208978086 0.01196721388250932 0.07684124476875043
