7 0.49860969961774215 0.4801860074662687 0.0015578794492266401 0.008965741613752465
7 0.4986866256855779 0.4808264366382535 0.0015092591765242247 0.00868528206365038
7 0.5537233096916176 0.48686484337749614 0.004797172007995343 0.011941188912921619
7 0.5077846544594047 0.47749855424023746 0.0017769573927438609 0.010144158174316464
7 0.5258952528564717 0.4774972906565129 0.0018466393207445808 0.010144958916045776
7 0.7014189412696041 0.45750347086177845 0.016633979147501643 0.03737433175387156
7 0.5594968843963333 0.42794843112659153 0.006169738155218263 0.03227275954317299
7 0.6160828948251129 0.4279322479805126 0.006850030613863689 0.03228089331024042
7 0.6960658032757572 0.5288733068075712 0.001841458257105022 0.005332136615129102
7 0.30122921678960934 0.4699886906010282 0.011821467630058702 0.02650371525018591
7 0.25536197906556507 0.43641665005993907 0.007428123304300871 0.028432803813048135
7 0.277695611405059 0.4422747186862978 0.006538755257575302 0.025792670997476286
7 0.24428721377952559 0.457835344676794 0.017137603374791033 0.037072474124195676
7 0.38689001465705436 0.43003301679427985 0.006638123361604409 0.031324070235682344
7 0.3319929501439081 0.43004820594264836 0.0072733428450009185 0.031316421805065386
7 0.4340689960661827 0.4868883184392605 0.004840473536927514 0.011917823749802936
7 0.43805406157361726 0.4795701200812823 0.0018152552636266917 0.009234752769886556
7 0.4359033011094603 0.47884522470469426 0.0018849450180363214 0.009552467482863702
7 0.4333152800187915 0.49659380765363603 0.0035177664386565888 0.004303452577212652
7 0.8323200494588756 0.42839203720081853 0.030370760562970056 0.06296627475505906
7 0.7191176815408696 0.4192575050800333 0.009047361490115202 0.03623473842769298
7 0.7507252909446707 0.4074172510213653 0.010844380996716585 0.04166750715342654
7 0.8251730318927466 0.5467605537049887 0.003100623215450682 0.00886506577827173
0 0.5005345974516391 0.5178748844131518 0.01073609453431773 0.0172386545016473
3 0.5189181751632757 0.5110331114942905 0.01078039939555131 0.023465138295080235
0 0.5003605796614246 0.8038030359611736 0.2500641145037615 0.3923939280776527
5 0.8554199480446469 0.8036710450949336 0.22929263614182716 0.39265790981013293
2 0.020354787677371866 0.5197325850083984 0.04070957535474373 0.030026465109865175
5 0.519864631760028 0.5165312052082944 0.00502994994585515 0.015057312296089753
6 0.4773175618102471 0.5134165489602774 0.002013050907444136 0.016110262329299907
6 0.8506211396573962 0.5240830629158407 0.006344553706572942 0.032981520036529766
6 0.6241727977964697 0.5306770286477572 0.006070016578998083 0.019648126202684857
6 0.389376718943967 0.519569859145749 0.0034977559178389628 0.02659404647818464
6 0.9630249680264418 0.5237732599471524 0.00709079416964975 0.03253624554949952
6 0.1379908068104606 0.5641234558958301 0.01759208975098528 0.09072799885391525
6 0.8915694667290956 0.5655729590714491 0.018402509131063227 0.09222655128395607
