7 0.6688314075281823 0.482020523999626 0.00694830099600674 0.016284487115759638
7 0.6051968646193786 0.46988565657595766 0.0025029225091529606 0.013587135565510278
7 0.6300410224769861 0.46964263449321353 0.0026678315050470136 0.013695358966803128
7 0.6663380553967813 0.513250920950872 0.0007399009164933412 0.0023220685177838263
7 0.47239378118390174 0.4832102785140484 0.006242665709648598 0.015245675054381236
7 0.5309258659661551 0.47097265669443794 0.002493496811450613 0.013104284322760007
7 0.5078730929740585 0.4711954473759261 0.002569134851738153 0.013005167483747637
7 0.6859982211876479 0.47804702469844995 0.00855106990923915 0.019727427924785268
7 0.6697859897671161 0.46778308033846216 0.0030724242839622606 0.01452023376149475
0 0.5550229318069368 0.5194880067977232 0.030729011863250055 0.018095310077801963
3 0.5953654815530927 0.5099280361505641 0.009520696412303131 0.020553722346341396
0 0.5712551193673854 0.6724535891758345 0.1246725661025917 0.20379140250812522
3 0.5615304609460202 0.5138873619049004 0.009871330064404216 0.018473283357522963
2 0.5807343715680764 0.5095782983916544 0.008710215202987315 0.013487867992133862
5 0.6141269597669663 0.5310926005403678 0.010270015478633931 0.028439268916716665
0 0.541564131376497 0.5311376351739449 0.026221390092600827 0.033561250152384536
6 0.5160759838804174 0.5125714394409892 0.002041564645830607 0.01643152577895468
6 0.6269652735291547 0.5105289822496577 0.001657641699037038 0.013529514223874828
6 0.582393540902846 0.5213262852012499 0.00300670422309246 0.025916090509979006
