7 0.5441090236744678 0.48682136987639035 0.003815113997648556 0.009555660251097386
7 0.6145640118299684 0.4737669604936555 0.008809732834145101 0.020955220585863576
7 0.5344453285319657 0.4570871856379988 0.003300664993783342 0.01789153060345472
7 0.5661764744778692 0.4571652578634558 0.0035164317952858237 0.01789612510022842
7 0.37311230025073705 0.4776457779371168 0.007232709743797583 0.01702622484540689
7 0.35666326580708285 0.45942509612462623 0.0037653773314034744 0.016634623229046464
7 0.3566617079465514 0.4731769010985178 0.008946851302119418 0.020839589999392505
7 0.43689210677046886 0.4574950488965921 0.0034566479746548917 0.01758980876233135
7 0.4057364015200724 0.4574182024525504 0.003658366115993905 0.01758537365692664
7 0.6459301625895824 0.46671065165182 0.011656139999566828 0.02713244462161618
7 0.61787241226852 0.45470848785828116 0.004112310509827188 0.01905181239680953
7 0.6262388600905783 0.45158180779063994 0.004474476264094029 0.020454328849416448
7 0.6442418015788822 0.5184492655676418 0.0009821618823696587 0.0038526132798456514
3 0.5167656209375904 0.5065180500163693 0.008984674604607501 0.019811139830491653
0 0.5009434084405924 0.5561853584552242 0.04037533510373198 0.05830212564104853
5 0.5276378979319385 0.520940464142727 0.007525355875729667 0.021491816443016676
6 0.38154663038737796 0.526388107539983 0.005242242176883627 0.0371052939835993
6 0.5280678765876243 0.5146589952159754 0.0024713148468937796 0.021369940076919836
6 0.4249414194760685 0.5172483021163442 0.0037941820765451384 0.012737988065640415
6 0.43136183072194656 0.509323672208968 0.0020881750289591383 0.016532440159155004
