7 0.49860969961774215 0.4801860074662687 0.0015578794492266401 0.008965741613752465
7 0.4986866256855779 0.4808264366382535 0.0015092591765242247 0.00868528206365038
7 0.5537233096916176 0.48686484337749614 0.004797172007995343 0.011941188912921619
7 0.5077846544594047 0.47749855424023746 0.0017769573927438609 0.010144158174316464
7 0.5258952528564717 0.4774972906565129 0.0018466393207445808 0.010144958916045776
7 0.7014189412696041 0.45750347086177845 0.016633979147501643 0.03737433175387156
7 0.5594968843963333 0.42794843112659153 0.006169738155218263 0.03227275954317299
7 0.6160828948251129 0.4279322479805126 0.006850030613863689 0.03228089331024042
7 0.6960658032757572 0.5288733068075712 0.001841458257105022 0.005332136615129102
7 0.30122921678960934 0.4699886906010282 0.011821467630058702 0.02650371525018591
7 0.25536197906556507 0.43641665005993907 0.007428123304300871 0.028432803813048135
7 0.277695611405059 0.4422747186862978 0.006538755257575302 0.025792670997476286
7 0.24428721377952559 0.457835344676794 0.017137603374791033 0.037072474124195676
7 0.38689001465705436 0.43003301679427985 0.006638123361604409 0.031324070235682344
7 0.3319929501439081 0.43004820594264836 0.0072733428450009185 0.031316421805065386
7 0.4340689960661827 0.4868883184392605 0.004840473536927514 0.011917823749802936
7 0.43805406157361726 0.4795701200812823 0.0018152552636266917 0.009234752769886556
7 0.4359033011094603 0.47884522470469426 0.0018849450180363214 0.009552467482863702
7 0.4333152800187915 0.49659380765363603 0.0035177664386565888 0.004303452577212652
7 0.8323200494588756 0.42839203720081853 0.030370760562970056 0.06296627475505906
7 0.7191176815408696 0.4192575050800333 0.009047361490115202 0.03623473842769298
7 0.7507252909446707 0.4074172510213653 0.010844380996716585 0.04166750715342654
7 0.8251730318927466 0.5467605537049887 0.003100623215450682 0.00886506577827173
0 0.2834421062177024 0.548385093200392 0.09829675801520404 0.05023678076732352
3 0.5202084611860385 0.5119902931377363 0.011840262454197004 0.025661292338849118
0 0.325739466489947 0.5559871394514904 0.08806316912364082 0.058525253693054835
0 0.5003605796614246 0.8038030359611736 0.2500641145037615 0.3923939280776527
5 0.8554204177828668 0.8036636515484885 0.22928408406011158 0.39267269690302287
3 0.42785936768621835 0.5115245262571821 0.020674083877477767 0.01581098034964412
5 0.5223475251600664 0.5191445842300473 0.005928935876861607 0.017615094703108847
6 0.4222367066314592 0.5121552383281678 0.002209602125112564 0.01607147570668388
6 0.6672177418654461 0.5723648753863451 0.013624746281903022 0.0919061129365879
6 0.4861697361087938 0.5328781251586416 0.005160670426666125 0.01954175736632202
6 0.37186580736573643 0.5197538301294475 0.00404720319153451 0.026858483098677666
6 0.9630249680264418 0.5237732599471524 0.00709079416964975 0.03253624554949952
