7 0.6688314075281823 0.482020523999626 0.00694830099600674 0.016284487115759638
7 0.6051968646193786 0.46988565657595766 0.0025029225091529606 0.013587135565510278
7 0.6300410224769861 0.46964263449321353 0.0026678315050470136 0.013695358966803128
7 0.6663380553967813 0.513250920950872 0.0007399009164933412 0.0023220685177838263
7 0.47239378118390174 0.4832102785140484 0.006242665709648598 0.015245675054381236
7 0.5309258659661551 0.47097265669443794 0.002493496811450613 0.013104284322760007
7 0.5078730929740585 0.4711954473759261 0.002569134851738153 0.013005167483747637
7 0.6859982211876479 0.47804702469844995 0.00855106990923915 0.019727427924785268
7 0.6697859897671161 0.46778308033846216 0.0030724242839622606 0.01452023376149475
0 0.48026578360812816 0.5190267966557939 0.03110192915146348 0.01763714460085075
3 0.5943710917966026 0.5090184380283846 0.008408918709953195 0.018467354781787793
0 0.5712551193673854 0.6724535891758345 0.1246725661025917 0.20379140250812522
3 0.5628329690833141 0.5158260952332081 0.01622390711235333 0.02129016663274974
5 0.6141269597669663 0.5310926005403678 0.010270015478633931 0.028439268916716665
0 0.5002805189640025 0.5641325524709381 0.06074041100672406 0.0751423887385041
6 0.5160759838804174 0.5125714394409892 0.002041564645830607 0.01643152577895468
6 0.632395444212057 0.5120711893499611 0.0019032239058321965 0.01571540585281772
6 0.7016835325354469 0.5199789754045188 0.004254374115388204 0.026922422110362887
6 0.6923866256014325 0.5199679278836395 0.004159781624156311 0.026908514478704793
