7 0.5676850379165119 0.44628297571899433 0.01130266707288441 0.046935200251841114
7 0.5652503529501032 0.4834004326656722 0.013518581385872475 0.016568657961116506
0 0.6998510296750524 0.6053262699054812 0.14316853979110655 0.15120835317536185
3 0.10849376285239612 0.7189332444566671 0.21698752570479224 0.5621335110866659
0 0.5865085998682293 0.5804084201004838 0.13461186840590889 0.08346461660322735
0 0.6156461773714261 0.5675538427420699 0.1214341933715195 0.0672008553894835
3 0.7326736865236583 0.5684311545871066 0.13777004945183535 0.1007838694584553
0 0.41717280059853923 0.5820504606482302 0.12172905405248619 0.09397198119904537
0 0.8399481221879741 0.5628060455344099 0.13192197783185777 0.06985289532114691
3 0.2171645287088565 0.5857991333482847 0.1779452998261373 0.1416821464044622
6 0.7867475517525531 0.5373637401473299 0.009627122084228557 0.05291866443813742
6 0.6516007968680526 0.5403387544360088 0.009777133078156863 0.05870092461788612
6 0.840114266925506 0.5388135748226854 0.010581629555087568 0.054433736855617254
