7 0.717745793026183 0.48203336939708663 0.00653743421010311 0.015010410465641
7 0.6574972238576756 0.4712381573179177 0.002260927132113233 0.012347852754538424
7 0.680799930235658 0.4708765736573184 0.002423368121068137 0.012507356115094626
7 0.5366571261684141 0.4837546121881747 0.005542404975733661 0.013528058680778166
7 0.5892331922403555 0.4725846509278979 0.0022965016296332408 0.011754355571091113
7 0.5683849932414311 0.47290471963812064 0.0023323586549327535 0.011613370196038975
7 0.7206895571578703 0.4676679865138727 0.002948264166884762 0.013924572958998183
3 0.7475598318604876 0.5132111108444602 0.047084631646128416 0.028083251964800215
3 0.36303516597731844 0.6200235951344162 0.15133049652415542 0.19180150006888042
5 0.6527447078787489 0.5096724509403276 0.0032183933945237886 0.010125558664765388
1 0.6225617772617291 0.5015848047249303 0.018749991764535956 0.03276710835761676
0 0.6261861422272536 0.5243764888389504 0.016902323181668732 0.025042425865666518
6 0.8921204628920463 0.5559509115741395 0.01664282828133745 0.037737961682761
