7 0.6418306509984555 0.4587941470216307 0.014854306141202867 0.034856209741721655
7 0.5088568319811212 0.4313334821232351 0.005161511491992732 0.03002010757602286
7 0.561588741247574 0.43128902096360233 0.0057562134258749564 0.030039622557731016
7 0.6367441662077424 0.5253887638134628 0.001611966852745561 0.004971556160783486
7 0.2295498984165664 0.4388912990145444 0.007225449066136147 0.026611159639923387
7 0.21637293571053118 0.4592379442776826 0.01624545782757006 0.03447940913491082
7 0.3493193513888864 0.43323700534369125 0.006610205190218932 0.02916086850520827
7 0.2982224280151913 0.433278976708258 0.007156521015012296 0.029142486771857545
7 0.7219718778874216 0.4345088757437465 0.025172205954504756 0.05613271352600463
7 0.6507447817626807 0.4237576232684857 0.007503733285197933 0.03345671281663698
7 0.6703470207873445 0.41372725140881383 0.008775706407342376 0.038036291713215264
7 0.7173695718300159 0.5402950715446657 0.002301282457487397 0.007911460121439173
0 0.5019462543834592 0.6430255444150024 0.09837122978324031 0.1663589073925943
4 0.05640085089612999 0.5411349366223057 0.037502054708711235 0.049725786859650456
