7 0.29774413962845914 0.4620961456916244 0.010009957782931955 0.03272487082893222
7 0.23922155225977354 0.41708868279406264 0.009972720102258997 0.03657294784066689
7 0.26848974041269413 0.42646292874449415 0.00851713693852002 0.03231856080159079
7 0.2985761126957813 0.4881209290331875 0.010237459613016753 0.011724547966588894
7 0.576167339109851 0.464231027417561 0.006523567658741958 0.030295526636196612
7 0.46175829351816267 0.4407061909414794 0.005084456380733571 0.025633714097935467
7 0.5070048536549869 0.4407371911615614 0.004857108383814923 0.025619894527780407
7 0.5717636266132435 0.521399474709735 0.0012901123946633675 0.004254761894599279
0 0.32416987790287116 0.6538910592516192 0.16094560425902082 0.1898423187911562
2 0.5001440872701304 0.588360564228227 0.0913003805330509 0.14949269827621225
