7 0.42621038761654084 0.4806299864843179 0.003247494739450907 0.01528454901427706
7 0.41943666324368256 0.4649974992739735 0.0031288562757378346 0.014555569865563889
7 0.42326918558200993 0.46663886297982465 0.002956231357532757 0.013830579837731283
7 0.4271707392355 0.4929497734278039 0.004517052627611318 0.005516000485291939
7 0.5588441410325486 0.48096483099300547 0.003021742135668304 0.014733793040782317
7 0.5026619418433494 0.4694899365677554 0.002364217811047009 0.012442153636462394
7 0.5248375330783633 0.4694969264882377 0.0024587680487757613 0.012439063471659961
0 0.5020377548430857 0.5347504264401688 0.02518914120732252 0.033670189956210406
0 0.5365899546932791 0.5271517307891394 0.02115155381104128 0.030734017062073682
0 0.5459392371072731 0.5369392094072731 0.031001114373114924 0.03590342803172131
0 0.5022358850797073 0.5379337190217544 0.031682670157367865 0.0495060951840659
0 0.5536162355540584 0.5221788052272136 0.03375851622930559 0.025282482062595424
0 0.5698370612257773 0.5502264839346299 0.04787094218061949 0.07172288553636652
0 0.6412714181033314 0.5206813658624719 0.04481386437960322 0.02197774663266272
0 0.502168974313603 0.6147694960105428 0.07714019495200053 0.11663111718219465
0 0.5012548015681036 0.5190801493623574 0.015213127108100466 0.022631442171294647
