7 0.4008340483525521 0.4429106089364597 0.011954611701302131 0.05232446722949169
7 0.271671847432045 0.3929195305660321 0.010091377008127622 0.04937997182556142
7 0.39820511451511587 0.48410204683206604 0.015120682869895707 0.018438570519767217
7 0.39334724017436157 0.5402039650728553 0.002262722961657304 0.007348557009572376
7 0.03176342557832886 0.422943884410354 0.025613135375272027 0.06999381947135297
7 0.028725872664543448 0.5518073621368913 0.00346937624247054 0.009888663682959042
0 0.6275210311421485 0.6761528942342988 0.21871692600982828 0.1911010269828466
6 0.7639334817977212 0.6374876615898495 0.03262851314917814 0.1908729983183245
6 0.10996926903679724 0.5564576654785103 0.013619160900621027 0.0792139888274127
6 0.895830557427095 0.5294912671205749 0.008067372202000267 0.040844258673713996
6 0.47961100015462066 0.5568146860500145 0.01019676141471576 0.07212383356787477
