7 0.40108989878784995 0.4790264217133976 0.00444316623864871 0.01950021362303772
7 0.3885524067702084 0.45760674620320896 0.004308567684805142 0.01925723294510817
7 0.39522732110903924 0.46041141125061547 0.003990980459512572 0.01800852355314353
7 0.4021923076177937 0.49469360186553313 0.005822604432963896 0.0070257454512726025
7 0.568823666324846 0.47972543236247034 0.003990820950338203 0.018559736254474768
7 0.4982851090300287 0.4652388059585323 0.002974992133854659 0.0156994016328435
7 0.5261795792040357 0.46526738774769927 0.0031214932256398153 0.015686894032527265
7 0.5661142915378565 0.5150668299266554 0.000796356357071315 0.0026255783145413547
0 0.496970324287082 0.5648482655869078 0.044698441316015025 0.06274503825642797
0 0.5230227341039964 0.5233291727998113 0.015013448534242468 0.022929678373261098
0 0.5659784030598747 0.562715338668779 0.05276162817514363 0.060301143712777394
0 0.49701817181705854 0.5845055832032013 0.06773002239479253 0.10984569818860146
5 0.49657971578305005 0.5241397832933672 0.006952846576871341 0.021218639765194003
0 0.6455665428179812 0.5281839070990441 0.050254241209921835 0.02602299017787968
0 0.6673874342341655 0.5228797844640883 0.053626842529879704 0.032428833387904143
0 0.5932828622875128 0.5768131853718254 0.07429923414473139 0.10500675521724823
0 0.49776787305229575 0.6539053794746217 0.10291717332618999 0.16233781375586953
0 0.5008647192943947 0.5202797924906575 0.019567026654766395 0.020428055795723155
