7 0.6168594668817763 0.471533706702285 0.007125199438662966 0.02892023229311197
7 0.5510564827173627 0.4491046660538442 0.005009294739659609 0.024455163426938653
7 0.6153991887712684 0.4947126134035065 0.008607416173348925 0.01028287896070601
7 0.4563985185936268 0.4704298881236343 0.005513561807571954 0.029359338631007703
7 0.4501846142755481 0.4323415464704763 0.0064131367503261205 0.0317424935292519
7 0.45498650857427525 0.4395310155438721 0.005721941645424 0.02848722302563983
7 0.3882937676500412 0.42342478031617004 0.016792387962507982 0.07257766605633148
7 0.4195646957409118 0.4168185609961501 0.008211801433641974 0.03882108994296063
7 0.4072384440104423 0.4031188156267351 0.009692313413977971 0.04512470577531752
0 0.6237041229161988 0.5984041177633436 0.09118551051240964 0.13565522068576175
0 0.8394856864293166 0.8219623286510058 0.3210286271413667 0.35607534269798835
6 0.6731005826414599 0.5415803710623175 0.007396173329075717 0.0477095089853764
6 0.8630756485026068 0.5296716115354105 0.007141797702066022 0.03624298605577936
6 0.7307450051762422 0.5483109978911207 0.009539876925805713 0.058900365674452004
6 0.9540781551376677 0.5873012555954141 0.026240426986652965 0.05589977440040328
6 0.027019049225817462 0.5579644555092497 0.015241675984442017 0.07013237233795389
