7 0.6055817879274057 0.471445955997856 0.006337832931187615 0.026512407093834234
7 0.5451375923102955 0.45085092692825823 0.004561489839642441 0.0224254458429608
7 0.6042457571754918 0.4927228648010544 0.007858160642612466 0.009442003195257398
7 0.4582247891164822 0.4704352190387404 0.004989081771822668 0.026908454459635467
7 0.4535340086528543 0.43692563045975286 0.005703669510711884 0.028426231640434618
7 0.45743166802425056 0.44278331202194743 0.005149792956173571 0.02578715950960747
7 0.4060871266189845 0.4348471356667266 0.012982686626059448 0.059261047513365916
7 0.4275974410275283 0.4246720689958056 0.007091906074325138 0.03397870504503386
7 0.4182912930568524 0.41429815133988857 0.008174899565022653 0.03871301499269514
7 0.40678975971283554 0.543692949955223 0.001804383809805965 0.00811849123212216
0 0.4323437128902796 0.5447822890555252 0.07931559372148805 0.03789289384292138
0 0.75718422621054 0.5466371066152651 0.07715963746528787 0.04767423160052342
0 0.6821367884046918 0.544761932805726 0.08586665219547751 0.03785076243242946
0 0.7243840996434185 0.6860289902618291 0.2265972749118944 0.28233629784004943
0 0.8356975583740106 0.5396265110185262 0.07849327463535816 0.035758127591703825
0 0.9119360484365153 0.5398435574062885 0.07291003598956858 0.035408517524027405
0 0.7709431781989142 0.5366471430637769 0.05732126499870982 0.03248270491114724
0 0.8743869111407209 0.848073541137266 0.25122617771855826 0.30385291772546796
6 0.6533897615106943 0.5319058865694537 0.005742349350853271 0.03903576058714375
6 0.7203313221124135 0.5666997464389913 0.011347769647425676 0.05439433537439686
6 0.4172402627051991 0.5247128305160924 0.004489758236570107 0.03310494806378994
6 0.10381515548737119 0.5253418716847942 0.006920749069003307 0.03400462773865409
6 0.6409040170482653 0.5298282255978009 0.004292919509661264 0.03648095064796786
6 0.29555162475866703 0.5701767226584484 0.013063532199861783 0.08808906048078058
6 0.19161591556486884 0.5721279727162878 0.015612778144110856 0.09089046469993345
