7 0.4734353444490935 0.47960833101180084 0.0018670262853694997 0.009398192397894634
7 0.4743793779034014 0.480311721053758 0.001803374237766664 0.009090493756841345
7 0.4648668794330446 0.48613111420328015 0.002432868321689763 0.013004166864691913
7 0.5317917647696455 0.48953924485448364 0.0018574803570736709 0.010244086501262462
7 0.5079686116282205 0.4815659567329831 0.0016476706919282824 0.008640948311179397
7 0.531305548474266 0.49784285665363914 0.002959026388899 0.0036926866961218274
3 0.3144729770749831 0.5111630586754694 0.0336514708418964 0.02032388758925363
3 0.5036137302839729 0.5201486956107094 0.013498441112676729 0.02723382267275798
0 0.5070964224706023 0.5138602676336006 0.02288441830594351 0.012315410166605534
5 0.48287938655587515 0.5185103275488883 0.00567876032703607 0.016583187456185255
0 0.559253994440789 0.515623166541111 0.011073485046068754 0.011639963773759199
0 0.32619256647136385 0.5142674135902064 0.0195126836244795 0.012615221927205322
6 0.5579105224012076 0.5127574012208569 0.0020098198011737622 0.016324323037043675
6 0.1538010231659278 0.5340837658663505 0.008930532826496168 0.04666311536507628
6 0.5232156050231377 0.5147843680997 0.0023315089380102627 0.01733812585286687
6 0.7499111376399741 0.5648291337784432 0.015406757620905265 0.09067487512362116
