7 0.4545002249262382 0.48159421245644674 0.003051902959676722 0.01592502935422274
7 0.4511207930055614 0.4651154654074502 0.003113067894729926 0.015246830392706412
7 0.4535666482990982 0.4669156398735561 0.0029406570371836582 0.014453210547822282
7 0.43038833482228345 0.4729099007902147 0.0049102754483290045 0.023533503573289427
7 0.4377547316838195 0.46180063089505285 0.0034850280782090515 0.016710863251795216
7 0.4339095167380485 0.4593819884517325 0.0037286418631552465 0.017780908420722386
7 0.5430951433005209 0.48207784467610537 0.0030313905260045404 0.01579841169261098
7 0.5065443510449432 0.4697903756873312 0.0025450440440419886 0.01333884482034825
7 0.5423371202351008 0.4948389388946576 0.004574346766589077 0.005670753844166876
3 0.18292350668204096 0.5168039799042217 0.06110134649620941 0.03427985735630873
3 0.5000090680286768 0.5539042773853402 0.0390415797928117 0.08038845676534823
0 0.09295267255284265 0.5217364593148279 0.05145744804110976 0.021384092995253234
0 0.5000226832729929 0.5381851088630103 0.02857942854062273 0.0385452691633249
0 0.3774963265818564 0.5254263758300105 0.03632196194339682 0.0257231378032583
5 0.4574694952437684 0.5367277034842706 0.012745182062469662 0.034892934060485215
0 0.532130522268621 0.5198827559157244 0.033558545511733096 0.018258391296063436
0 0.20890094889861816 0.521479071686128 0.03502798741424537 0.020896800341591915
6 0.5750875363003177 0.5193155583922627 0.0033426983711486447 0.025724613597172707
6 0.4282264787488127 0.5228596511951831 0.00408109286087166 0.03213966511023669
