7 0.4406312608716907 0.4770421954626043 0.004201712733985452 0.020859929964782087
7 0.433429021409402 0.45356260199398934 0.004366875120831393 0.020848279726662478
7 0.43791459883398104 0.4568381699206994 0.00403643643249918 0.019392417707667975
7 0.3940785330207174 0.4597795635413362 0.008458031271071531 0.036176982199987384
7 0.4122223685941919 0.4471992873342876 0.0051232382643957575 0.023685287269073207
7 0.40432440151173066 0.44226415257989393 0.005661762752018962 0.025893477012975674
7 0.5560665413095096 0.4777341145343462 0.004149260563219737 0.020643079333308
7 0.5085123240459675 0.46169642564663893 0.003328496597359898 0.017437893560083573
7 0.5550675484681764 0.4943586972639711 0.005992259005696443 0.00738308790678005
7 0.553036607180411 0.5170032711878133 0.0008665555816955717 0.002918804743961001
3 0.053233047160703664 0.5249795760010543 0.09265201571104728 0.04863790252956879
3 0.5000005777019997 0.6037033952622407 0.07571681527008506 0.1583964236363551
0 0.009568287301057746 0.5309821585937198 0.019136574602115493 0.029595706966543234
0 0.5065081179468492 0.5425910967139658 0.03669753107569895 0.041960492271399086
0 0.49999428125581336 0.5579053758970909 0.04251318225394907 0.06615044812931636
0 0.0686460728314393 0.5962864377370896 0.1372921456628786 0.11035967567937421
5 0.450158686976222 0.5434928453803761 0.014622960309730537 0.040412574260941136
0 0.36787682066739746 0.5276318448497239 0.04808163701862722 0.024993407393765987
0 0.09849277698725498 0.5308710630917146 0.05227834567234861 0.029175105027619108
6 0.6455638033848097 0.5343282573655859 0.007467487418776897 0.04717981503148094
