7 0.32456670924806563 0.4763458874078094 0.0018908424343692665 0.01005596446092849
7 0.3250621094589966 0.47710840827020606 0.0018262226219338262 0.009720747961497744
7 0.38635879873838574 0.4842549234957785 0.005282263804311904 0.013013740863887013
7 0.3337495268920121 0.47328426440294724 0.0020927289409563565 0.011404117247958312
7 0.3548717769978423 0.4736046830663172 0.002080101848969229 0.011262802096478397
7 0.5360232522335272 0.4498823272802525 0.017605158578341662 0.04309467890616836
7 0.36889756079349023 0.40686716573920756 0.007582902581501572 0.041534484226494695
7 0.4397953764413657 0.41075972704441277 0.007953650419814107 0.039721958932182944
7 0.5303610255873878 0.5313808872508414 0.001961861578129498 0.006131492496410873
7 0.0035404988345120827 0.45448392996146725 0.007080997669024165 0.03901948783544068
7 0.11143756038156002 0.396375029797638 0.01285065094955451 0.046448906174028415
7 0.011635046338103496 0.3910792344302363 0.015689690263924742 0.048945228096934856
7 0.24217535277396612 0.48296890833111694 0.006423308546496503 0.014124097209785524
7 0.24915252780858416 0.4745750420208723 0.002414611109429282 0.010835498105924268
7 0.24570411483178212 0.47362606560823645 0.0025246745608674404 0.01125364809600471
7 0.24127117089491087 0.49442896748352516 0.004651508216670264 0.005092339093938858
7 0.6837871056220934 0.4112086980906017 0.031982827308420836 0.07797458670881635
7 0.5552528947902065 0.4047627111728199 0.009690890204280933 0.042516242206770916
7 0.5902557784518656 0.3893582631025431 0.011687761426748322 0.04975722120129655
7 0.6755098202951269 0.5546491507478671 0.003425570548459267 0.01079625226163472
3 0.2347692074600486 0.5090399515146338 0.03339274747527721 0.022103365085824056
0 0.012883201339859887 0.5531073924479533 0.025766402679719774 0.05454729119965751
1 0.3928895307055499 0.5016983155162973 0.04882605245405852 0.0351874282915704
0 0.33053218912281046 0.51404752872764 0.020764913958052966 0.013482176667846346
0 0.17250178483354267 0.572190593833134 0.09305505195698749 0.10148614210103002
0 0.3252981097224618 0.512754080320535 0.022560192732117734 0.013885687582828932
6 0.7639958653005167 0.5197987851782386 0.0052323637472091455 0.02896198182987042
6 0.14298886379242254 0.5269766117630537 0.005705316627908408 0.039223831447450785
