7 0.4175144768955329 0.4636297069114006 0.006348602273981818 0.029181490371761154
7 0.40021311601439524 0.4257857968581077 0.0069071585896282595 0.031504648310956396
7 0.4100198679713869 0.43291761165213727 0.006123117503824993 0.0282955447729068
7 0.2964461449181628 0.417095801878689 0.021358682743968016 0.07149643596045846
7 0.3590485501701117 0.4104302283209881 0.008930567641375231 0.03846389054632726
7 0.33737007700386756 0.39692029631117887 0.010647231900257237 0.04464262805738378
7 0.5775374456520584 0.46471900814838524 0.006210441887964491 0.028758505040441307
7 0.5117771306919665 0.442421396261609 0.004644166738262734 0.024318840370029626
7 0.5761156278509255 0.487761740442791 0.00837942749802445 0.01022151753379874
3 0.4996250813698818 0.602351401734658 0.07794379049838479 0.16342359580480847
0 0.7767788986765249 0.5439245329996529 0.09564704595233275 0.045732167665368695
0 0.5740616843908483 0.5550736255779227 0.08579908628452593 0.06678955591774238
5 0.2761268311047624 0.5413042068660829 0.03529962927001229 0.042320917693896454
3 0.547936132829161 0.525209930052609 0.08469649534793822 0.057391748688497835
0 0.0202567725758872 0.5353437536323888 0.0405135451517744 0.03624747981583265
0 0.8178949401169667 0.5396217596265551 0.07584661008726634 0.03931335150964421
6 0.667679845317674 0.5652711700763975 0.015244273175391676 0.09749966717900493
