7 0.44901462333402853 0.4762506985765219 0.0035177844395754554 0.017965410714395946
7 0.44423491075371674 0.4569904558080425 0.003613868069316406 0.017506509526592606
7 0.4474335373534599 0.45934139141382996 0.0033839885238727274 0.016468279894538917
7 0.41695941183301877 0.4645041839862952 0.006174935156368022 0.028278165278999956
7 0.42791944389052183 0.45256792920548894 0.004122078155536002 0.019464197005837847
7 0.4226584980623047 0.4492616740984784 0.0044658906325560355 0.02093125412949076
7 0.5487316722483322 0.4768135839002096 0.003486012417086015 0.01780605836088578
7 0.5076155182424449 0.462972805063052 0.002869206457268736 0.015037711222927408
7 0.5478714537096295 0.4911773117157025 0.005161011697434548 0.0063809221876443
3 0.4134101489269723 0.5607550901429341 0.06782806654784035 0.09984515371106095
0 0.16092620410543346 0.5211732929918592 0.05295578034482984 0.025751078607455513
0 0.07932288674929978 0.5232929746250514 0.04716361705705229 0.025735783480502428
0 0.22880530773157776 0.5203404812266292 0.03719526888795163 0.022102438375126487
0 0.1412628386072472 0.5242715820684122 0.05393548150694863 0.024054460021842416
3 0.04549852061187924 0.5923134288880112 0.09099704122375848 0.14736783458363056
3 0.03960300879279403 0.512683532981424 0.06418626376160837 0.03588951051066208
0 0.02386596165679866 0.5252527209675137 0.04773192331359732 0.027754370367219505
3 0.3652135792934932 0.5173755263334638 0.0416120739254191 0.030366314315331988
6 0.5339649375818063 0.526577512829774 0.004724858077150174 0.03795599776557257
6 0.5689449558029724 0.5178151868731344 0.0035392138998758815 0.02648186877095593
6 0.13450569265025825 0.5237333477713337 0.007544873569342553 0.037943382035919515
6 0.29929052083491625 0.5172237135240964 0.0032905756803374153 0.025717995535020854
6 0.4451555686998526 0.5326726974645217 0.006285051366301531 0.023166139167716593
