7 0.49088352262081 0.47948295074106745 0.0015393754892397693 0.008856266233305599
7 0.4909630838768638 0.48010888028414306 0.0014918918637619183 0.008582533123453695
7 0.5451417075185541 0.48611969533726396 0.004712393362380274 0.011758140634370862
7 0.4999157638178411 0.4768679328827641 0.0017507522026433686 0.010001249055187622
7 0.5177593051622841 0.4768788606773495 0.0018163931853043547 0.009996548107548853
7 0.6838153001782277 0.45853424595380693 0.015647627328058467 0.03559190731070938
7 0.5488243161209471 0.43012708286944257 0.0058539503506216395 0.030829551192075866
7 0.6027465054906755 0.4302260839653056 0.00645305062561663 0.030784980192039346
7 0.6787240251822348 0.526513325976691 0.0017280188176509448 0.005077054838999451
7 0.29812776756847614 0.46974792974667007 0.01155059401161529 0.02585822985749542
7 0.25480489984336663 0.43737817216245767 0.007156987233311762 0.027551920268816976
7 0.2758906687364153 0.4429053255993128 0.006325795219317865 0.02506586177732406
7 0.24498842319229847 0.45829344328641486 0.01655085841656298 0.035797193889729184
7 0.3831175393646268 0.43170038737121186 0.006357712120363124 0.030116473933689214
7 0.33003527914109054 0.4316055046556905 0.006966703021748455 0.03015913990287672
7 0.42708294020320703 0.48609537338068043 0.0047894929245081985 0.011777866050905805
7 0.4309685829961641 0.47884437278941006 0.0017963691859469444 0.009135363019862952
7 0.4288597155320271 0.4781344024426899 0.0018645764375437857 0.009446131733247098
7 0.4263346621739066 0.4956858608003054 0.0034819775717445656 0.0042530765847798024
7 0.7984847520544904 0.4328773638652985 0.027340219212954264 0.058069464962436645
7 0.6993868008031268 0.42255438676915635 0.008371076089300433 0.03426939024868686
7 0.7274323238988316 0.4120069101688435 0.00990940832431253 0.03908955199832753
7 0.7923057513140417 0.5421984878262565 0.0027383001374980953 0.008179435517826295
0 0.04338845904534506 0.5393203081985476 0.08677691809069012 0.03434778272267269
0 0.4929913887346505 0.5156543057189593 0.009935919636077428 0.01591276841060585
5 0.6394947777054538 0.5456653512631824 0.040975072332830265 0.04803255096257908
0 0.4925996012511436 0.5168587099876543 0.012291360080762481 0.017039625984155204
3 0.9203525695134311 0.5399469494646543 0.09852466563322204 0.06088946731380973
3 0.7220595465198649 0.5274744712386452 0.093902474288309 0.056657016548552985
0 0.8204677908251579 0.799380284242079 0.35906441834968417 0.4012394315158422
6 0.40968758538561356 0.5119051300384394 0.002144910931126398 0.01707881627536101
6 0.516204581417458 0.5123561602666924 0.0019186797592571914 0.0159685508649271
6 0.4227738259176109 0.510028641474862 0.0016728579518569542 0.01301789103270512
