7 0.5898921772072767 0.46417411109742984 0.007078751895258306 0.031925678989780715
7 0.5170586522798675 0.4395108645885373 0.0051543602864657645 0.02697295816771994
7 0.5883084861999883 0.4897095939936742 0.009328159562050575 0.011323074936546051
7 0.5852529040895784 0.5244058386670538 0.0013735513552981526 0.004485905897991249
7 0.41278341504399174 0.4630161306418479 0.007216333800943664 0.03235447203936881
7 0.390285333421561 0.41878400592251663 0.008020588546834684 0.036029450340443636
7 0.4028632272678896 0.42790474550036245 0.006986372371971805 0.03189332878810258
7 0.2408214181203218 0.3964744229667585 0.031511993570935315 0.09400594640120807
7 0.33847144224394987 0.39829032289196764 0.010825879264291016 0.04540960869988214
7 0.30769322346975225 0.37915812788389464 0.013411582437386882 0.05427476158318412
7 0.24659879446586033 0.5645252829006029 0.003877714385047637 0.012567124821363462
0 0.06145466559100028 0.5430203752163434 0.08242133743871075 0.0397252947248844
0 0.15773459626406855 0.5930118848854399 0.17730038929753827 0.11636895741039899
0 0.27950901230728376 0.5426841016259248 0.07761131183469822 0.041569475035876824
0 0.0926307558134705 0.8546114464541269 0.185261511626941 0.2907771070917462
6 0.3530001549291827 0.6015066222955372 0.01979499921619382 0.1404051936807672
