7 0.28699899778363525 0.468300509308859 0.011151255467182541 0.03502618397281487
7 0.217877670968324 0.4182275930872898 0.011333051915031978 0.04002740057585541
7 0.25263780152677406 0.429304469985716 0.009518219096248948 0.0349882770027079
7 0.28765785015698464 0.49611286811106614 0.011030235260528931 0.012553807021715935
7 0.2852565919668179 0.5344742229166082 0.001475377327813776 0.004988462727525733
7 0.5845642281095675 0.47091973369829 0.007096557780367885 0.032400343223411066
7 0.4624203617546384 0.4457610727330734 0.005470108042899435 0.027354944497881117
7 0.5106814118634887 0.4458022034933609 0.005187647564445452 0.027360348670243395
7 0.57988724428579 0.532003317791081 0.0013889986117818776 0.004552986153049221
0 0.9353554151659734 0.5756646288114862 0.12928916966805315 0.06575292176741276
0 0.9517921534104998 0.5580085710878533 0.09543554313963487 0.05171328925301755
0 0.3261823288512834 0.5585522222342316 0.058618842968164664 0.05206383063653719
