7 0.7085728889300231 0.4564122876745239 0.01681990686433954 0.03763564976155648
7 0.5655405606265952 0.42690577667123525 0.00620034990394025 0.03239213476087888
7 0.6224614505875149 0.4267934742884154 0.006901523113307162 0.032443363040026985
7 0.7031504618135682 0.5282383477802006 0.0018616047943216252 0.005366040485512591
7 0.2621377703413712 0.43589559631697894 0.007355899599143789 0.0283289871802615
7 0.2842910805733846 0.441728587351108 0.006480647323229949 0.02570745572988503
7 0.25114870220360125 0.4572085450349824 0.01696717776752779 0.03693900056004645
7 0.3928180217139474 0.4292905755975207 0.006613944382891146 0.0313112592750216
7 0.33817033069065155 0.42939532466315083 0.007228912959834077 0.03126354952906685
7 0.8418306480099055 0.42663403930616417 0.030939880766736705 0.06370143315543292
7 0.7265509181399962 0.4178366601687993 0.009160697529662754 0.03651590876568278
7 0.7586666709111602 0.4057756635191929 0.0110007460370104 0.04203887419046454
7 0.8344989646851272 0.5462644116870937 0.0031599189459845523 0.00895798575463691
0 0.07282563644201018 0.5419467529747196 0.12209699622848458 0.06342172204514163
0 0.041516327149175344 0.5561833721755609 0.08303265429835069 0.055045037488361315
0 0.7805360735859945 0.5364494497270453 0.07472369669575141 0.034827915288
