7 0.5872539938654107 0.454861652317339 0.016134459629674747 0.03878501568561016
7 0.4406579998420802 0.4193675794444096 0.006679543455629933 0.03580309049154995
7 0.5014368581957185 0.42142307888205743 0.007114243406031451 0.03484598351745061
7 0.5820906195428235 0.5285196679440411 0.001795986896425572 0.005524979375418182
7 0.05552019335414741 0.41807354711701405 0.01154500411799457 0.03648478773698105
7 0.09248527086274695 0.427107523542042 0.009756288619216263 0.032337113920302696
7 0.03298668551820888 0.4441540422829058 0.026766502680636052 0.0484638350493542
7 0.23430054600716893 0.4150727191719151 0.00904853366886152 0.037825863551369576
7 0.16065729480675595 0.41265890468235567 0.01054056542944623 0.03895612806346288
7 0.7172105230959027 0.4240702547652624 0.02831658270607451 0.06606118248718085
7 0.6049951995394532 0.4150552653442767 0.008804359177280618 0.03775006762972399
7 0.6364401346339366 0.4025728654964202 0.010486255823954238 0.04352396522637203
3 0.7707429249893182 0.7791928264747197 0.45851415002136364 0.4416143470505607
3 0.00084249107885828 0.5407967653911336 0.00168498215771656 0.05922717923865606
0 0.6518100554235217 0.5352640234990433 0.06636729820608234 0.03473181805740089
6 0.31560223557986683 0.5275291703208332 0.005215773898637477 0.0367743675958605
