7 0.518187233579301 0.44721116871932526 0.01899377901840482 0.046731636469479865
7 0.33358971090728995 0.3983763152296014 0.008302891840014037 0.04618312048904982
7 0.4129013934095763 0.40360701453439457 0.008671148063457867 0.04372440177384174
7 0.5120782868122286 0.5353802103570334 0.0021188914950576176 0.006647527299544764
7 0.03430771816510281 0.38314123019522817 0.016256870255742094 0.05340357745785257
7 0.6863219928593015 0.4000524679517034 0.03614368688676173 0.08975709397261011
7 0.5391309259726109 0.3973308906952133 0.01057414218413033 0.04667862513739712
7 0.5780466559409143 0.37892619191128696 0.01294218691396587 0.0554250686823165
7 0.6765671894236082 0.56382526655845 0.003955688241061184 0.012362273771399424
0 0.321805529891516 0.5352299281031696 0.025884223133977424 0.030633161600947978
0 0.1954063306874483 0.5899859559240002 0.1467361514489151 0.09593625295273445
6 0.26093400691528096 0.5407483239404604 0.007625610804478766 0.030452701334499288
6 0.021176239440932266 0.6692609208443603 0.04235247888186453 0.22000739474603337
