7 0.6159374300513836 0.47501648211817155 0.008619753669546149 0.020538524854307183
7 0.5372837564515397 0.458920780982376 0.003215141366792462 0.017519062222544846
7 0.5684019112963465 0.4588943291945685 0.0034244922627837404 0.017531809424914335
7 0.37899856563935297 0.47946754799133273 0.007068293284896943 0.016692368907369415
7 0.36323334460222634 0.46173009760238853 0.0036556898466120757 0.01626880893896776
7 0.3634124917333329 0.4752164731268241 0.008703523011714343 0.02035004941082108
7 0.44176258669924817 0.45962324306216085 0.0033607046044715205 0.017204504607896298
7 0.411305650628376 0.45964868750389787 0.00355296923683307 0.017192231861180962
7 0.6459231296006684 0.468176202339631 0.011333497708444829 0.026445485631154397
7 0.6190067214068138 0.45637135471080514 0.0039979664549569804 0.01865332465839592
7 0.6270215666238462 0.4533520933679004 0.004341616185375541 0.019996370244188044
3 0.5044470178445435 0.5123889434223381 0.013484456363384134 0.030871430583311266
0 0.3791117268350196 0.527268576416309 0.04147731952795536 0.026303763757006937
0 0.48524595510598045 0.5133473349242039 0.011362788310871563 0.018608687300609383
0 0.46800058851467297 0.5140350184929723 0.010875511874610388 0.01440012566417559
0 0.4658362476060224 0.5159117118072492 0.009073930906811467 0.01386539700754763
