7 0.56693317621806 0.47126432651549777 0.004997169735061036 0.024085590844539373
7 0.5116453173015714 0.4525631671696082 0.0038865280058842933 0.020343112112631123
7 0.5657537962339132 0.49061132338803043 0.007003634984494633 0.008592440631853604
7 0.43264984834382386 0.47036915027393256 0.005065163787014604 0.024359874611746768
7 0.42182113678785305 0.44115768334609196 0.005353976914522385 0.025124307170005467
7 0.42821617351205643 0.445876974952487 0.004867633375252811 0.02304022854497223
7 0.43258135360796995 0.5166489537037743 0.0007382294817767088 0.003466819047915237
7 0.3622620984479034 0.44327882766198995 0.012322570055025683 0.048164482333400205
7 0.39347748276411487 0.431605990685205 0.006517800400078322 0.029358506985987354
7 0.38116807707389555 0.42382819741691435 0.007405236367585943 0.03282756578809959
0 0.37720819608742284 0.5964171694577766 0.1076527962044424 0.13418090129463867
0 0.18608328396269622 0.5610506463773073 0.08853385228879573 0.06641781037825834
0 0.5024603887726049 0.5995379176224505 0.08785485911074303 0.1291300618957324
5 0.5020097908014123 0.662565400818012 0.04734766713638916 0.1990703777827355
0 0.02917075524505519 0.5361122635971272 0.05834151049011038 0.032173230024797994
3 0.21668651497839944 0.5329081532305253 0.05810513847290094 0.07902190890096972
0 0.2532096153904079 0.7134440960932349 0.26220450496530945 0.29224798266891827
6 0.2087713233620055 0.554404668626882 0.010762958643223491 0.07248828665523288
6 0.2362229221773886 0.5552447049767386 0.00943195057793092 0.07410442146486895
6 0.3157547012277462 0.54812806963614 0.010822423143947324 0.06800908747379042
6 0.31212093924350504 0.5201604328980383 0.004761154536648993 0.030890678870557742
