7 0.5456038703325161 0.48482471100954505 0.0032400863143615677 0.016702875100330916
7 0.5069417197605832 0.47182730082650726 0.0026946982756542726 0.01411282239540651
7 0.544801275655783 0.49832487236992673 0.004845670923692924 0.005994882135276436
7 0.45186526708736796 0.48431264536809326 0.0032657379097870143 0.016844434114939466
7 0.44787241708394915 0.4668263052376813 0.0033414419945113627 0.016266416188218058
7 0.45065122917618056 0.4687617840603707 0.003143761274221446 0.015366253080502157
7 0.42428296917842645 0.4751721992526294 0.005465714406279243 0.02559833897554964
7 0.4287311940919203 0.46057147405075993 0.0040595617255633765 0.019183089133424813
0 0.007536770759981018 0.5269045215185928 0.015073541519962036 0.029558416668050147
0 0.5000348704628907 0.5447093597837969 0.029438770787582613 0.04012745529025774
0 0.17016828925308794 0.5263623541835261 0.042809625840067866 0.028674653311392073
3 0.18041426976314703 0.5200985295952693 0.0567020153572258 0.036519074632143544
0 0.46438111673603655 0.5330241508454421 0.021339358187004553 0.03164257602985099
0 0.5437026843760141 0.5294230928576127 0.044146708392231115 0.027493925644016204
0 0.4538232103396842 0.5414377610894694 0.03260034317059368 0.04509170082468006
6 0.1712376800027881 0.5284238840352937 0.006319074781982376 0.03364455055801685
6 0.5821960883262763 0.525204357307007 0.0041286657738974775 0.028261430000115606
6 0.4034208270911219 0.5310767307226338 0.00429767171525397 0.03526767859154145
