7 0.4190313798938117 0.4729628765028587 0.0025125900615511343 0.011620157501175843
7 0.42225216126215304 0.474026751475266 0.002400161836061454 0.011153396962928386
0 0.5041534252912775 0.530814276476044 0.02347416595645818 0.04175829493119554
0 0.5039429777246094 0.5261033793187859 0.0174714679623017 0.02811553619526652
2 0.5021547469216902 0.5683794957452784 0.07021015772611583 0.11397644816465091
0 0.5037923467418246 0.5222450189742704 0.016494558448101437 0.024802788538855536
0 0.4739538698156829 0.5247565778931964 0.01912459287655488 0.02476037911683804
6 0.5676376988365804 0.515989613793765 0.00269198733463738 0.023117698374421458
6 0.5750632594317543 0.5174224944999068 0.0029058418309051426 0.02515328883054635
6 0.569515563509241 0.5178479813885486 0.0033223755379564457 0.025782533525326556
