7 0.47089156779959374 0.4894078532584252 0.001900176503133233 0.010502833928925537
7 0.47009046963152923 0.47955282185057835 0.0019125691263379152 0.009613055055273045
7 0.47107482804502887 0.4802705916695538 0.0018458470540426153 0.00929136842173317
7 0.529699583787075 0.4897011950863465 0.001899635867298577 0.01045017509584134
7 0.5053950057424761 0.48155888029934624 0.0016822219158237894 0.008819017675744556
7 0.5292029939405312 0.49817364575703094 0.003019082280839802 0.0037671925704862996
3 0.50105222944499 0.5191304957836917 0.01892541452800961 0.034846455037832125
0 0.3920369991177054 0.5138064053548412 0.023226234412281777 0.015464026109187734
0 0.47921823334491614 0.5201906827175006 0.012553856561338672 0.0187627661015477
0 0.4260386835220339 0.5162111838672699 0.02706252764507172 0.012277701333214708
0 0.4254084585864236 0.5152149290860852 0.022900736046074843 0.013995243638255772
0 0.4914538627601842 0.5152955571847891 0.020819873748958495 0.012433781048090342
3 0.3132829332076673 0.5115278809610038 0.033436114659406824 0.020181423904380824
0 0.47070444548985946 0.5162166497392093 0.023245052201016803 0.012667477609434541
4 0.5151316827267756 0.5144078753604573 0.006858320277597696 0.012950460988584989
6 0.5444076874858838 0.5155062156499228 0.0019436652208664196 0.010362900639680372
6 0.5565032005115416 0.5135487549795695 0.00206835032126218 0.016726562418675428
