7 0.4974406670421787 0.47349240882224264 0.005846309494423829 0.02372956491655781
7 0.4743291213815366 0.4457471919463247 0.005535532449729874 0.024289197155996534
7 0.4859862198017354 0.4499684419089398 0.005049357520069908 0.02239119738939549
7 0.49848557988000447 0.4924598835907857 0.006956706981903538 0.008554392834543734
7 0.716026961003782 0.47157946860257777 0.005842235858934286 0.024986832443460782
7 0.618997745573799 0.4544214019200752 0.003919475224335223 0.02018438627226876
7 0.6562947189963844 0.45359299088172533 0.0042095545933823475 0.020551231790258306
7 0.71213059470061 0.5188247636442409 0.0011484680648300438 0.0035162205572686345
0 0.6583394359772035 0.5212683733490283 0.029055619366900376 0.02078004875056627
0 0.7003735604712891 0.5201912319957601 0.03384253645168123 0.01692290054044432
4 0.6907801544900578 0.530820027490972 0.01747272113915388 0.03096380144544375
0 0.7872023432377031 0.5188053902039537 0.027948631862272033 0.017090165692113635
0 0.5638289644516392 0.636431551240483 0.10574672775386673 0.1577759903577446
0 0.7813922934246261 0.5395581143049224 0.05700357535473244 0.040231073808871254
6 0.5375115389042173 0.5167242319257983 0.003152142741085995 0.02254339715008158
