7 0.40067634177240763 0.45530706377887786 0.00809915801943184 0.0353266766519057
7 0.37250064483222306 0.4044701839660395 0.009218586534167073 0.04053870154483091
7 0.38813072063121024 0.4158140820113191 0.00788574078746801 0.03537750423638014
7 0.15948029036552622 0.360713577740267 0.04770684815025822 0.12424117649354544
7 0.3084822265400904 0.3777717457958335 0.01305594298640389 0.052832234758927676
7 0.2659762941014796 0.3513084545209928 0.01690829312106007 0.06521961783131563
7 0.5931328093615662 0.4567302706307038 0.007870155080658914 0.034709246053731824
7 0.5141847684173407 0.42985810637088007 0.005611994916622454 0.029373505965662128
7 0.5913906642894532 0.48444043058549885 0.010141762958195022 0.012281410006242055
7 0.5880812495390098 0.5220566711226626 0.0015009818732026892 0.004865694795395559
0 0.8893936388363937 0.5493055223116841 0.11800491014155823 0.05232116978224588
0 0.9875080755960177 0.5598360714106292 0.02498384880796445 0.08624135289080825
0 0.658158586031691 0.5564106975856967 0.10184094551336087 0.08322873757647065
3 0.10999763123437162 0.5411096007427041 0.10816390391342902 0.06882550069563032
0 0.8381207535761188 0.5421672009087559 0.1052182875242118 0.04733748315872921
6 0.34641833916548803 0.5260818500449456 0.006441603237221483 0.04312279701714361
6 0.6359053542768907 0.5280316003088943 0.0062840011598269685 0.045928899589315564
6 0.7401755645344359 0.6393862784984536 0.03252448477947867 0.18872294093156683
6 0.7374160739440869 0.6220930744367796 0.029210528913662603 0.17419449463383752
