7 0.6342188762100329 0.4629780238364358 0.014296654395680952 0.03367819749391965
7 0.5055982874167118 0.4363502357801275 0.004994121576265775 0.029025753240883523
7 0.5566307550570018 0.43634820566110705 0.005545058023376792 0.02902656688348282
7 0.6293170932833303 0.5273967505865724 0.001549601754686214 0.004810771386295043
7 0.2799929759272056 0.4730165504095892 0.011157079956939375 0.024619885902540273
7 0.23337291752601358 0.44310959410711415 0.006991257097768017 0.025908919920481277
7 0.2556985348366925 0.44792169557309475 0.006208750890597137 0.02369828637976501
7 0.2787870235656864 0.5203648616979557 0.001058304989570713 0.0035556286635207712
7 0.22126497883432739 0.4631927596708795 0.015751410314456815 0.03348591525514483
7 0.3507082585213297 0.4379803330004832 0.006381041094549955 0.02827298105436571
7 0.3009760132303805 0.4379822493448524 0.006903751047829976 0.0282722177518423
7 0.7075700964345244 0.4415776605003203 0.023637467462738093 0.053143248350845884
7 0.6422608969623655 0.4295529222017487 0.0071529759740190935 0.03217501264825101
7 0.660343565019339 0.4205073411101208 0.008306097347757113 0.03638898826801834
7 0.7034217358035568 0.5419353764452127 0.0021366741260684385 0.007515540149767741
0 0.4798800074629255 0.5183805303037039 0.012046324789354634 0.01543792906405228
0 0.7522802826605999 0.5364818365311288 0.07517159152513331 0.03692781404270262
0 0.3794428448359727 0.6075723324738161 0.09574832146119983 0.11933425033555145
0 0.4997816698397707 0.5163033243808957 0.010926371035028415 0.01513496373816503
0 0.4777533716671518 0.5202878837343352 0.014653894336454532 0.019024405266419797
0 0.8013078711958515 0.5349482056686445 0.0690406099083476 0.031620463687367595
0 0.4995559949139331 0.5184131974087273 0.008372830223492722 0.014096575247652066
0 0.4815452722611706 0.5167151097009854 0.010432338467301072 0.014353941955341676
0 0.7277771041196688 0.5355348452627182 0.06134375677159987 0.030014636490588997
0 0.4982611445818346 0.6252426191080307 0.10980802868968775 0.20126021382139636
6 0.15676150056161992 0.5229590533637327 0.0058163248128020595 0.03029243373278101
6 0.38183520599322307 0.5156059095834835 0.0026452308949295733 0.020334764821234308
