7 0.6339772105066344 0.4622482412197203 0.014284441261359748 0.033660009536100766
7 0.5054301030951858 0.43562779068269775 0.004991589651131556 0.029013680690698596
7 0.5564370054538125 0.435628273887847 0.005540969432236809 0.02901352276731206
7 0.6290707627919598 0.5266290457577618 0.0015480839216038822 0.004807583168701779
7 0.2798757847093135 0.4722735510771987 0.011153182604645429 0.02461521925935367
7 0.2332727670864711 0.44237104416905315 0.006986560063399955 0.02590390677166321
7 0.25558845630382887 0.4471825530604418 0.006204896518213043 0.023694096356257632
7 0.27868006088329195 0.5196108760953517 0.0010576512458182474 0.003554601025626769
7 0.22118321779861055 0.46244959587534545 0.015743790707513555 0.033476872298169424
7 0.35059578962738736 0.4372494294264716 0.006376816428552479 0.02826439969936828
7 0.30087486039270245 0.43724894799189296 0.0068989436378810165 0.028264558240022997
7 0.7072169678135036 0.4408684468544847 0.023605474413640914 0.053098079822877675
7 0.6420092100179635 0.4288423545572558 0.007144951447492609 0.03215729737771611
7 0.6600679020884006 0.4198057245515755 0.00829557758994548 0.036366321519699485
7 0.7030567142837203 0.5411348283292484 0.0021328919501263366 0.007507722799244609
0 0.47972237099442433 0.5176353257564063 0.012043605820818759 0.015433718132934704
0 0.010169220773345972 0.5225519449736233 0.020338441546691944 0.022466997330244043
0 0.7519461466299853 0.5357088177652296 0.07509919837427181 0.036899373531175894
0 0.17968103315325318 0.7961001669922391 0.35936206630650636 0.40612989771528096
0 0.49961970321457627 0.5155593367961113 0.01092390202754373 0.015130875352471262
0 0.09878894670403318 0.6273235355783269 0.19757789340806636 0.16065518083138397
3 0.7117986801825924 0.5328946444909208 0.10149191830844873 0.07051393894521973
0 0.4775964223643728 0.519541108554527 0.014650249865360343 0.019018617689572137
0 0.8009436352986612 0.5341789749315574 0.06896664242731798 0.03159780803961776
0 0.49939399578342 0.5176679916008486 0.008370919591163983 0.014092736224859181
0 0.48138716369469503 0.5159711123592754 0.010430145826858472 0.014350286453065242
0 0.7274723163205761 0.5347657960674392 0.061289805532066644 0.029993216412501744
0 0.4975169967528816 0.770130272283087 0.2863329833492939 0.4597394554338262
6 0.12369231531595687 0.5221417359932559 0.006008918877345545 0.030199150400655905
6 0.015113640250304816 0.5225956742259592 0.006712482434540208 0.0308265706912757
6 0.38454829361699455 0.514203942736837 0.0025146848238496444 0.01944166089668986
