7 0.456449795637083 0.43828705280712044 0.005411799137170492 0.0270542630057648
7 0.4600038514355863 0.443659235031196 0.004910439325492177 0.02465293671206048
7 0.41405854974513145 0.43815725115352905 0.011668707710065673 0.05442349070498964
7 0.4323300641952749 0.4272025227840799 0.0066478622973003 0.03203506188230226
7 0.42409648440565983 0.41797014603382077 0.007592261429796576 0.03621035948039131
7 0.4146001566438994 0.5384574334464711 0.0016347977512201628 0.007472273204468638
0 0.5089910322257853 0.5345101901937888 0.025282640088476194 0.02871458585935127
0 0.5588966517280873 0.5376155646949735 0.05391967719369417 0.03566002706139337
0 0.4975812248552255 0.6545341228425579 0.11705947966306413 0.18325261277643512
0 0.3775792008911042 0.5426721532684264 0.08014863565932268 0.04978693367448328
0 0.6542425243319651 0.6310227941247359 0.12837688978954565 0.16278891143542318
6 0.05076706281471206 0.5552526098507586 0.016094066878800786 0.07942128817314009
6 0.23232164088586646 0.5605351992419175 0.0136754727370067 0.0786169306077904
