7 0.456449795637083 0.43828705280712044 0.005411799137170492 0.0270542630057648
7 0.4600038514355863 0.443659235031196 0.004910439325492177 0.02465293671206048
7 0.41405854974513145 0.43815725115352905 0.011668707710065673 0.05442349070498964
7 0.4323300641952749 0.4272025227840799 0.0066478622973003 0.03203506188230226
7 0.42409648440565983 0.41797014603382077 0.007592261429796576 0.03621035948039131
7 0.4146001566438994 0.5384574334464711 0.0016347977512201628 0.007472273204468638
0 0.4975812248552255 0.6545341228425579 0.11705947966306413 0.18325261277643512
0 0.778789687297395 0.5346567372800001 0.0772959399528067 0.037520313375271064
3 0.09372041730296142 0.5907173155486078 0.18744083460592284 0.2060643370890488
0 0.6542425243319651 0.6310227941247359 0.12837688978954565 0.16278891143542318
6 0.27420104946386203 0.563874457950041 0.01424455826162152 0.0827290302614182
6 0.47413184324465335 0.5553694825450752 0.009025185232245492 0.07764749144072991
