7 0.456449795637083 0.43828705280712044 0.005411799137170492 0.0270542630057648
7 0.4600038514355863 0.443659235031196 0.004910439325492177 0.02465293671206048
7 0.41405854974513145 0.43815725115352905 0.011668707710065673 0.05442349070498964
7 0.4323300641952749 0.4272025227840799 0.0066478622973003 0.03203506188230226
7 0.42409648440565983 0.41797014603382077 0.007592261429796576 0.03621035948039131
7 0.4146001566438994 0.5384574334464711 0.0016347977512201628 0.007472273204468638
0 0.6369738148776032 0.534508978564873 0.029471629449322356 0.028855129063281915
0 0.7024631061637221 0.5364052907777124 0.056322283641228266 0.03383574087576091
0 0.4975812248552255 0.6545341228425579 0.11705947966306413 0.18325261277643512
0 0.5203581361728167 0.5352038732920441 0.06801551559114377 0.03799188309808632
0 0.6542425243319651 0.6310227941247359 0.12837688978954565 0.16278891143542318
6 0.21579755164024322 0.531310508741986 0.006955442656921967 0.04029594602947606
6 0.07818859451260893 0.5609836616354276 0.015123582758371779 0.08675992554728273
6 0.3138488299966762 0.5605571755193139 0.011892204512384819 0.0783878456338929
