7 0.5604745618925864 0.4292478486457171 0.006047714603774401 0.03167173586566546
7 0.6160930673136519 0.4291989597111564 0.006708206548304174 0.03169416234405559
7 0.3061806374518125 0.47017293683696604 0.011603446009185614 0.026109810210650897
7 0.2618711852823502 0.4374852936656335 0.007230662712040203 0.027897784782059065
7 0.2834315632406881 0.44306911624236034 0.006382265089524719 0.025351624201181033
7 0.3050931122573004 0.520352274299214 0.001071239926726808 0.003770566760852745
7 0.2514857382793887 0.4586802355471604 0.016696767804346035 0.03631231997941431
7 0.3910659547556625 0.43133219788409005 0.006480706025781047 0.03071482949793919
7 0.33727259058871784 0.43137816234505155 0.0070846628213354634 0.03069377646806959
0 0.4743892740849862 0.5231120822451465 0.015321999498370209 0.022577140523276196
0 0.4476163516099306 0.5231908750216275 0.019056276907232328 0.022424842983965743
0 0.07980044393741711 0.5504436662217153 0.10088937745288097 0.04489312313894711
3 0.4830360925358239 0.5117058856184908 0.01266652020082032 0.026280425252951545
0 0.5230709307121268 0.517331629858899 0.011419123155503197 0.017271131982934507
0 0.6658414950999625 0.5383896223554896 0.06393243283379213 0.0294847542476242
0 0.5028487266112089 0.5160285420048043 0.009970290452301522 0.014790452637919227
3 0.5018416274914606 0.7709713587499891 0.2576157805013365 0.45805728250002187
0 0.6488899132544654 0.5398974586043092 0.07085584263710931 0.036821109468388125
0 0.5218229465606012 0.5158214828709154 0.0104683375428406 0.014917713771372743
0 0.5025137874328907 0.5171565876725275 0.012202690640886416 0.01694142496620943
6 0.04081344129593802 0.5224681823230487 0.006695174163399473 0.031184251430431242
6 0.41123613156664296 0.5143088310774312 0.0025282131416384246 0.01988891214788535
6 0.10005131673606496 0.5230018405509043 0.00651850063726421 0.031920806116587874
