7 0.49934251547072545 0.4795231042329432 0.0015555188071122439 0.0089530166083292
7 0.4994192513901611 0.48016184599234524 0.0015070416161261924 0.008673342695536768
7 0.554375245367235 0.4861903592496851 0.004790098851194635 0.011924027505399837
7 0.5085030710499743 0.4768424095642688 0.0017741001904791887 0.010128143004750512
7 0.5265860009297079 0.47683934168943576 0.0018436344156331774 0.010129483046228294
7 0.7012549458468171 0.4569861520289714 0.01655160348255691 0.03720953529158927
7 0.5599382580305763 0.4275993633912337 0.006135769934285551 0.03211418158775253
7 0.616266421205801 0.4275695960058945 0.006810127129124766 0.03212768140263217
7 0.6959102225273315 0.5280362298697417 0.001831444266033433 0.005307618303879158
7 0.30278918875153327 0.4694241555168006 0.011754683799424737 0.026394197635835837
7 0.25736240414498135 0.4360565433345991 0.0073667133719547695 0.02828453474218401
7 0.2794757113188128 0.4418572357297628 0.006489967608393599 0.025670618008832857
7 0.24648634321317936 0.45738645421903007 0.017003415946312966 0.03686067704551321
7 0.38821573763608097 0.42970481728364285 0.006591409512507307 0.031158717484416842
7 0.33363305552706485 0.42973283668447027 0.007216242522820826 0.031146029540706
7 0.4349197669951266 0.4862224437878796 0.004829543332698083 0.011896549212539298
7 0.43888778466219724 0.47891456666406185 0.00181100474599738 0.009219604769784617
7 0.43674425693099195 0.47819203796683823 0.0018803756774226632 0.009536257126327108
7 0.43416781247431463 0.49591035948647977 0.0035101827551166087 0.0042956777073479
7 0.8305872230430025 0.4282057526087062 0.030102573711080716 0.062498633475109144
7 0.7187482774082661 0.4189554162146508 0.008984762821150127 0.03605145422672912
7 0.7500153120315063 0.40723916232058444 0.01075675613813376 0.04142528752500835
7 0.8235053422043972 0.5456973403839751 0.0030652824139879575 0.008797548194776073
0 0.4649676672456421 0.5126875622342342 0.02373729729828672 0.012262454463129346
0 0.8540228605594087 0.537566716640711 0.06790448124459525 0.03188924021498718
0 0.46231379825674196 0.5588369707376357 0.0788741264903593 0.06555722169865119
3 0.4205526152288336 0.5109793290825444 0.020384237383561654 0.015368433095154344
5 0.5005375644198331 0.8133601689453216 0.10186727817614727 0.3732796621093567
0 0.4731347611500515 0.5222752438989204 0.016920242835536392 0.02417584405910589
0 0.50158177426882 0.5166720859513597 0.010996246620035954 0.01402488484085862
0 0.5223109840137257 0.5175507805828259 0.01176707503397767 0.01672482820104093
0 0.520744374263644 0.5160796074598062 0.01288218058504198 0.016827787584788978
0 0.4660752681170192 0.511777928919952 0.021130529598114234 0.014851548191890607
0 0.8378233688783362 0.7738487351595718 0.3243532622433276 0.4523025296808565
6 0.555601521933474 0.5258934484833033 0.0040750224453234285 0.032854844007968564
6 0.5058296499950079 0.5252284057440724 0.003714484572082677 0.03203895661606471
6 0.916043059116994 0.5622468090111423 0.01818206556084534 0.088503780029495
