7 0.28651816303603117 0.46072752080813295 0.010844903667890093 0.034547235349207506
7 0.21982101672754667 0.41193982595708956 0.010967291856733424 0.03933855034785777
7 0.2533093549821313 0.42254224470719626 0.009247267183440155 0.034459673385732026
7 0.2872891078031672 0.4881856604488143 0.010864309644762649 0.01237097215421551
7 0.28501621052175796 0.5260185265603374 0.0014350373156558627 0.004917507542057664
7 0.5798209319947063 0.46308239983379873 0.006942757673350175 0.03184434324024338
7 0.45963750725123875 0.43835122367710844 0.0053612335028843106 0.026959630155976966
7 0.507186654538715 0.43838737797081384 0.0051072297890029095 0.026943386298954486
7 0.5751974117641507 0.5231337077581224 0.0013605710305079066 0.004471514389606246
3 0.49999589784546017 0.5364964633560629 0.039992287705937934 0.07355149621851631
5 0.4599419440885713 0.535336189294829 0.01256985553278811 0.034124584951875536
0 0.5360173592085961 0.5253801698696576 0.0276092810088564 0.027062854707567197
6 0.4693129927026838 0.5149942767709701 0.0033121523242478634 0.021405047479100547
