7 0.5305537706290463 0.4873704389617186 0.002036742566126293 0.011130270304829881
7 0.5046952529316694 0.47870176392843367 0.0017912005180951152 0.009392552113758001
7 0.5300243813556496 0.4963867994389175 0.0032148913095214615 0.004009239777857609
7 0.4679645612235245 0.4870537660182558 0.002038832173236693 0.01119284471698917
7 0.46692701879333315 0.476376388809833 0.0020549213674651012 0.010300139125198948
7 0.4680548939013416 0.47722039317643944 0.001978112363467399 0.009931704315616185
7 0.45690168808275144 0.4832423550692188 0.002753136988849214 0.014484624739426466
7 0.4591129296897569 0.4748930790360568 0.0022126841085527427 0.010948143086255524
0 0.3573234256346379 0.5151159523522904 0.02337203213106509 0.015080931711740408
0 0.3359862597189792 0.5136015753529444 0.026442738852688552 0.014299499951534678
0 0.5165404422197682 0.5439426722600579 0.05208757172238343 0.06046169880554286
3 0.4534989950776003 0.512320705636108 0.022440397716878724 0.01823021136225611
0 0.32753320676696146 0.5356201453671707 0.04430456745324196 0.03295691685568858
0 0.5380795262832817 0.5157988065029007 0.025257888622593816 0.012191419112772661
1 0.298875748915839 0.5026202953783634 0.06075177736581844 0.03954093626227628
0 0.5218671432802782 0.5152654104510597 0.026477524875172742 0.01513790369130108
0 0.41151289616694675 0.5137623799207465 0.02081602344192679 0.013754033366953022
0 0.2808711706177752 0.6830190755674315 0.23172016661296774 0.2533883394719024
3 0.35561674914095376 0.5099776415839927 0.03215284438430405 0.022777954690200997
6 0.4836841430360511 0.5147703332528527 0.0024568049418318694 0.01966728126953643
6 0.31341889638410103 0.5134846359732614 0.0029564317456647338 0.019042506994410346
6 0.547598155220315 0.5127935254467566 0.0025908980827378247 0.016280527095113517
6 0.3258265184248067 0.5180806106482114 0.0038864541266901975 0.025619156703856394
