7 0.42529864152346053 0.48600657908206385 0.0025840952286813046 0.01207740762900078
7 0.41993325792395286 0.47430676022180623 0.0024108760428659948 0.011195316742305561
7 0.422922059037076 0.4752994664343794 0.0023070669726052984 0.010761415268061514
7 0.4260508676557596 0.49576460406613254 0.003577798250536557 0.0043647118646233385
7 0.5312204457086485 0.48617171761449673 0.0021597190775640707 0.011733251234341768
7 0.48629397347384307 0.47702964101820994 0.0019062276481626728 0.009902740666088095
7 0.5039873302022134 0.4770337015622271 0.0018881315694294631 0.00990112305304669
0 0.4999596958121942 0.5681976969524677 0.05263996011126648 0.09560608417651761
0 0.46396502202521184 0.5339611393279182 0.02401103785189862 0.02807930272854009
0 0.5016199125996144 0.5392075744993048 0.02843438010220023 0.04039367422028706
0 0.49709540898273274 0.5125933487667591 0.01353745167047421 0.011164847676311318
0 0.4052442720433525 0.5838977525115109 0.05096406247713936 0.07618934234328933
0 0.5021948119282915 0.5255258390597755 0.019792506749479855 0.03379837805020147
0 0.5141559364043974 0.5113075499074691 0.017110972362502475 0.011761934856439282
3 0.4425839966721744 0.5357627686098906 0.04360892451240206 0.08101754048985427
0 0.6148759297352031 0.5139609303204689 0.02678863370554252 0.01776382341336946
6 0.6311646961197921 0.5428546210665173 0.009029155582459203 0.02844638346627615
6 0.5639218792411865 0.5172103130291739 0.0031264890416777824 0.024428858352773752
6 0.5677359537171967 0.5209597860322628 0.004116047301420789 0.029775811252581996
