7 0.44682260542466123 0.47664578732319796 0.0036779017051005725 0.018673271978331518
7 0.441506235616996 0.4562844928156984 0.0037880325439157425 0.01830138222108718
7 0.4449918996166179 0.4588917255807172 0.0035363305848815085 0.01716980915555877
7 0.411636093597854 0.46329281296123737 0.006661234085024226 0.030071546645556335
7 0.42408872274748577 0.45134133775266483 0.004348720433539233 0.020451919950850883
7 0.41826344243639335 0.4476147913190698 0.00473270152301658 0.02207779550513239
7 0.5503355723362248 0.47725384129203585 0.003641782866637966 0.018499416291991422
7 0.5076653002428991 0.46287588064747975 0.0029799529214751264 0.015619742649453872
7 0.5494424192184257 0.49216338253311365 0.005360607810560025 0.006625017434060854
5 0.5850616823063812 0.5225874307917426 0.018298831713736252 0.02307539025128058
0 0.024204445516044334 0.5248876246998548 0.04840889103208867 0.025168060903116962
0 0.5677963626077841 0.523630014519796 0.047411966417369555 0.02715130421264722
0 0.12539223116991854 0.5228921476439783 0.0501891898873683 0.032539166929596575
0 0.5000638863036195 0.5678695727852354 0.04600429214315349 0.07680321325309603
0 0.048167283744692146 0.5270812405720952 0.0568523512191992 0.02443582426763502
0 0.5000529822864624 0.5519517758638425 0.04187468516497428 0.055829024438256214
0 0.658935156687445 0.5245264460234172 0.04982423191940999 0.025108335608501786
6 0.6091226929181424 0.5254615565200236 0.005923256631587326 0.03931358594055756
6 0.12036520541333973 0.5187751866076373 0.004826499480365218 0.016841439232332056
6 0.5775905990935646 0.515400029037444 0.003871730910092741 0.0243381773769642
6 0.5421603895513392 0.5362698525527174 0.005149851156353136 0.029068964027620825
