7 0.6408860253629123 0.45775810867581557 0.015003948113826326 0.035218076700668566
7 0.5065649554831095 0.4299148418432194 0.005220737391293584 0.030379342597977976
7 0.5598764432609824 0.42990434018751555 0.005823687343910144 0.03038416763444579
7 0.6357549262765363 0.5250329395108149 0.0016291241838336523 0.005021676030598221
7 0.2737822112518179 0.46921671812144833 0.011557750359010799 0.025412974355292106
7 0.22369103601232154 0.4375415678820055 0.007365442020690893 0.026963846986477802
7 0.247701369083028 0.4428942152852494 0.006507332385206233 0.024577957525809102
7 0.2725048377016382 0.5180410258083179 0.0011054322030136232 0.003665432598160767
7 0.2099913740081601 0.45804316124014044 0.01655354560657396 0.034971762259348615
7 0.34501162655063367 0.4317755137054767 0.006723242445974054 0.02954421666647644
7 0.2931699600725671 0.43178542836575573 0.0072903830770378875 0.02953966400163538
7 0.7231609266696701 0.4324455114041509 0.025605773554922218 0.05707944610790455
7 0.6500775753963255 0.4221871749216358 0.007602999841273328 0.0338580798260496
7 0.6701530870405061 0.41181507109789217 0.008910563295098872 0.038555872968471516
7 0.7184264956852396 0.5399783767800141 0.00235053629306603 0.008037612597187604
0 0.4991409202639989 0.7128360451009101 0.18680138269892654 0.32239162498550433
0 0.08069913352625577 0.5343975649930833 0.08567917841392983 0.038158013974537
5 0.2413904518168049 0.7204311254169425 0.13139649448712362 0.2562024559561471
4 0.44506765995207254 0.5209230421938269 0.007970066753321736 0.022686801751275243
0 0.7310511681957869 0.5358281662176152 0.07445320019642288 0.03644720717549621
0 0.5002457781031469 0.5160517745418967 0.011188927277216765 0.015291267149638021
4 0.49932923111039434 0.5186917003345122 0.006112559860223965 0.020285061457484654
0 0.41975312160907474 0.5207357750873504 0.018677482227874742 0.022983639246989984
3 0.4818515815574781 0.5123107951349004 0.012029676456289218 0.01980782612451859
6 0.41360074192378715 0.5116673431215877 0.0027477329550102403 0.017960828884901026
6 0.014958938911321894 0.5225558145508249 0.007240479702005172 0.033750963600371886
6 0.39078151277889295 0.5118725811038921 0.0027376199641058196 0.018255946483137997
6 0.04781638056787384 0.5206450828835625 0.006473816656252962 0.030979124223992183
