7 0.5887580854686307 0.462920268853233 0.007399190368932773 0.03310718231655124
7 0.5133502961338918 0.4372814941553228 0.0053488875040510475 0.028001486748148396
7 0.5871163400333492 0.48937285671853775 0.009662739978210655 0.011730772450042504
7 0.5839653597137753 0.5253084880907366 0.0014258162218072634 0.004646964287996713
7 0.40501048219737834 0.46157973678899245 0.007602428253767668 0.03367303835203156
7 0.3801028802992795 0.4143605346117275 0.008535018690412843 0.03797598941613617
7 0.39397666363658757 0.4244902666994362 0.0073763399656578965 0.033409460971632
7 0.20554562223392747 0.38307641694498334 0.037629848606900884 0.1060330082800921
7 0.3231394526258774 0.3911143011327951 0.011763186370048917 0.048565023632876236
7 0.2876061834329035 0.3688660295046325 0.014847096536228732 0.05884193931784176
5 0.5451571882912842 0.5896649503559466 0.04447378300565352 0.09866636224770275
6 0.20021162042243915 0.6167205998987386 0.030063158057755113 0.16861295838510337
