7 0.5743212933947723 0.46800007395608456 0.00582033999672793 0.02730850991075834
7 0.5118052759540228 0.446830774644715 0.004406674947579625 0.023079122608512304
7 0.5729794631668459 0.48989590339795486 0.007950118587488952 0.009716456592188172
7 0.5703361281477947 0.519673722678256 0.0011622240142035167 0.0038444222202739242
7 0.42229379676669276 0.46699521787066395 0.005934568176841015 0.027679191969491423
7 0.407202356272149 0.4319170811244699 0.006393711017852577 0.029447544901021194
7 0.4158420485930459 0.43824984366274716 0.00571459813273234 0.026624876177548273
7 0.31985601107174727 0.42737171416808006 0.017882214920870942 0.06311748174814447
7 0.3704559911125195 0.41855592283455095 0.008102898886700738 0.03544035156138614
7 0.35220297803425904 0.4070941673250391 0.009502687068409843 0.04062143750646541
7 0.32226700926923857 0.5428379959461274 0.002320471124590384 0.008603584236114625
5 0.5006988469025695 0.6500015660954694 0.04840789403903212 0.1728116602207248
0 0.1182113413118991 0.5290089661035227 0.08706478025397499 0.04581666264483042
6 0.19809734574610666 0.5708984468675596 0.016352689825998246 0.09364902606064085
6 0.09778060598435653 0.567423938585081 0.018092596053052537 0.0894628236817202
