7 0.6408860253629123 0.45775810867581557 0.015003948113826326 0.035218076700668566
7 0.5065649554831095 0.4299148418432194 0.005220737391293584 0.030379342597977976
7 0.5598764432609824 0.42990434018751555 0.005823687343910144 0.03038416763444579
7 0.6357549262765363 0.5250329395108149 0.0016291241838336523 0.005021676030598221
7 0.2737822112518179 0.46921671812144833 0.011557750359010799 0.025412974355292106
7 0.22369103601232154 0.4375415678820055 0.007365442020690893 0.026963846986477802
7 0.247701369083028 0.4428942152852494 0.006507332385206233 0.024577957525809102
7 0.2725048377016382 0.5180410258083179 0.0011054322030136232 0.003665432598160767
7 0.2099913740081601 0.45804316124014044 0.01655354560657396 0.034971762259348615
7 0.34501162655063367 0.4317755137054767 0.006723242445974054 0.02954421666647644
7 0.2931699600725671 0.43178542836575573 0.0072903830770378875 0.02953966400163538
7 0.7231609266696701 0.4324455114041509 0.025605773554922218 0.05707944610790455
7 0.6500775753963255 0.4221871749216358 0.007602999841273328 0.0338580798260496
7 0.6701530870405061 0.41181507109789217 0.008910563295098872 0.038555872968471516
7 0.7184264956852396 0.5399783767800141 0.00235053629306603 0.008037612597187604
5 0.2413904518168049 0.7204311254169425 0.13139649448712362 0.2562024559561471
3 0.5010745112998711 0.5187571044863731 0.027478474650545093 0.04079683523677957
0 0.2932520849540539 0.5560084990246574 0.06776224442279832 0.06455586465428265
3 0.4818515815574781 0.5123107951349004 0.012029676456289218 0.01980782612451859
0 0.016832816526928994 0.534372907728693 0.03366563305385799 0.038128029304486666
3 0.8045239954540664 0.5308088409556966 0.06960689526074926 0.04590691436603067
0 0.4991409202639989 0.7128360451009101 0.18680138269892654 0.32239162498550433
0 0.7310510856057815 0.5358275386124949 0.07445346129274799 0.03644967210632777
6 0.3732311416518763 0.5150530879667203 0.00302571814593805 0.02286041154943408
6 0.2142241288736809 0.5209259702249878 0.005630623120945977 0.03137021782685945
