7 0.4711181442073796 0.4771725530953477 0.0035058131396709102 0.01964796598413815
7 0.46972825178431177 0.4555097471057311 0.003829845308286839 0.01942859371177591
7 0.4715980912157546 0.45837252899310893 0.003571258727243787 0.01815818519628276
7 0.44855072830796006 0.4624432337264639 0.006321544699215587 0.03268219514227766
7 0.4545939127764028 0.4500233859079255 0.004416536595094556 0.021869758475894674
7 0.45088967297749694 0.4458351909811382 0.004817325848032794 0.023739138317944553
7 0.5797368519118631 0.4778131054694542 0.004261592447731832 0.019456220412761294
7 0.5350319371371709 0.462692362148875 0.00328794755941475 0.016433799365139834
7 0.578774311705716 0.4934931621488173 0.005723356210486585 0.006964515042461983
7 0.5768899467692916 0.51485497156934 0.0008402522719225258 0.0027524565691914304
0 0.500169182688998 0.5474894876771177 0.04256703944857587 0.07504321906523315
0 0.3989075888297785 0.526687007952787 0.044839304797883395 0.023698854786552537
3 0.010443318182330453 0.5205004313618418 0.020886636364660906 0.04736049884935534
0 0.19476993974064116 0.5239678249534458 0.05177121944893928 0.02887533313813717
6 0.16151054099097464 0.5428639268156144 0.011633802381932068 0.061124874047823186
6 0.621623388812411 0.537047118794104 0.006920609935267441 0.0306723688791406
6 0.6256945238687213 0.5248781743425293 0.0049469937189563495 0.03237503802585462
6 0.6198882454596708 0.5177671816070093 0.00352058141382694 0.025348785343969338
6 0.2739261614127413 0.5335191108163679 0.007815044546493732 0.046058272649334486
6 0.6195783788562562 0.5234166107084581 0.004097810332292395 0.029995783438970247
