7 0.49768083346620395 0.48870516011934867 0.003654994955116564 0.00946094837387057
7 0.4989357925324543 0.47989204777236444 0.0015008222648714709 0.008636479550066745
7 0.499008854417081 0.4804874927387945 0.001455644526771216 0.008375942682594784
7 0.5518015431782637 0.4863855985597541 0.004592931461336436 0.011451568501925746
7 0.5077388539161816 0.47740748231896823 0.0017028203606802572 0.009724780702144165
7 0.5251066505220389 0.47740530816361815 0.0017668864694175834 0.009725715019749892
7 0.6781620802787783 0.4614959937265931 0.014444336037268135 0.032964056712111
7 0.5527292032065728 0.435479026244473 0.0053674134347361235 0.028381732291971218
7 0.6026484288437332 0.4354612294437511 0.005896402675638512 0.028389712793686683
7 0.3186392302910047 0.47160025537308803 0.010664929320010785 0.024198112084614698
7 0.28151882601854616 0.44218690556155565 0.0063921705856258 0.0253603435266605
7 0.2995587717233948 0.44691583584420214 0.005711827046215201 0.023238518323214885
7 0.274268410000822 0.46178504292743083 0.014829630106010572 0.03271350375790122
7 0.4001509175994934 0.4371223635138422 0.00573860129017395 0.027640326361971
7 0.3515731030625058 0.4371392377868274 0.00623452122249607 0.027632769620692665
7 0.4370407162028687 0.4864127043305405 0.004631708802715462 0.011428548016391538
7 0.4406581119103852 0.4793239615492275 0.0017386707054612427 0.00888521230650069
7 0.4386668315995754 0.47865322427891754 0.001802573378786143 0.009178947620840705
7 0.43630939150528036 0.49572025021344185 0.003369012920767689 0.004127683300505169
7 0.7724846418997946 0.4404316807641355 0.02390137325247954 0.05138549237343154
7 0.6908821893206478 0.4287943213704034 0.007535819171397562 0.03140677303860345
7 0.7143418223948013 0.41999667792350415 0.008775981209496297 0.03540935997185457
0 0.4743045398118144 0.5095046928562658 0.022375064282181334 0.014441056545071218
3 0.08767079462618388 0.5299673981117404 0.10951534962020804 0.06812433619320718
0 0.7853368719260294 0.5356362029144855 0.06778396841697798 0.031981862909229664
0 0.4918871864701778 0.5108520871670794 0.017141313048649354 0.016612448791291534
5 0.49930924764813517 0.5846937996503475 0.02574973721779228 0.08506653444220036
0 0.5201752565586069 0.5117938093544674 0.019609957757192986 0.010903699790593802
0 0.1199248478103046 0.5307994125287321 0.06253256166847486 0.04074899233639495
6 0.5741211034358855 0.5211541116719087 0.00377643983095044 0.02984175780170062
6 0.7529916039107879 0.5515512041269586 0.012404942213463999 0.07370666194200959
6 0.2554197295846359 0.5253454455947397 0.005108091473569498 0.021003880387803986
6 0.7463213583420322 0.5579639782204399 0.010538733078747642 0.08306030169012968
