7 0.15489806294627306 0.45401159637354904 0.01346493477220101 0.040855683238888274
7 0.0765234107289591 0.3918196690716984 0.015117127549146306 0.04896935183780132
7 0.11725942448778878 0.4070683886763919 0.012288207589209135 0.0418472812165287
7 0.15632079431521034 0.48626091148261075 0.01430583945464206 0.01460638921849644
7 0.1532806898509677 0.5306917623381853 0.0018135294525130075 0.00579838081934636
7 0.4868882968005639 0.46340429940879874 0.0075968370669869945 0.031921411633295316
7 0.3626449907500647 0.43466174291204085 0.005584331717729651 0.028885696053021992
7 0.4137913900745004 0.4363420749344719 0.005690199791247963 0.028135645799018505
7 0.48240711265882497 0.523521698522748 0.0013867072042781925 0.004494070065305111
0 0.4033062263891789 0.5402330543215622 0.08028769005581254 0.06218623445627447
3 0.39889001116082157 0.5238425405930169 0.0295217880249517 0.03376246833817198
0 0.41211796313690363 0.5211882677412323 0.03260416507603764 0.025220426314605304
0 0.45939525928223235 0.5240272340575426 0.03240163959088016 0.023766389660469844
2 0.4723103934879719 0.5086421974178472 0.04803997278939215 0.041690114117925225
