7 0.5168027726997848 0.4904250623710741 0.001148349321976827 0.0065867903495046565
7 0.5168640881798339 0.4907739099855736 0.0011217671387199202 0.006434264282109581
7 0.5561802401374852 0.4956504247532259 0.0033974409993191568 0.008521437395278997
7 0.523320873985814 0.4890139039775616 0.0012595546870649565 0.007204473611880868
7 0.5362396362611539 0.48899857394167545 0.0012979110563549057 0.0072117482658500265
7 0.607235090928715 0.4863256890825976 0.006887697001699444 0.016575044571060515
7 0.5435192315975047 0.47346099886392595 0.0025543662649465393 0.014051929939920882
7 0.5686301481384224 0.4734009071663056 0.0026991707882324523 0.014079634220602322
7 0.413094470208614 0.48946985750485 0.0057576636716234475 0.01383958970169985
7 0.4041322159330105 0.48665828666585764 0.006805217998843038 0.016269704450563083
7 0.4666829198878419 0.4740442574610381 0.002641758875415401 0.013790413129209256
7 0.4422750736873365 0.47410189965268157 0.0027606294654282104 0.013763836159979281
7 0.47033497419483244 0.502606878240539 0.0024704325129446536 0.00305861319400913
7 0.6252990561849423 0.4821257394143248 0.008517932669379058 0.020215584607179815
7 0.6084265524223849 0.4717244592762762 0.0030732210198588517 0.014823992636046834
0 0.48521654219008314 0.514691458717568 0.013608157061739345 0.009086317437630997
3 0.5511494076711415 0.5308785808755256 0.019875174789905303 0.036629195717500895
5 0.5130782787030079 0.6023653182313442 0.028896082693602387 0.09874087225814498
0 0.6276993342187086 0.5277194057081587 0.0365721061920683 0.020593030555795422
0 0.5166603221288633 0.5299238102446517 0.01801204574909321 0.03225844837865155
6 0.4771612171014705 0.5194049585275936 0.002204801181592164 0.017556803683939082
6 0.6448385201351208 0.5293034320437598 0.0050162670547525545 0.03348816572037161
