7 0.4976009971972736 0.4898206312965993 0.003505818402847083 0.009073916748797428
7 0.4988080411310427 0.48142811491697657 0.0014349386497699568 0.008255102851167762
7 0.4988766611054249 0.48197305530287204 0.0013935862231791996 0.008016748557893527
7 0.5490934447061776 0.48770673601057635 0.004359394199550559 0.010888992684242205
7 0.5071848293920882 0.47916990328566156 0.001617977806870563 0.009243861239768891
7 0.5237006116816394 0.47916842495904477 0.001675910390766533 0.009244597400963894
7 0.6551674405107696 0.46708472295408276 0.012385295003377594 0.02869641894350411
7 0.5457481658575511 0.444459954055272 0.004612226519983609 0.02464140514297586
7 0.5892196015581486 0.44444878856249415 0.00501339501875675 0.024646653904424276
7 0.3361350592251895 0.4750179077375156 0.009505974374765358 0.021820645615093226
7 0.30691334020350775 0.4496029386022744 0.005433179027972468 0.0223349962031395
7 0.32112598866840264 0.4533238090034974 0.004926162742333373 0.020672488753108675
7 0.30276664778878115 0.4672912284747505 0.012691472559234362 0.028513444144201205
7 0.41256690311091315 0.4457029333094491 0.004903196620022754 0.024082814565819954
7 0.3701059362582987 0.44571357798928046 0.00528258098492318 0.024077809379315585
7 0.4399350401633233 0.48772867617725707 0.004395745908296778 0.010869010720219618
7 0.44315298018385396 0.480907972453707 0.0016521392178878158 0.008482399900921145
7 0.44133754754074406 0.4802972942596559 0.0017097977523006236 0.008749707685182018
7 0.4392285921002417 0.4965814422857354 0.003200370762838134 0.003926783594552896
7 0.721808056877717 0.45214363695488696 0.01880303673109429 0.04171615756496638
7 0.6638608758760073 0.4394659756616075 0.006207496666243317 0.026888253905200887
7 0.6808686909887645 0.43308473404766523 0.007044800517747807 0.02976980942681151
0 0.4872778374947463 0.5097568510408511 0.021228619859200937 0.013826971375868968
0 0.7513556367395626 0.532037900883181 0.05846712534218679 0.028039491892155044
0 0.49791208342793564 0.5107245968244247 0.01906918098308663 0.015405958327557423
5 0.4998115879728897 0.5831641177037696 0.024691649843103847 0.0822703526310199
0 0.531527170004918 0.5119363369041745 0.01895917450696205 0.010423031782750725
0 0.22377303145815572 0.5278449593443357 0.051228883140757187 0.035990639346639264
6 0.5509384348624199 0.5216038756551651 0.003280338504356939 0.027067964612541573
6 0.7024379974366206 0.5418804905630963 0.009260573979918862 0.05889632786479071
6 0.2680759532534136 0.5236348090961567 0.004560100059025796 0.019038718312576863
6 0.6924178053018522 0.5458880868711433 0.00829694375930179 0.06472251059228562
