7 0.4294062982343675 0.4831165446986951 0.003075476012732281 0.014639365408317118
7 0.4233378064501161 0.4683034628620321 0.0029614115856888 0.013864089762129272
7 0.4268213417845881 0.4698003717233469 0.002806101758774715 0.013204772494377737
7 0.430337565030774 0.4949218529626067 0.004320121939454358 0.005284760844164238
7 0.5566013545543624 0.4834095108557393 0.0028734044908275136 0.014134279607775357
7 0.5026755346211591 0.47240286625370087 0.0022682761102978954 0.011933770847056768
7 0.5239553465018612 0.47240840066622375 0.002354879344543259 0.011931061273830035
7 0.5545198494432269 0.5104135009602415 0.0005979074284949704 0.002004238634714439
3 0.4901620592191974 0.509320317793335 0.01906848525352256 0.02118146465842574
0 0.511258616348488 0.5134319345569098 0.016030672494972364 0.012245629171540595
3 0.5406741385086673 0.5232445386652153 0.026723456570160398 0.05283058579102606
0 0.5201516305699128 0.5143074358576392 0.015498834771595527 0.012712308391318095
0 0.5583617318690166 0.5132450409793768 0.020263490850248034 0.012249829189776573
2 0.5211636647182941 0.5051808385789092 0.029300964950488062 0.026170645372351198
0 0.5290211178418499 0.5165310999539874 0.016876226292576346 0.016277283271282195
6 0.6718942604649503 0.5367638758590607 0.007682379025466868 0.05210385800636963
