7 0.45218929880675174 0.4843659772412752 0.00282426130989033 0.014796988412109413
7 0.45453716153115203 0.47587873732448227 0.002259715027247089 0.011160141231436327
0 0.7149987576570356 0.5424915422359212 0.07372873416225623 0.03684285372526652
0 0.37989441908711563 0.5179737516615479 0.014391298855157553 0.013440834779112287
0 0.45559162115604435 0.5358241073794789 0.02787117941618744 0.03509901051470943
0 0.47153066977692737 0.5207320885007167 0.016275237626002415 0.0232394559422191
0 0.6855386882489023 0.5389293923031959 0.0661588911247647 0.03362102450610094
3 0.49631688192216944 0.5172209546644573 0.0174773393682105 0.032134929675574186
6 0.2918657950750252 0.5196641374614275 0.004235593146085792 0.02563807428678133
6 0.5326816044698678 0.5153459737473702 0.0026398006434091847 0.01961229205778503
6 0.5453542214713231 0.5150487991283377 0.0021578127023818006 0.018014141884881707
6 0.3147987593120458 0.5197946069623296 0.004305434292072752 0.02583799538134901
6 0.30512732773184714 0.5153322083053445 0.0030582772460748253 0.019501625255615274
