7 0.36666458804904845 0.47703261441265543 0.005261634414044869 0.02072177223592958
7 0.34677216702840186 0.45377711314404345 0.004923237244806755 0.02068534819677814
7 0.356761316459443 0.4569993587154482 0.004519910999537913 0.019251485307520966
7 0.3676270854545215 0.4936636136709689 0.006299193269768966 0.007461512127261483
7 0.5459333704660043 0.4778401885918784 0.003881290568953144 0.01966470269347942
7 0.4710490564728297 0.4624958463770213 0.00324793478108526 0.016636568485739356
7 0.5006156881980123 0.46252645177265156 0.0031600659120316066 0.016622763246732508
0 0.45334676158695153 0.5342834041966832 0.0297985189806369 0.041375147289587355
5 0.4961242125654447 0.5477058335308211 0.013041967332786175 0.04608107155601526
0 0.4321907337585733 0.6083411125384369 0.07009828576217608 0.11825024786605387
0 0.4095350297669472 0.5255200664330789 0.02444378303192718 0.02401533711829318
0 0.47206278265750423 0.5226414473390537 0.02106560022112519 0.024327756822352775
0 0.708620465266569 0.5289774274757164 0.025848994792433855 0.023210767338481486
6 0.6660300066406011 0.5480885953910749 0.01011280380415469 0.06705895191229039
