7 0.4978175359036813 0.48761013994755215 0.00384326720675382 0.009949567983653207
7 0.49913368524189683 0.4782534860209068 0.0015845611492733003 0.00912170348481739
7 0.4992121051603137 0.47891823948662704 0.0015342858673025317 0.008831562616010924
7 0.555320895997114 0.48500278903812855 0.004895449404285435 0.012175984653962357
7 0.5084864989926494 0.4754554265222075 0.0018123309341675498 0.010344469375046905
7 0.5269509399204491 0.47545261752962353 0.0018849149055909509 0.010345713313501703
7 0.714728000062725 0.45296921727887857 0.017851652923293382 0.03977654299550215
7 0.5638728751077828 0.42152002289952273 0.00661166048794859 0.03439198104134106
7 0.624072457860899 0.42148979822259786 0.007382805633038503 0.03440576119635819
7 0.7090181213785336 0.5288494591259525 0.0019829668758541974 0.00567090367649159
7 0.2931883319083689 0.466956037527243 0.012403061533946713 0.027668515860301113
7 0.2424812254725165 0.43112115290392183 0.007982159408022854 0.030044690590508516
7 0.267206631260799 0.43763380744476876 0.00697189157133804 0.02711235118407984
7 0.2919513238903867 0.5200939183893502 0.0011618620070116825 0.00399475832745555
7 0.22915421641398778 0.45340918358590787 0.01837512792070095 0.039393582813224304
7 0.38055827202294196 0.42391773612102035 0.007126526741819572 0.033303542231627736
7 0.3223258868303551 0.4239460743545094 0.007839607623281841 0.03329064207841781
7 0.43335371519249727 0.4850347147370487 0.004937273602029557 0.012148521606410112
7 0.43751441847876493 0.4776182201822746 0.0018505298607933707 0.009399052701613175
7 0.43528738801141253 0.4768644278929214 0.0019229802508314853 0.009728370945447928
7 0.4325916561235591 0.494927426489838 0.0035867333048604233 0.004386048375141616
7 0.8695349453362979 0.418374483613573 0.03453858989083025 0.07009434522153091
7 0.7355056714995653 0.41153944297229095 0.009929599975561976 0.03894131499479114
7 0.7722386646912284 0.39773217291703367 0.012100586314710116 0.04528572815950482
7 0.8607720808006428 0.5497020986267004 0.0036229707144486145 0.009841171421752337
3 0.5012172094881497 0.514017082679565 0.010544937177610347 0.02121311186013397
0 0.00378422292438167 0.5397963894261407 0.00756844584876334 0.04038040771019946
5 0.43333220650785786 0.5110736480299138 0.008019168308885438 0.011765039005291689
0 0.4103368086720315 0.5377155601598564 0.03447987191205654 0.03837499080913287
0 0.46988158216191817 0.5133916180129936 0.02198115057637573 0.01072480489419314
0 0.15114258924494337 0.5371108678171672 0.0798330037098664 0.0356144431269092
0 0.5210074929870482 0.5162059344632084 0.011759056243605182 0.014410267816313493
0 0.6299433662391078 0.5495368336949351 0.09566629148829842 0.057804262524347005
0 0.8679473428757825 0.7934270650706381 0.2641053142484351 0.4131458698587237
6 0.9829201846510929 0.5230331517222179 0.0075378740140782385 0.0338983849983121
6 0.9153265210790753 0.5233118305460176 0.007099014101286105 0.034297785213520116
6 0.2429407439006625 0.5230604163207406 0.005586965327569832 0.03394777485025413
6 0.3931762251138873 0.5169485770276181 0.003303828526389385 0.0251926211903436
