7 0.6759420877116564 0.4744823333095195 0.014330144048515181 0.03253267858307607
7 0.601326641042141 0.44879994344926954 0.00584930750474888 0.02798772619196188
7 0.6714143517481846 0.5367356648358601 0.0015788442097373068 0.004649082363222035
7 0.28414730067801774 0.45544085871789125 0.006377999486831654 0.02503850554959708
7 0.2771487581146195 0.47476566101158935 0.014728812428753069 0.03228693838885066
7 0.4014722073595444 0.45043748509104126 0.005694227096592286 0.027258532908171706
7 0.3535213912098122 0.45045375547543837 0.00619809282229683 0.02725100805393932
7 0.7672015152887308 0.45365470937408403 0.02356492850015257 0.05033946825757618
7 0.6881375060805459 0.44223328625130764 0.007486227150605873 0.03091533838702981
7 0.7108729271200775 0.43359504675041083 0.008703140835521483 0.034785276324062975
7 0.7628006936101864 0.5488990038598329 0.002287155024516041 0.007122644336724826
0 0.7175911054767343 0.6988399883399448 0.2237154262443255 0.25552820398365594
