7 0.4047756759103228 0.4595891099732585 0.007679510621377339 0.033930179336254196
7 0.3793531778829141 0.41186239133995145 0.008639543473990097 0.03837597517725211
7 0.39349983710582725 0.4221519147439541 0.0074548190557347516 0.03371871721885805
7 0.19928382772325587 0.37911528076775197 0.03901376558311773 0.10861209914265024
7 0.32132039019775904 0.3881615220421349 0.011956018210997288 0.04921806801237216
7 0.28475656481273875 0.36535296521896654 0.01514884837846131 0.05980269923575715
7 0.5899249942070326 0.46092914186731654 0.007476333125758572 0.03336831052549738
7 0.5139319614502957 0.4350950234398142 0.0053915392762342584 0.028224405221754678
7 0.5882633013228544 0.48758939576053306 0.009742587927451196 0.011820338711268696
7 0.5850812876203706 0.5237995148955903 0.0014381818536364221 0.004682579036031531
0 0.1384899106864162 0.8156074995288038 0.2769798213728324 0.3687850009423923
0 0.523305528368609 0.5961133346578062 0.0897017649684112 0.14092077814630277
0 0.37778415167133794 0.5939134083426912 0.07176181193162795 0.10827615294022386
6 0.8402219048405368 0.5986085960529658 0.027222040897259325 0.14473250249815584
6 0.6427337013706882 0.5279647061615542 0.006051623323923394 0.04191785863933195
