7 0.4228410700068763 0.4700510627647915 0.005404263421320166 0.02563053105373525
7 0.41042415270967003 0.43873704525854107 0.005752360898150066 0.0267514353477441
7 0.4176530525658822 0.4440028981803338 0.0051955288842956415 0.024401335561964388
7 0.34114895522595967 0.43899122866176316 0.014237405066756914 0.053404173117397646
7 0.3789651763014652 0.4278901339339128 0.007115605112643086 0.03161744212020379
7 0.36455526284230766 0.4188968715756884 0.008180969108146752 0.03567748942138038
7 0.3427655511948362 0.537476265372745 0.0018854905438489555 0.007335910681348756
7 0.5637573373163144 0.4710346890909828 0.00527567898133019 0.025241147966143407
7 0.5058700210475037 0.4514011744512041 0.004074556443739441 0.021355880753442247
7 0.562524445591501 0.49130027630587936 0.007331981314329883 0.008996236013445624
7 0.560071823755447 0.5188766953085189 0.0010682313630931972 0.0035589362972240357
0 0.2588256456997374 0.5511797619328533 0.0791177913549112 0.0520576644364813
0 0.16650882586588484 0.7981352030468731 0.33301765173176967 0.4037295939062536
0 0.4946607542677588 0.6412550447329669 0.1107043283618871 0.2105116574424124
0 0.3352307863505335 0.6381947754989428 0.14156192453909272 0.16631372562267577
0 0.2591792056008334 0.5347018445081985 0.06288587308428278 0.02739829542158545
6 0.5900963523594813 0.5541792916681867 0.010198163762534018 0.07223051596485508
6 0.14404167127199666 0.5618891836411877 0.013516443676121648 0.08076397619733422
6 0.1989551904209933 0.5278128895326588 0.006433197819059655 0.036218489771671636
6 0.9304569239750091 0.65016432264167 0.04458307936762507 0.21874054712555313
