7 0.49776352313032557 0.4878545579565893 0.0034709166750810927 0.008984053250052915
7 0.49895927617111463 0.4795519025769059 0.0014196006449552767 0.008167261784254976
7 0.4990268716493073 0.48008839759796174 0.0013791140610281971 0.007933882821745397
7 0.5486493380983337 0.48576639379591824 0.004306536504428027 0.010760132776958864
7 0.5072376304442017 0.47733194783792954 0.0015985394241258 0.009133895543313841
7 0.5235570181669518 0.47733005189489797 0.001655345464878888 0.009134699422544468
7 0.6505751168797027 0.4658275350324376 0.011972793256410097 0.027818488700383948
7 0.544478296547517 0.44390498606994444 0.004459648250043746 0.02387542711227475
7 0.5866161356566107 0.44389250949760684 0.00483817173527612 0.023880936135731834
7 0.3401299756919948 0.4734161560615786 0.009260172998264649 0.02130596725015399
7 0.31247382610724667 0.44878698480655643 0.0052419169378084 0.021700991442077988
7 0.32592942455045926 0.452328056663617 0.004767091022396308 0.020128201250067146
7 0.3089113849951777 0.46603485407683776 0.012258642807369935 0.02764112316243833
7 0.4153360844184566 0.44508577481939926 0.004735162824074157 0.023348920972258325
7 0.3741561630126041 0.4450977013965326 0.005093152193328898 0.023343660459017312
7 0.4407883710969138 0.48579044522360404 0.004341720828870355 0.010739963259663365
7 0.4421397069527412 0.4784411628623863 0.001688924787793089 0.0086508049684072
7 0.44008937083117405 0.494538146018321 0.0031613463205721892 0.0038803118695749372
7 0.7122932662514667 0.4518457047144131 0.017876654896814892 0.03988612937751429
7 0.6585390973348224 0.4391949082097169 0.005954050245584264 0.025980483408293953
7 0.6743732373606548 0.43321964647918176 0.00672328994618232 0.028661108748142372
0 0.6239433853225638 0.5369388657016521 0.0689899267766455 0.03924995808805509
0 0.5176894784125756 0.5101040044128005 0.010726998797016996 0.017635180170100573
0 0.732321132952926 0.5252306270943996 0.05827883595224581 0.028648812604226914
0 0.45352373096154863 0.5185766684858257 0.015639076769154048 0.017352758355256737
0 0.5009424003093936 0.5111173269563807 0.00954174952432274 0.01649249642259687
3 0.49994641817041363 0.5442103467115975 0.033348428055679114 0.0685206703693747
6 0.44726499839197864 0.5087711805983434 0.0020410731761904555 0.01478244848677801
6 0.43287962042112776 0.5082552434945629 0.0016367021855030472 0.012614800071237275
6 0.419874627837297 0.5087783827006482 0.002081719530412196 0.014829032422024935
