7 0.6330144047996318 0.4657983152179741 0.014007176580244418 0.033008471037272946
7 0.5068560151414737 0.43974737238267747 0.004894749416355149 0.02841437315343348
7 0.556882405286105 0.4397312551165473 0.00542719810454495 0.02842228369886285
7 0.6282048184962674 0.5289822998571341 0.0015170635006060973 0.004720760973860316
7 0.28476638287949757 0.47508454413942536 0.010947847924181686 0.024222354524957967
7 0.2398481163579123 0.44613992365346183 0.006804878004966514 0.025386680554802643
7 0.26134866865948386 0.45064816880240266 0.006058849804294164 0.02326054523104437
7 0.22848787738421883 0.4660579759932978 0.015345710011352848 0.032758045188414964
7 0.3550926796149986 0.44131226964027304 0.006218090507929264 0.02767150417575992
7 0.3064123092717822 0.4413275324943414 0.0067172793051736845 0.027664014086383415
7 0.7028417586345015 0.4463882220237829 0.022861709312743783 0.051494703739806136
7 0.6405995372105064 0.43337150883213515 0.006971622965962432 0.03144669989726262
7 0.6578880542780654 0.42497263826301424 0.008064833763755108 0.03546047291800675
7 0.6989140311277507 0.5437358268977401 0.0020531519488891092 0.007301841988052393
0 0.4829268384806 0.5163143201315706 0.0118914366549151 0.01698233978676278
0 0.05863036644009356 0.5227677156413034 0.04322346870715615 0.020070492617781266
0 0.5002614640457979 0.5697172993325361 0.042896518414998974 0.07277949265833805
5 0.5042344508966102 0.635237145249284 0.03472955730488331 0.14561373570189462
0 0.5003558280306252 0.5197674774140819 0.012049573676506276 0.01881033034691504
0 0.40765626656055887 0.5725062964712844 0.07196162251163518 0.10624811662098776
0 0.7459455003124063 0.5380419303181052 0.06978192331731192 0.03675060990684764
