7 0.3767089334117274 0.4784157122662298 0.004706009153424562 0.01906678838466508
7 0.36035942830993073 0.4578782484113738 0.004389509728627172 0.018775474632494793
7 0.36863500089567924 0.46042866468701843 0.004064173929505699 0.01758649334280149
7 0.37765925703573955 0.4937686690570069 0.005778121240241518 0.006873484921857742
7 0.5422668229555978 0.47898821638362454 0.003547456292170348 0.018164965330224936
7 0.47293023313419524 0.46480729256663544 0.0029956796622712667 0.01537681829826787
7 0.500298401578319 0.46483186028228174 0.0029252731602516513 0.015364554238153638
0 0.4966223140950372 0.550349942910673 0.03560000107317923 0.06530292355453793
3 0.3766262103020151 0.5864714920577074 0.10749585031083553 0.17678068457659463
0 0.4752215995192558 0.5202812303002724 0.0185015558354511 0.019252660323726745
0 0.43014314308224133 0.5579981666288796 0.05135647640414093 0.0646732289231845
0 0.137989405125782 0.6600397276921454 0.275978810251564 0.25679215985647597
0 0.64924741834044 0.5244711461593246 0.04559176573317225 0.025880328431135524
6 0.6972572838596426 0.5696920517318856 0.014140326370358558 0.09192428078928638
6 0.6372033742612828 0.5416353167807122 0.008021161092171436 0.05546328888205554
6 0.644075416772987 0.5278889163709206 0.0048951732149492555 0.03766010869574565
