7 0.3869903454942394 0.4816683841254362 0.004211240039368291 0.017569334036370288
7 0.37364230951762134 0.4629731310186912 0.003920977521074731 0.017058559418967
7 0.3804800840579275 0.46520948887450325 0.0036583545401513984 0.016071563840422298
7 0.3879016228830463 0.4958013446666427 0.005294661853033011 0.0063395771643984244
7 0.5396620346103348 0.4823828664114935 0.003245058278130264 0.016803928969753412
7 0.4755547961733816 0.4691966136365222 0.002763339916266261 0.014208342075081593
7 0.5008492231323818 0.46924826055836244 0.0027088416174134156 0.014198501338965441
7 0.5371771710246389 0.5144154429552645 0.0006983116186741745 0.0023795643890053286
0 0.424226189299881 0.5209665081780359 0.019043421787363457 0.02289060026263401
0 0.4447509865544144 0.5246882843274214 0.019575426473198654 0.02159060459402784
0 0.4978346532170399 0.5475408002778904 0.029551262688030766 0.0453979360898662
0 0.4532943690256228 0.5207445857896866 0.016980823621346286 0.01896916556272299
5 0.416359039671723 0.5734650001531046 0.02836165732514251 0.07056181107297954
0 0.5006584057891741 0.5334955105260004 0.02664442073176171 0.035392130559827595
0 0.4432249493319765 0.548132313844973 0.03898294604446584 0.04823956722001366
6 0.5828907704964432 0.5211764539976069 0.0031825022136332537 0.02427074805860452
