7 0.6416709130356395 0.46924511131620383 0.011179455959641427 0.026143864904475733
7 0.5418659876103997 0.4486592038726635 0.004167868127756713 0.022411505282846744
7 0.581475191417416 0.448646250491056 0.004501071233586007 0.02241662277118589
7 0.3476080959916048 0.4760042998048092 0.00877789760422415 0.02030806177665423
7 0.32284443725245815 0.4529839839156006 0.004869235290757057 0.020483405283817868
7 0.33491382288208527 0.4561416317712395 0.004454215381426652 0.019076389961222295
7 0.32028977188741126 0.4694412141896388 0.011431980266415676 0.025984719434190562
7 0.4203733807853147 0.4497044282953536 0.004413425876851729 0.021946151099240585
7 0.3816151609445788 0.4497168712268742 0.004729185886384435 0.021941251278391638
7 0.6483185047550348 0.4445353429369134 0.005469004921829557 0.024257210889367053
7 0.6620671373826028 0.43937058365851434 0.006117049924129536 0.02657831596730753
0 0.6830572469309892 0.5260660306976372 0.05129836417983691 0.025675527790438246
0 0.47964726833727317 0.5352979509929371 0.052167773101945536 0.040019773629072164
0 0.4997165974555706 0.5761758823218965 0.053393204614613665 0.07876036988231483
0 0.635472492667324 0.5284341702792195 0.05202610391441853 0.02668272957580342
0 0.49849837119659934 0.5239363653141844 0.017174539832341518 0.020799489181526964
3 0.47756363313381467 0.5156642602074549 0.014328029534366182 0.023896374345137916
0 0.594668329536934 0.5782227265410845 0.0747871618718059 0.09558345795632217
3 0.455652660373569 0.5134701831283465 0.018195585238084788 0.02826248842840151
5 0.30936516276221276 0.5797668960991614 0.04497189404491364 0.08965280803014375
0 0.4796082510857306 0.5163009064341636 0.012598847347996489 0.017918331396513887
5 0.647775701670564 0.6123418050331662 0.06805028317007245 0.1296742526686906
