7 0.684681261528319 0.4596720148440256 0.015050465559049098 0.034197350863837794
7 0.5546411103751453 0.4326682069000458 0.005589647718920121 0.029468426223416333
7 0.6064215686427884 0.432650062802988 0.006159198184263914 0.029476658764859165
7 0.3136888470422962 0.4704672110940746 0.010993014804732026 0.024858088395292133
7 0.2741790865075089 0.4398687418409608 0.0066782718466759095 0.026226311915396483
7 0.293385339545462 0.4449157877074789 0.005942415258164135 0.023963627739443272
7 0.26592635956494626 0.45997809665435774 0.015465666427773972 0.033931171386539116
7 0.3964669443646156 0.4344355657307655 0.005986673497177353 0.028671079935849608
7 0.3461234473833471 0.4344527312635832 0.0065198888546254 0.02866329983132293
7 0.7883257024575074 0.43646765739914406 0.025572619557148957 0.054445800629849994
7 0.6987095683383857 0.42543444312942996 0.0079446130498817 0.03274162975701056
7 0.7242852936798834 0.4158245248807098 0.009324861371089455 0.0371150362532735
3 0.5199378632527654 0.5129276848264391 0.011817165517671535 0.020079791946895575
0 0.4532882201423566 0.518766264602425 0.016786665902642994 0.0194832849263169
0 0.4737836002087106 0.5205696186985667 0.01675236780083078 0.023117068655393536
0 0.44793831560705577 0.5201657206878347 0.018615875492763445 0.023102102515355605
0 0.36826841647835945 0.5428686586317817 0.06502153869186766 0.038889481482688226
5 0.5011647039587306 0.5142424141786761 0.004533033732016856 0.014835538570641349
5 0.48514964252447335 0.5338997364569604 0.021921280672834553 0.03511102821136891
