7 0.6663920093334686 0.4513249059027252 0.01796506444586954 0.04148401582841649
7 0.5085265554765083 0.418496113777882 0.00616199056031852 0.035912041471270584
7 0.5712854982794133 0.4184681223683723 0.006998342427024795 0.03592475274501039
7 0.24736624462464626 0.4663325312760022 0.013178786471329362 0.028494650567668756
7 0.21354778280257125 0.4358615632704963 0.007762826162997283 0.028056936203717908
7 0.1607807031498159 0.45178054195574247 0.020032125218632374 0.041088580558399534
7 0.3193236373477589 0.4210880469538232 0.008203638600395635 0.03473371575522277
7 0.2586696362927875 0.4211142346070896 0.008977035612133477 0.03472184564594283
7 0.794542129379141 0.4124710236604158 0.03537073737729857 0.0755741694189015
7 0.6810869240418036 0.40758829851824663 0.009589201882746479 0.040893910562005364
7 0.7109113365295763 0.39228131003682865 0.011704097696109805 0.04794719055504809
5 0.47854162079927254 0.5180142421570046 0.006222083495350528 0.01774874857017683
0 0.4476175449387715 0.5213387662308783 0.016359917794068368 0.02170765083876547
0 0.4421261804684376 0.523828483446326 0.01853406761707843 0.023371505202117615
1 0.4169256436764871 0.5042584287436973 0.044037698649874224 0.06439072243160332
3 0.4815004872587929 0.513654786012777 0.012772662749570451 0.020997461042780108
0 0.4678395244757587 0.5236817795239108 0.019416901209728554 0.03183698613921415
5 0.05539632669058207 0.8457915150639842 0.11079265338116415 0.3084169698720316
6 0.3742881595564008 0.5148157432629505 0.0028617228255761185 0.02164832395555727
6 0.1169830187390131 0.5240331881776095 0.006974434971760521 0.034852821130211376
