7 0.46267164575180353 0.47337795583208025 0.0023311810753027795 0.011612502594161356
7 0.4641027423282332 0.47444382910035504 0.002232897563308467 0.01114633243525276
7 0.45025021936406756 0.4806625979647637 0.0032566703899835625 0.01672500585809855
7 0.45350491191784237 0.47148132843261037 0.0025356644426197117 0.012442815636737492
7 0.4514092926083212 0.47014930814530786 0.0026628462021343613 0.013026565536887136
0 0.5828006025378868 0.5176239775853057 0.03062941953716991 0.01611111373790952
0 0.2774409344788845 0.5151951303664855 0.030686694087041833 0.017927491664503914
0 0.5000237746835066 0.5244922878209559 0.015581329488017936 0.023519601427336778
0 0.26608661128328714 0.516557989310646 0.03573095304860127 0.017327486377069268
0 0.4470775999811427 0.54425565970252 0.032426171526579894 0.04618675796329552
0 0.6944598168890637 0.5562735969302086 0.08195525939312953 0.05592619579279012
3 0.4521388103247536 0.5140745169840395 0.02741992758838796 0.020879262632863105
6 0.2647389357101054 0.5250814896025968 0.005902128305898646 0.03564341606029264
6 0.5075562359861991 0.52084443403945 0.0028288666893588887 0.015672071838177204
6 0.37891822267245573 0.5177361776363454 0.0031440890530270993 0.022694369307892814
6 0.5548740316711531 0.5145522414361277 0.00262577398133379 0.01899511077228533
6 0.26151082964288475 0.5157341915766036 0.0039198487704818485 0.02226214142835925
