7 0.48399840833428304 0.4886402658062601 0.0038148142752155723 0.009766240025699535
7 0.484184163021106 0.4794864005852393 0.0016025713716357193 0.00893905208678708
7 0.4847162229473845 0.48012561883526916 0.0015512264496726491 0.008660235617311884
7 0.5372593053290238 0.48613737584036676 0.004716990070453897 0.011901889680718314
7 0.491414473387638 0.4768047822581425 0.0017831608955920508 0.01011010704388332
7 0.5094658420324776 0.47680247142594967 0.0017764900923737947 0.010111113653614445
7 0.6486193224504715 0.4569732738466635 0.015836068188738728 0.0369925674014534
7 0.507604378297009 0.4277399780363193 0.005486086099580567 0.03193159282823699
7 0.5635886160676704 0.4277176960510065 0.006151180111014454 0.03194166143202193
7 0.2666242790221632 0.4693472639961892 0.012012910895324524 0.026300921322920667
7 0.2384290358711244 0.44187982372644186 0.0068507119986633835 0.025566279013489124
7 0.19670494366061608 0.45733684542817504 0.017494007767816427 0.036677625610802456
7 0.33826604683053785 0.42980885366545407 0.007125387379696924 0.030996397017436894
7 0.2839631237767057 0.42982984511431443 0.007744875297831855 0.030986925475787908
7 0.418047146611829 0.48616653500200746 0.004883968381415582 0.011877049726124578
7 0.42338508090332994 0.4788751591313719 0.0018606067821533845 0.009205796327681426
7 0.4207328210320368 0.47815207457271874 0.001933385221509265 0.00952148552060339
7 0.41735472213928004 0.4958387114043746 0.0035348461125365715 0.004288747483469524
7 0.7423619304200815 0.42845657356312444 0.028085944213748437 0.06188947145332557
7 0.6592371150141518 0.4191877737963884 0.008141444695671574 0.03581160242255482
7 0.6818214938231226 0.40759124756924703 0.009647761028683366 0.04110897738212066
0 0.01929443398354705 0.5495676391661645 0.0385888679670941 0.04723350134836357
0 0.15085224845847345 0.814102059678854 0.3017044969169469 0.37179588064229196
3 0.4997285062903126 0.5564724398540377 0.06279902434019213 0.11547904701071454
3 0.6731068623466356 0.5418033948952123 0.13323124976225798 0.08591091933141964
0 0.047408506826963286 0.5369176819790193 0.08653448332189899 0.04086647470973259
0 0.7723671107716308 0.5391207301298426 0.07759489045501233 0.036771071547904266
6 0.41638284450841545 0.5126651280620391 0.0024769478242702148 0.017904097782535655
6 0.3863727300227332 0.5134027588895335 0.0026724336014842254 0.01895791027325311
6 0.4183833511424371 0.508820709345504 0.0016384881848048316 0.012407590773058308
