7 0.5670671837566973 0.42747476707223653 0.006105798543322605 0.031921481348788416
7 0.6232344792158768 0.42732767632991847 0.0067939539857032605 0.03198814867096578
7 0.31241784104484593 0.46925931347591976 0.011547712694166323 0.02610453388864331
7 0.26819620996100424 0.43639949010344126 0.007194908319489157 0.027891784442654555
7 0.2897053730110672 0.4420645907323773 0.006353078260827649 0.02534706345404325
7 0.25777285750328144 0.4574528334957668 0.016603440991278307 0.0363185516590529
7 0.39692184196303937 0.42990334244118994 0.006486619504207536 0.030822364723770423
7 0.3431882571968622 0.4300401433120249 0.007075873702152791 0.030760470670449014
7 0.8370329720124463 0.42773134710014005 0.030201614755744344 0.062314717767008976
7 0.8299616331800381 0.5447937817299966 0.003064277651672942 0.008763160452923469
0 0.08407581330155123 0.5406098050034303 0.11866278407253816 0.06209913661325839
0 0.13367448472159316 0.5368062869571558 0.07163417382021878 0.029025211220952363
3 0.32556703449862334 0.5296868403161175 0.05593543916155086 0.04377138603889874
0 0.47228581306354245 0.5135854228574396 0.012055795040512296 0.01794500773992702
0 0.5289229306190273 0.5152775154887081 0.012817245718806158 0.018744069503719984
6 0.3961375248998915 0.5187418279571261 0.003528413349794368 0.027073446784033228
6 0.9589281314163773 0.5224061752110789 0.006995881566202122 0.032313580682981846
6 0.8685954252825044 0.5632121826781442 0.017611317289348172 0.0910063461721563
