7 0.5670671837566973 0.42747476707223653 0.006105798543322605 0.031921481348788416
7 0.6232344792158768 0.42732767632991847 0.0067939539857032605 0.03198814867096578
7 0.31241784104484593 0.46925931347591976 0.011547712694166323 0.02610453388864331
7 0.26819620996100424 0.43639949010344126 0.007194908319489157 0.027891784442654555
7 0.2897053730110672 0.4420645907323773 0.006353078260827649 0.02534706345404325
7 0.3113320314751582 0.519396719380973 0.0010669049519899665 0.0037663176244053798
7 0.25777285750328144 0.4574528334957668 0.016603440991278307 0.0363185516590529
7 0.39692184196303937 0.42990334244118994 0.006486619504207536 0.030822364723770423
7 0.3431882571968622 0.4300401433120249 0.007075873702152791 0.030760470670449014
7 0.8370329720124463 0.42773134710014005 0.030201614755744344 0.062314717767008976
7 0.8299616331800381 0.5447937817299966 0.003064277651672942 0.008763160452923469
0 0.08407581330155123 0.5406098050034303 0.11866278407253816 0.06209913661325839
0 0.13367448472159316 0.5368062869571558 0.07163417382021878 0.029025211220952363
3 0.45351551465397805 0.5195077532927715 0.01727345611557185 0.02858736250396099
5 0.13875093733827432 0.536691303056005 0.03135139326776923 0.03725052318225941
0 0.5280848895707392 0.5151798534119882 0.01131254673706561 0.016634652099152825
0 0.5297964792218943 0.5161244311607452 0.013553944535044327 0.01979756704888036
0 0.5335566896784132 0.519562017351259 0.0167913942554182 0.024145027104971684
6 0.41026228787304897 0.515454002646987 0.002877463496589183 0.0223703023267785
6 0.22597889515623193 0.5220621499470528 0.005679277782804915 0.03182775488746148
6 0.9589281314163773 0.5224061752110789 0.006995881566202122 0.032313580682981846
6 0.06381878315123597 0.5592122347318059 0.017866344086658575 0.08528579178819418
