7 0.3593305845558678 0.4846818077447259 0.005476572415490044 0.013334536207282366
7 0.5138171023870592 0.4487293765272354 0.01819590677304561 0.044732089901564964
7 0.3376840309256264 0.402125647482124 0.008091995521135764 0.04410428152230833
7 0.41333714672817634 0.40707816150671894 0.008389136024666566 0.04177572041821914
7 0.051611192529730315 0.3875472824944544 0.015043812348557208 0.05102570624224845
7 0.670499148648029 0.4070976732762629 0.03308470198756064 0.08233761240513726
7 0.5341096228769193 0.4016190912114055 0.010069038501479333 0.04430570372653142
7 0.5710421603542868 0.3851504613265264 0.012170593559085785 0.05206744480493558
3 0.6107622384649667 0.5607427810569579 0.11276859962921204 0.09354477992578059
5 0.3418254398644608 0.6115279625836827 0.03496043363159562 0.12849115267495592
0 0.5826089639306831 0.5389158887973261 0.06969710375653149 0.038509898510008744
0 0.20258045963311433 0.5279491668160294 0.032429608121980674 0.036750379732212624
6 0.30503505430220235 0.5315579440929815 0.00488272141796825 0.04025080351249111
