7 0.6033127386066846 0.4742286011415855 0.005872596786589579 0.024971086302280898
7 0.546246907554095 0.45486907264067034 0.00428081514032419 0.02109504377456478
7 0.6020618154837298 0.49428732177719137 0.007401231909501482 0.008903242835783087
7 0.46445569477926985 0.473365728055705 0.004643644361467858 0.025266659143117987
7 0.4606770989571982 0.44273405617002926 0.005250917889444762 0.026282600640749776
7 0.4640295608007269 0.44780285573778755 0.004777473191852177 0.02401048415256468
7 0.42101728119173937 0.443868265741893 0.01099322810519221 0.05184522764639382
7 0.43757957260968355 0.43236617607366795 0.0064074742287650865 0.03095299113643246
7 0.429932770285972 0.4238006293643013 0.00728122709220641 0.03483419349575928
0 0.7913235451395646 0.5324818706944969 0.0637913495389999 0.03608073724388139
0 0.40474595192406626 0.5350706923522659 0.07767412289293962 0.049404545615251094
6 0.6933261968443603 0.5245909105453153 0.0052555774813768386 0.03141763259115937
6 0.6240430852688166 0.534666046000565 0.004808918996391132 0.024321409075123812
6 0.58414159857395 0.558021235667749 0.0102295878788905 0.07140988675443405
6 0.9108181070003463 0.6015375934972511 0.02865242938645851 0.14151653063857028
6 0.8155680163866907 0.5435952744595325 0.00883107248470516 0.05850436239660639
6 0.6420721120340138 0.5301077145550439 0.00489675539364931 0.03541191567322577
6 0.48610471560678736 0.57034982165286 0.011801341645051477 0.044568106538182994
6 0.8751463126127705 0.5490886406812322 0.01316088436248286 0.06626429648237231
