7 0.3899475176795826 0.47671280912615266 0.0052530619879005425 0.022160457615780338
7 0.3727462833703389 0.45124422927683416 0.005131624207070029 0.02240484906050949
7 0.38172069506379175 0.45498547525609995 0.004690353852735418 0.02073232024501448
7 0.3911180328615007 0.4944795836863092 0.006648139566350408 0.007980298751635917
7 0.5797520661782627 0.4774316186602211 0.004655919943572617 0.020987452877361867
7 0.5001563809487501 0.46116296521129996 0.003363178367399078 0.017745053819493484
7 0.5316444379021527 0.4611560108575935 0.003552122130634716 0.017733661691673397
0 0.5842463385591105 0.5192269412834583 0.025322675278655504 0.015410657039110376
5 0.6668727781425292 0.6452727894496618 0.07049659463292057 0.16093607160858658
0 0.49786711943869444 0.5378420163365021 0.025621801728939575 0.037015404174840505
0 0.5170256778201751 0.5178986998555928 0.025000245716972458 0.01697020058790699
0 0.5618589019351361 0.550868935293748 0.0429146397227359 0.06638121406188424
0 0.5938154719393188 0.5872927617374171 0.05143680165152298 0.07678241124808804
0 0.4972671438220045 0.5778713337410111 0.06831759869449894 0.12219050697636746
3 0.613357030694855 0.5355168957668974 0.05959127653147511 0.05126377248379266
0 0.49778303712742955 0.5523275175283041 0.037378518714198616 0.0575351997038962
