7 0.6439578485490207 0.46157159027893846 0.008846457471491598 0.03397662787081718
7 0.5669596951761591 0.43539542691956035 0.00594408374512001 0.028689604454304407
7 0.6421932541991717 0.48871306874079185 0.010193711537271444 0.012032535166362268
7 0.6390616363651391 0.5255727919458674 0.0015477215800417943 0.004768403273806898
7 0.4564231988003786 0.4603885441912746 0.006596821557105226 0.03439477516655204
7 0.44636369831539435 0.4117206993337009 0.007975043498294532 0.0390994315130207
7 0.45341890389318945 0.42231146232925365 0.006935504813566751 0.0342762518381593
7 0.3383195521727975 0.37612224717364295 0.029873066201496157 0.1134442835001101
7 0.40400693782544417 0.38722261399889646 0.010898146689678756 0.050379753032985974
7 0.3826303721286761 0.3633770094851926 0.013635033837579524 0.06152486984860123
7 0.3422709379830523 0.5760319639151743 0.0038412362302787106 0.014971223061947758
6 0.925748902709151 0.5769434575317751 0.022823448824722314 0.11019945573725753
6 0.8535153294615503 0.5836212467144537 0.014087626931859942 0.06671508337941157
