7 0.7191991976443164 0.48431535330568626 0.007017809579113465 0.015958079136325964
7 0.655312721162443 0.47280437564899075 0.002461707895505816 0.013146013911029986
7 0.6800582982376936 0.4724307269033967 0.0026423887177979832 0.013311683163240218
7 0.5336144935051739 0.4883159441300253 0.005103626882251855 0.012490972618281082
7 0.5267246065489286 0.4860937303256193 0.005893415960243953 0.014415458872801046
7 0.5826617342640859 0.47422583910896876 0.002416175056657255 0.012516237067808522
7 0.5604856653239789 0.4745569102661688 0.002461782373275545 0.01236966515386817
7 0.734612933091565 0.4806347222946249 0.00856001278448637 0.01915784071540222
0 0.5815468964103425 0.5180198864310217 0.02499368840856253 0.015171340245129894
0 0.6427593150592916 0.5197225187509096 0.030619999044833257 0.021897926491856512
0 0.632594093761891 0.5131449079752144 0.007486694146985329 0.010921502563486007
5 0.5984833713135338 0.6333538059702721 0.04029413020014161 0.15240317524634062
0 0.6620920422218214 0.5313994513787943 0.02237107772765179 0.028498055125457777
0 0.5879791819095994 0.5194153813849645 0.014421798985150613 0.01794920697420399
3 0.6663866143089534 0.531133250091343 0.02695372888802139 0.042830763851887776
0 0.977413810234608 0.5499528498819022 0.0451723795307839 0.044824411916624896
3 0.7348952575756793 0.5359950346834567 0.06976235341667214 0.05042525569991896
6 0.5684347778441254 0.513051450393277 0.00172551438511237 0.014424647000721547
6 0.5240057321591673 0.5140259052881276 0.0023736956869475634 0.015806686298148298
