7 0.49789407641344685 0.4893700193302453 0.0033771447165631407 0.00874062842519363
7 0.4990588133078563 0.48133265725098273 0.0013784811452683954 0.007928902747600441
7 0.49912397426421856 0.4818371990181278 0.001340275551033554 0.0077087627773259615
7 0.5471557561767944 0.4874141544322712 0.004162303221917463 0.010412976141258301
7 0.5070725369771654 0.4792535619473477 0.001546111648220494 0.008836830612906132
7 0.5228661733007093 0.4792515214868963 0.0015991114965105968 0.008837628778923412
7 0.6388040186130289 0.4697349183450983 0.010930582383223753 0.02561134348549632
7 0.5410086845309177 0.4495690902641224 0.0040761792496403215 0.021947726653378685
7 0.579811875209251 0.44955750685236784 0.004396019926175665 0.02195266418438596
7 0.3500144919135122 0.4762641702391835 0.008624009416702438 0.019985042387545393
7 0.3261469304778228 0.45372889988531473 0.0047536953634294 0.020095129238244303
7 0.33778738811802134 0.45677898774797887 0.004356570821525907 0.018739168359511005
7 0.3238949210200769 0.46991637621495863 0.011173429680942315 0.025458308844960142
7 0.42195631010652457 0.4505716286195198 0.0043127353315741135 0.021501145748209438
7 0.3839706925527534 0.45058274734021897 0.004616065790544077 0.021496414155692867
7 0.442755942766063 0.4874380740352768 0.00419528488557952 0.010393732742786765
7 0.4456507268567435 0.48085437867075054 0.0015783816711909537 0.008137973189014047
7 0.4439790253002528 0.480291626955877 0.001630975206003915 0.008383698791804284
7 0.44207261350218174 0.4959042579842581 0.003056865263059816 0.003755972768052007
7 0.6450567832051685 0.4456135776101037 0.005320387506553503 0.023714940163857612
7 0.6581771748642844 0.44067534471987313 0.0059332825930892286 0.02592874709415033
5 0.5222890575072959 0.51756578002974 0.005582716738304017 0.0191956906315206
0 0.5683309000501728 0.5574543065650257 0.044434404296861296 0.0583461242750416
0 0.4984971312724622 0.5261480927878509 0.027098351803411413 0.025903786931893658
1 0.42855276291600963 0.501389363511509 0.03928113654778548 0.027734811368287537
5 0.4200809389021323 0.5667239780207362 0.025472383505206087 0.0677575141223501
0 0.7128078705924497 0.5273667752819468 0.04886343921984959 0.021397354396432755
0 0.7280317355564419 0.5272973081997461 0.05567446429822542 0.026944660846627166
6 0.44699051535619794 0.5121937222751641 0.002016488450406473 0.010319359005710682
6 0.42725474741675096 0.5118695953074769 0.0021091668795716334 0.010054374373457575
6 0.4344726538130448 0.5092744840621066 0.0014199238070763398 0.012332219809799372
