7 0.35775553906945884 0.4687465728480313 0.0067901977636505295 0.026760651406161684
7 0.3306060445798914 0.43547737799396335 0.006779648992846776 0.02822788504573487
7 0.3445566520203791 0.4412786153279853 0.006040990429861448 0.02562487950336262
7 0.35900765382824146 0.49011903478682617 0.008138402959648072 0.009611241387135205
7 0.5841908205851224 0.47043195340085475 0.005732833190606357 0.024844537004393652
7 0.49029607571255707 0.4509006268359822 0.0039816707978075905 0.021108710641572104
7 0.527577463084107 0.45100999395508157 0.004232897405616165 0.02106065190393286
0 0.7403205443870389 0.7197488105425875 0.28323245300298094 0.31405271346140273
0 0.42076799602963055 0.5287053991840678 0.024507930026012537 0.028264601999554828
1 0.4706314686238462 0.5036231563218665 0.05468707361991654 0.06619509216237529
0 0.8912571142742407 0.8405287324572963 0.2174857714515187 0.3189425350854074
0 0.4842513347687602 0.6943058447574433 0.1396018742990507 0.25760458875454606
6 0.19148813043970356 0.5500838909356572 0.013242864277118904 0.07210984415040267
