7 0.4369672305218625 0.47270381964618413 0.0024153984168647225 0.011529089092029599
7 0.43938700205913034 0.4737534201506166 0.0023106503297182224 0.011069474684247627
7 0.4417359754571639 0.4948035796556085 0.0036432309584915057 0.004482326098052158
7 0.5491448865346711 0.48497817228773465 0.0023777774880781033 0.012043191708417111
7 0.5031135966448276 0.4755899290924861 0.0019336179860984792 0.01016418600424246
7 0.5212643399394006 0.4755962693081157 0.0019970117230949658 0.01016283615625957
0 0.5307687124789575 0.5225883346387997 0.01976468315375357 0.025596118702392312
0 0.5026125051247603 0.5126664468103755 0.01307537557621774 0.014135135277200783
0 0.5458852442877836 0.5100034993801607 0.01806631629665234 0.010617567185069676
0 0.5464535389741536 0.5177925387000356 0.029527088302088278 0.017470513832649415
0 0.5405330168233653 0.5093948024190873 0.013659554518310024 0.009617546478222327
0 0.5336703865537693 0.5255108739371519 0.018502303029620193 0.025252949858105223
0 0.5021841287767566 0.5223771288058108 0.015314352146459598 0.024506114895613718
6 0.6814672193323392 0.5344873940888799 0.007472141711661884 0.05022466227743627
6 0.2550627703551409 0.5437799192062023 0.01065652978628151 0.06364106760264687
