7 0.5731364106814014 0.4672327061609225 0.005759373307833937 0.027063780961850192
7 0.5111611594512145 0.44624147415243254 0.004368589801946321 0.022879070582784378
7 0.571804582980018 0.48893865595014985 0.007878678531361705 0.00963140514287858
7 0.5691799128912971 0.5184580858633907 0.0011515518982146977 0.0038109465941410514
7 0.4224047534027904 0.46623049457747956 0.005875265670953478 0.027436974150651217
7 0.40763818017079867 0.43166044534139575 0.0063216222149327095 0.029129470111710076
7 0.4161049550133453 0.43783572245060026 0.005656851734053947 0.026364590714785363
7 0.4222759490554159 0.5182703562475641 0.0008497274776456121 0.003904117181825484
7 0.3226238824338029 0.42797929400062923 0.01742284035622399 0.06187562201626173
7 0.37154114704515995 0.4186684176283884 0.007990162074012153 0.03498207202075432
7 0.3537766184698421 0.4075685716022822 0.009348841649889972 0.040020565781381856
7 0.3249600412755553 0.5413006070733523 0.0022659958319531937 0.008444619480416193
0 0.32762932590632654 0.5372689628289155 0.05300088008603843 0.038009869572800836
0 0.16168906444557044 0.5338115686138386 0.061484157900058345 0.03337192420188617
0 0.5008385979229731 0.7016425691848043 0.18306623332259342 0.2872693722122389
6 0.11337125714836013 0.5655466316002802 0.01747859383774064 0.08787064099657227
