7 0.34472784185832156 0.4698747707624407 0.006805684600888817 0.02497626613400783
7 0.3138192426013411 0.4397283495674478 0.006463818084667672 0.025915213989936847
7 0.3291853072635007 0.4446712885538959 0.0057964188471861244 0.023703546400660802
7 0.3457014298686847 0.4898533297206835 0.007661730841236447 0.008976960222094876
7 0.5596070116099463 0.4710597295909362 0.004803486039302141 0.023538021124677233
7 0.4702772242767801 0.45275285278275346 0.003906697098196965 0.019898408248329336
7 0.5055521858719314 0.4527739177732689 0.003777433379079098 0.019890442803508768
0 0.5001312032897112 0.5479740611914047 0.037531605519416256 0.06802527072652098
0 0.6937126895720317 0.5375208618567395 0.06342722299405046 0.04070876451244865
4 0.757759742538018 0.529285106454106 0.02467231481304466 0.03617193750643821
2 0.49982981229867546 0.6101392040060306 0.11587863547416333 0.18870115145485866
0 0.9649119767263734 0.5410382813338819 0.07017604654725318 0.04575264540951607
0 0.4700028354395964 0.5253783090608946 0.02216877027654296 0.026506616266357863
6 0.8205113033089249 0.5463189334632905 0.012724820977593643 0.06782848592310131
6 0.7932794066949199 0.5802003616126448 0.02070896285928714 0.11660752430305188
