7 0.424597959741717 0.4692010743309519 0.00564614237206712 0.02658312496083326
7 0.4109836742324504 0.43622415203442655 0.006043195606985019 0.027996056227500954
7 0.4188444312053844 0.44194130936845477 0.00543208708387416 0.02543257983051872
7 0.33382624350022383 0.4346952028996197 0.015804655142865442 0.057704110857623836
7 0.3771614883768223 0.42432608393290994 0.007556371172554421 0.033360902714988094
7 0.3610669147859935 0.4142993197661082 0.008765447893293199 0.03791331258413433
7 0.33577087634685004 0.5407755008791171 0.0020736363950543124 0.007906257844170983
7 0.5707935402631127 0.47016062409175885 0.005539025509322393 0.02623033496754379
7 0.5106709965858724 0.44980980719295327 0.0042335271450689715 0.022172743159042385
7 0.5695082409541483 0.4912118511430315 0.007633077140647204 0.009341923066982116
0 0.49987031541682564 0.6715676738489269 0.11804416545815333 0.18933538210945544
0 0.45403577035997855 0.5459318874691104 0.07671183584961677 0.04372306949951155
0 0.3652464377803673 0.5407644218191998 0.07004422147323974 0.039846769995320885
0 0.7642695257207549 0.5374137494905489 0.07633522687082617 0.036049498101684896
4 0.7263048990894854 0.5395458777929983 0.026780551032205557 0.04083500543688734
0 0.5648108004017955 0.5365845834602119 0.06734202543641843 0.04802731838690588
0 0.590915150443813 0.540650599280339 0.07623526177316664 0.05376507754102222
6 0.010275161347196917 0.524014653380539 0.007686056173729625 0.03438057576019804
6 0.5825996761996881 0.5239685886563534 0.005408960709595734 0.034341692754820796
6 0.20536618350465344 0.5277433390698762 0.006287608187131755 0.03586784643427754
6 0.6669047244600927 0.5537200732295153 0.012411432603257166 0.07695269402356242
6 0.009749841019856766 0.5620613922243288 0.01828366023064987 0.08369968336332567
6 0.5858966813062728 0.560666421240708 0.010648533574066255 0.07855747670240998
6 0.04571477372523114 0.5707137709127046 0.019129071540738368 0.09163088042836198
