7 0.3279619730314791 0.47322622440529644 0.002129901464465289 0.011512072665877726
7 0.3493512967173685 0.4735290401803086 0.0021075285455893766 0.01136442190111192
7 0.5328056908765857 0.44861857706487623 0.01797742586689366 0.043997823400006464
7 0.3615260563376317 0.4044363353104543 0.007791298298724492 0.042669937234423694
7 0.43440769574787996 0.40853218257983903 0.008161713739052778 0.04071228919175174
7 0.5270776550726144 0.5318102247444166 0.0020053091677159074 0.006262568934077173
7 0.09444178279195736 0.39328407614027683 0.013613328938628155 0.04808123958569649
7 0.6864782860754721 0.40749676188792305 0.03304290076813399 0.08083480685758349
7 0.5526253005856606 0.4022438196903927 0.009943935796180359 0.043560942249317613
7 0.5888193914389752 0.38601020733170677 0.012037462767884866 0.05117037916806255
7 0.6778630731294113 0.5559363400233662 0.003566634573803351 0.011174992313011334
3 0.34040317815111176 0.5150810563668724 0.013710502595255802 0.023192415464710514
3 0.23909577601436588 0.5311353522947104 0.04664053859172476 0.0712036241195585
5 0.6084578847246032 0.5360548612294784 0.03168404135550418 0.038963481531145594
6 0.20078620946535425 0.520722368056789 0.004620668471167044 0.013772261597812085
6 0.7615653247591143 0.5194165974800015 0.00525773151268516 0.029144720083545517
