7 0.4643048995800506 0.47392249926771074 0.002237758340878304 0.01117002609608364
7 0.4527226782976367 0.4810925729258828 0.0030821520194594387 0.01595682689946687
7 0.4556030228974187 0.47217565080716534 0.0024257233868500983 0.011936114838555945
7 0.4536785092151083 0.47095431564777174 0.002541921919787249 0.0124722693873498
0 0.766864835064569 0.5166947845108979 0.02624758632768731 0.022225849450247415
0 0.7675673007839979 0.5458284903809367 0.08376083522534006 0.036533096057440706
5 0.2864686858142822 0.5153009303116849 0.01495122998464743 0.01651647660178368
1 0.5003575616831577 0.5028359259839086 0.04053707710414478 0.05012212328968918
0 0.45026756195995554 0.5138798410491701 0.026277916638683008 0.01841987572994863
6 0.5440326437043425 0.5146489281822934 0.0034229347627263706 0.021362075983555107
6 0.5511604403075818 0.5138919465609215 0.002725240891520375 0.018710985301417682
6 0.536839752418484 0.5144669284759404 0.003379744721677347 0.0211029995574451
