7 0.6383170120418804 0.4393059233015387 0.014717289648496279 0.053691962814680416
7 0.519066145187536 0.3965321084511171 0.009188091322921643 0.04623849163396948
7 0.6355071834263899 0.48166968414827016 0.015756115939519977 0.018767231480765312
7 0.6308302546867927 0.5390127865030425 0.002436927556794144 0.007464612550525551
7 0.33964870972501204 0.4343292296621786 0.014367211019553239 0.05717831658603573
7 0.2595890838821281 0.3151061095774358 0.02120378608210649 0.08430213794379277
7 0.3062585049697923 0.35583431664578064 0.015451664915570706 0.06473957063991675
7 0.3385793712786184 0.5407246009802247 0.0020082946290993497 0.008098195713529432
7 0.014711629245336694 0.1590592115929506 0.029423258490673388 0.16381569172000565
0 0.8754549483858987 0.825037674319113 0.24909010322820258 0.34992465136177386
6 0.738230863923273 0.5464027458683298 0.011908798116823105 0.06772494427737608
6 0.9824024632134971 0.6205927133755493 0.035034903324337896 0.16092126708336996
6 0.7271565522017485 0.5695009238512632 0.015060535150070997 0.09066905312526974
