7 0.4524457596033482 0.48658416771206514 0.002215886499778441 0.011193398984582492
7 0.4494534973800963 0.4759109968706964 0.0021344009009644505 0.010301761947181076
7 0.4513905008703708 0.47675265332684635 0.002052049292436686 0.009933222371028338
7 0.4532114652557766 0.4956348223681232 0.0032767620585175683 0.0040468944761105075
7 0.5504625206061851 0.48667614453093666 0.0021225093370763615 0.01092409400251676
7 0.5086584115088422 0.4781859970476363 0.0017522551855432278 0.009209638359250039
7 0.5251262544739375 0.4781804328639756 0.001805700976180491 0.009212100186230698
5 0.5368674800478388 0.5238725926063527 0.007615748314547699 0.023442373599153132
0 0.5058139138847269 0.6107083111215417 0.08805145060238179 0.12652610676651133
0 0.50773814181247 0.5225337950232158 0.017099138542114256 0.02181219144038704
5 0.5307217676113947 0.5185333447700538 0.006269760400187563 0.01906297045996097
3 0.5075897683929333 0.5118010271657892 0.013589328675445711 0.024984368806600266
0 0.5426798974717171 0.5165526264264573 0.020774112877526285 0.015255711786943515
5 0.47327232277590553 0.513637347722137 0.004828955655467149 0.014064534004636475
0 0.5291510402078823 0.5179161550715583 0.014483988930165115 0.017195526578177467
0 0.5076337527842536 0.5175006497839042 0.013120924107048237 0.019442410261142795
0 0.6382019473500218 0.5133143675179341 0.019877778920848743 0.013280994192788942
6 0.6192034917572499 0.5258817700741547 0.004433002520662921 0.021596350520007634
