7 0.44299865495166646 0.4758179139246348 0.002237838551099436 0.010751084743481076
7 0.44510588069988866 0.4767322859733233 0.002147546933283284 0.010350311250292676
7 0.44711137186087346 0.49641064406371294 0.0034131594726886094 0.0042074867701533125
7 0.5480875296721522 0.48713221632280124 0.0022138023817517283 0.011330240560428362
7 0.5047475868213247 0.4783120601005689 0.0018184475060050165 0.00955840901494448
7 0.5218294736816471 0.4783122707273729 0.0018749844398335824 0.009558401214894097
5 0.5324336454324168 0.5243736830086076 0.0074720049787625475 0.022994169484996108
0 0.5022674041932892 0.5969287257837812 0.07569377607712147 0.10701998592548823
0 0.5038273014679324 0.5230585495546176 0.016781191006835228 0.02137423088093282
5 0.5274202375763666 0.5199827071426895 0.00645323066628356 0.019585401032800154
3 0.5036467727776412 0.5128781957008104 0.013745520064272154 0.025271561489816796
0 0.5525379153255405 0.5178465778509728 0.02352918552716099 0.015533211063780028
5 0.4666543752468123 0.5156812646004261 0.0052605396532618975 0.015191953078690701
0 0.526200678660996 0.5192801132966972 0.016644498683945796 0.017661945333409923
0 0.5037103034706725 0.518869115254855 0.013440147117776746 0.019927064556467422
0 0.6393617451850004 0.5147878761068969 0.020707005946299706 0.013809257910925798
6 0.6269489601597047 0.5297035135025436 0.004672616934935703 0.023979320638358614
