7 0.2771233751289316 0.4867149330975521 0.004714189594274887 0.011129131528286762
7 0.2780316152156693 0.47627818144502354 0.0019645225669423505 0.010204966723317555
7 0.27841500515051903 0.47703920182487974 0.0018990208209778148 0.009870544143312676
7 0.3424499744376099 0.48449751168998795 0.0054165282588722885 0.01304259208067804
7 0.28817564567667375 0.47328503225937085 0.002158966365801651 0.011522954916277861
7 0.3100830430797563 0.47370073658035683 0.0021648894375292937 0.011340605299024531
7 0.3404348916291132 0.5095132812648996 0.0005715036758409675 0.0018619603924987516
7 0.4913091172504479 0.4535441705826708 0.01633624018237434 0.04011317763935612
7 0.33315255594948034 0.41187002920735893 0.007481370879289739 0.03934336003043126
7 0.4010102050874417 0.4162808657580276 0.007630438103498893 0.037298488760054704
7 0.4860587084135381 0.5293761116721654 0.0018230000846747307 0.00570613188515634
7 0.07548153294629269 0.39845143922572746 0.01274008779580979 0.0456091896158492
7 0.19138712719483308 0.48279637383114704 0.006859385434698911 0.014497840247419569
7 0.1982504800272495 0.47417091006256484 0.002566193639022135 0.011129104997476436
7 0.1947801434015627 0.4732016194824184 0.002682637186114223 0.011556076246283742
7 0.19038925040242977 0.494547046346974 0.0049768047477740385 0.005226585742419132
7 0.6180841148029403 0.4233635848213674 0.026885296302757378 0.06724841153122446
7 0.5087986124025415 0.4127323033770447 0.008823965933071554 0.03894953050089783
7 0.5398179892814796 0.4003762685753094 0.010359528319179856 0.044723301140930594
7 0.6114373478092032 0.547481312544303 0.0028375310435664325 0.009327061737905873
0 0.1966537619320543 0.5271653196469359 0.0322294351506113 0.031138240666856665
0 0.3041561222062975 0.5238407677384882 0.016306084717647773 0.02206166082897576
0 0.3609862162925075 0.513956402354299 0.02508757851760751 0.013155522716749246
5 0.21193115493810544 0.5226175378501241 0.010006688055194252 0.024679073182007905
0 0.23437393257759442 0.528113205518959 0.024410107110427542 0.02701389915005581
5 0.24670404872653637 0.5136083112104262 0.01036830124723781 0.013914205847447625
0 0.23487895368641992 0.5655601432353485 0.11539167959024507 0.07948216528743202
3 0.03487939615933974 0.7204701316684785 0.06975879231867949 0.36889373583273233
6 0.09071681355003192 0.5273372222678634 0.005923585606459336 0.039462580406147474
6 0.16302185435570224 0.5308899207179179 0.007029143764406998 0.04224288147211552
6 0.6948290987781309 0.5189000455169741 0.004676335567758927 0.027285690877929425
