7 0.3726695681992377 0.4694431517340646 0.006576721692158116 0.02623679832412701
7 0.34684284960892015 0.4370940327977699 0.006541879384219351 0.027542500570042316
7 0.36012223736483007 0.4426357115809993 0.005848516228196654 0.025057734268821075
7 0.37390587755284704 0.4904101794366029 0.00792449737502865 0.009425068284625138
7 0.5958308698830955 0.47075797287060606 0.00570191611647175 0.024648046790549716
7 0.5026599441316376 0.45159466349141225 0.003936155161185617 0.020841052249047864
7 0.5395516600418022 0.45161667454377846 0.0041961565259339695 0.020831388845190646
7 0.5922519163003185 0.5174669975155868 0.0010795382307964285 0.0034729922215520626
5 0.666606834177679 0.6423312448280653 0.06901607238699325 0.15368923840751658
0 0.4998843989532338 0.6470227667318633 0.11919521252120685 0.1766735232096328
0 0.5262945451875732 0.521671676967407 0.026433504681507625 0.021055801649934924
0 0.5028736495247651 0.525346335560688 0.02110927035540483 0.02918618448099697
3 0.5862654991246841 0.5127800249822432 0.03715535216056132 0.02688983326531763
0 0.8259444141540364 0.7976258143375473 0.3481111716919273 0.4047483713249054
0 0.5508383761277486 0.5184645310924657 0.027849528029904924 0.020516162971331964
0 0.5577451672998723 0.5205507725949751 0.022219740233424212 0.0208775548676432
6 0.491728636040484 0.5128963329600364 0.00284966525407232 0.018783109566333445
