7 0.4591463438275657 0.478204279411519 0.0019554476788699593 0.009505503231275247
5 0.5423917990876139 0.5246867257007304 0.007706857377672405 0.023623007503014715
0 0.5091213807374896 0.6273010319977779 0.10162188587143167 0.14857900990148687
0 0.5128946998163808 0.52354456579722 0.017505167215443707 0.022365985479737338
5 0.5353201542203083 0.5184644126827631 0.006069093839353168 0.018505611382408582
3 0.5128961017609469 0.5120778707699881 0.01336865172575763 0.024577208692217356
0 0.5382360280396179 0.5166806813559337 0.018452067314773335 0.014941996036838767
5 0.48108171299616004 0.513097238325755 0.0044437660583344085 0.013036603761701682
0 0.5338598729044557 0.5178973179746598 0.014051981356166254 0.016713278907997786
0 0.5128993013616749 0.5174916882507578 0.012762088587341403 0.01889925551518723
0 0.638429614682843 0.5132485316254519 0.019054257379330086 0.012753122219433477
6 0.6121911823963546 0.5238733674591414 0.004247699424457907 0.019551444273815277
