7 0.6889928493306187 0.48895831647309185 0.0019670585302236088 0.009916108992688466
7 0.6647592025417455 0.48148997064644783 0.00168186590553987 0.008263969748550093
7 0.688489655451396 0.4969933981393534 0.003061208629059453 0.0035770201501996723
7 0.6314181044000496 0.48904637980874655 0.0017101007579143346 0.00964949779877683
7 0.6316662321550477 0.4801463931670348 0.0017566594270000957 0.008757908673687032
7 0.6321810311500962 0.4807322994631805 0.0017045893255643874 0.008500985672228789
7 0.6255097256791031 0.48648743826283375 0.002143671228115207 0.011867549000705524
0 0.5526284205711962 0.5226986220445219 0.02256951744375868 0.021381756635544535
3 0.49594133386020206 0.5085792965088485 0.02625247707665712 0.01701198459302311
0 0.7447504231842764 0.5278975278864457 0.043301385355155375 0.025475743031516562
0 0.4945165335960635 0.5121499966218367 0.020800215142290968 0.01086243593794145
1 0.6432790982233199 0.5031988595174317 0.02430849068881924 0.04510040840687618
0 0.7181611977173028 0.5118834044312104 0.019486225852884842 0.014994333912476288
5 0.6644009354367713 0.5161362093069233 0.00484029619067694 0.015076244336701294
0 0.5972509070724752 0.5168339735632862 0.013324390516241125 0.01675153527519413
0 0.6901099952973742 0.5133547211783392 0.024440705883328917 0.012552224114679378
6 0.5521280006052476 0.5116548466445869 0.0023226259331267096 0.016135170846357294
6 0.4242416573929622 0.5105770415091968 0.0019401814028164877 0.006724540069229401
6 0.27193455060984917 0.5373763082519463 0.00920579941587052 0.05281227846969416
6 0.7547232276085716 0.5264709383541062 0.005079685126838429 0.033414930291968736
6 0.8494700641434696 0.5362291087261769 0.008760843229116744 0.051139817785990305
6 0.7067491994289521 0.5113815507402899 0.002584039904303559 0.015739280973506298
6 0.6937004221728486 0.5117391067182577 0.0027879902180885097 0.01624597571505737
6 0.6009099589253943 0.5124909079956499 0.0020790109323567396 0.01565656042040109
6 0.42368437532302605 0.5205300040668015 0.004361260770029574 0.028761763236736848
6 0.4276462761491986 0.5226042185301963 0.004801074070889921 0.03171595671526051
6 0.22851097449775254 0.5421836213186797 0.010783344323262084 0.059695535595382765
