7 0.2771160127175691 0.48671945947020934 0.004714944634196083 0.011128329736102893
7 0.27802348650545294 0.4762849800058329 0.0019651907582683426 0.01020461501356551
7 0.2784069798897578 0.4770449086125226 0.0018996663345027254 0.009870207216095217
7 0.34244285017760445 0.48449752870056173 0.005417322257481594 0.013041682256839993
7 0.288167242277107 0.4732944224801721 0.002159712892612853 0.011522550011408339
7 0.3100749309569849 0.4737063653346026 0.0021655786533194554 0.011340221885761004
7 0.34042919831259977 0.509513789931507 0.0005716147623736068 0.0018620764931683853
7 0.4912987332882387 0.45359228566170595 0.016336218760123866 0.04010956442374769
7 0.3331371524364149 0.41195572427712934 0.00748363609654723 0.03934113983965354
7 0.40099650940551823 0.4163508201165317 0.007632410353004604 0.0372965726876936
7 0.4860519383001782 0.5294261857577722 0.0018230004374651942 0.00570662872845662
7 0.0754578951549856 0.39859231403167694 0.012744177514984786 0.04560580707923062
7 0.19137800652748527 0.4828222993780573 0.006860498072852689 0.014496652679863054
7 0.19824105671175318 0.4741922177685952 0.0025670013367826428 0.011128664782860176
7 0.19477053205677786 0.4732247504352695 0.0026834802058920137 0.011555612519836056
7 0.1903809342466405 0.49457311099847256 0.004977241584874448 0.005225698098526632
7 0.6180717092561782 0.4234605636722541 0.02688318589097638 0.06724101972206464
7 0.5087860672080471 0.4127913945248154 0.008823395843200466 0.0389476910229562
7 0.5398047001106987 0.40044741304595294 0.010357985387233648 0.044721054934716675
7 0.6114296390248513 0.5475776399346899 0.0028371819679269272 0.009328055285390602
0 0.19664621977696084 0.5272169832767906 0.03223194610777666 0.031149508837594042
0 0.30753939447944323 0.5293888571597276 0.021279065181976475 0.027933263358523086
0 0.33184814569501053 0.5146207820321486 0.02675547197175504 0.013942430691507912
0 0.23436698312093043 0.5281581565671807 0.02441211649825198 0.02702273360502294
5 0.26669019451948733 0.514069132248389 0.00903690105978161 0.014411867355494379
0 0.4100627888441092 0.5437040954717935 0.07906314717735147 0.050626664388222165
3 0.18611722226553234 0.571091806461036 0.12187064756322613 0.10865780329292374
6 0.7158361589902005 0.5183503891685304 0.004617163030036786 0.026547862824762736
6 0.08755038155764533 0.5257548306643022 0.005613771792869968 0.0370818168510032
6 0.10372362834541933 0.5309326785756796 0.007894647404138755 0.043650758952422986
6 0.694823453262642 0.5188689861355422 0.0046754396253750885 0.027286070757696623
