7 0.2771297266092295 0.48699612802403636 0.004713873797340951 0.011128138755594541
7 0.27803827054815244 0.4765617419358946 0.0019642679860290557 0.010204326992605262
7 0.27842159279463374 0.4773217351369409 0.0018987766805755868 0.009869936204011553
7 0.3424555049133329 0.484774619131435 0.005416414548257753 0.013041446810671209
7 0.28818232624894957 0.4735710736146826 0.002158709897907174 0.011522193664797675
7 0.3100892504014006 0.47398330205267136 0.0021647222497231944 0.011339882630380105
7 0.34044037968767493 0.5097904470616852 0.0005714937439350587 0.0018620545671423905
7 0.4913117519644974 0.4538669306184453 0.01633526018120851 0.040107547282617007
7 0.3331614293636661 0.41223086978811496 0.007480835943567354 0.03933754480626961
7 0.40101558931728165 0.41662659536473395 0.007630601972090256 0.03729340268339121
7 0.48606447072425196 0.5296982014347973 0.0018229250748959536 0.0057065592110637775
7 0.07550727942360891 0.3988653643952842 0.012735450258719819 0.045600682329035414
7 0.19139567672300165 0.4830973179587695 0.0068585646469622175 0.014496305983280333
7 0.19825904843022424 0.4744678893971836 0.0025656433582441907 0.011128303196024869
7 0.19478891174419383 0.47350031182021324 0.0026820518054673503 0.011555224805948727
7 0.19039727601687423 0.49484779010422236 0.004976465034462113 0.005225656112596733
7 0.6180794210198848 0.4237341728071543 0.02688061820092702 0.06723546696670829
7 0.508798907127116 0.41306822120181974 0.008822885795994773 0.03894435966289267
7 0.5398161554286109 0.4007246712817022 0.010357779608696771 0.0447167097906061
7 0.611442291966987 0.5478451585390014 0.0028370405933728637 0.009327936529408665
3 0.5657612440619912 0.5248987545641992 0.07257117726025397 0.05628534259378826
3 0.3203514795302613 0.5096105975654803 0.030729769028525422 0.019756043778361376
0 0.30177986038744253 0.5184656358089367 0.012289637181419177 0.01677575216717564
0 0.6571296745124362 0.5551172191605396 0.07965333767093552 0.053929575171069555
3 0.5831589456489333 0.5271650181127185 0.0786933804619756 0.061463507729646705
6 0.3256159582908026 0.5138801825372525 0.0022323046387824896 0.017848965438963194
6 0.40035867285373816 0.5249239100820067 0.004718029786254074 0.03551569918156161
6 0.5390953334577592 0.522247896199606 0.00480830582035674 0.03170132162133277
6 0.6948338206155316 0.5191484673402939 0.0046742488026373374 0.027286218180588406
