7 0.34996743596583935 0.47385622215851586 0.006459657946339958 0.024052728377875476
7 0.32170213484137244 0.44521084177276543 0.00611067520191827 0.024736874153582167
7 0.33577365657049335 0.44977287202948435 0.005508811812356296 0.022713834968179747
7 0.3509331023770506 0.4931034474723535 0.007363261800429899 0.008648400170731763
7 0.5571366244412655 0.4749533730781996 0.004601362302861345 0.022708903639440337
7 0.4709092128526226 0.4572922319132894 0.00376480272915225 0.01919273688271278
7 0.5049537891361708 0.4573117449933547 0.0036437588590690906 0.019184295495570602
7 0.5538161350895558 0.5180455581777578 0.0009536187541806518 0.003203083387978589
4 0.4337317238657392 0.5287595694619001 0.010439947348033884 0.028190546012682893
0 0.5005951055958424 0.5212734931807179 0.027479673841676933 0.021298211830710345
0 0.7108804323416753 0.5333746443890695 0.06302198747602494 0.03099834945236346
0 0.7303750288615078 0.5409490429285677 0.06510059123189627 0.03356555103359182
0 0.7107701423506576 0.5167998695973435 0.02847615089255562 0.015645888833527244
0 0.47583719866955804 0.5254235002003282 0.018762814522336302 0.023793647205904822
5 0.4990929379506244 0.6672582944891647 0.05308114312110079 0.18926703168803438
0 0.5004136240050545 0.5275815831220068 0.01779156997665665 0.027572178423315497
3 0.7723190522035075 0.5312633182933824 0.06310895246715598 0.042654548925178615
0 0.49940066246219444 0.6043077295283505 0.08596487228591687 0.14076609635525295
0 0.46020950845570396 0.5361060600903207 0.027227489804893035 0.031848340137754616
6 0.758100351809093 0.572590449222775 0.017469915591845075 0.10257765295566212
6 0.4438183610435005 0.5153023416581659 0.0030901598771044814 0.019269805150867403
