7 0.7253563616326972 0.4605802292805588 0.018956298753214695 0.0417484107605014
7 0.5670443934987555 0.42743351018072206 0.006996104492668187 0.03611097240518635
7 0.6302397330895991 0.42745227418504916 0.007867390574528565 0.036125664848028705
7 0.7195501498725355 0.5402491097332086 0.002116333080898203 0.005966288890657978
7 0.2861329170442143 0.4751850610979794 0.012955464177080322 0.02861388387844549
7 0.23132813555133933 0.4375842868700891 0.008544579784463657 0.03135153578864275
7 0.2581244148189918 0.44460631744325557 0.007410425527534792 0.028172711562808317
7 0.2846447066223902 0.5301582750189251 0.0012288358189307402 0.004138834251494972
7 0.2158639455647856 0.46063908370613216 0.01957044313618811 0.041330546142965774
7 0.374808034209439 0.4298916731830868 0.007593446443653951 0.03491463077460388
7 0.3137792808657769 0.429872514632318 0.008396582611521985 0.03490092032756631
7 0.9026374982704717 0.4217130251256044 0.03870136710316585 0.07643256609714216
7 0.7487935240406702 0.4166076669021752 0.010777263720237573 0.04115689980814369
7 0.7901676109217439 0.4012244141643939 0.013334062203151587 0.048308194760923406
7 0.8929420985634424 0.5647850330081627 0.004171597935867966 0.01076460871129059
0 0.43723459837876133 0.5351414779875769 0.023815056169502413 0.026989010149585546
3 0.5002428546502569 0.5579190237346339 0.03545431176007657 0.0733958051408723
1 0.500020978059415 0.5117892676095112 0.026266404555644496 0.050355998448923245
0 0.1507947170390681 0.547982262238806 0.08317323653758533 0.03726868202242972
1 0.49614575953434553 0.5166214064231908 0.08690547652940717 0.11397587295222317
0 0.3998150945638773 0.5530660636011278 0.04389717780491603 0.042209130392820815
0 0.8756620323807851 0.8311651387909954 0.24867593523842968 0.3376697224180092
0 0.02585278855606083 0.5498500603872521 0.05170557711212166 0.03262010461115006
6 0.5516446494035017 0.5361860345837106 0.004939555022483888 0.035179067429860766
6 0.598502837770168 0.533607533498068 0.004788755644828835 0.035363185769196503
6 0.5520445758805492 0.5994582619863587 0.013958431261453907 0.11607542431489615
