7 0.7253563616326972 0.4605802292805588 0.018956298753214695 0.0417484107605014
7 0.5670443934987555 0.42743351018072206 0.006996104492668187 0.03611097240518635
7 0.6302397330895991 0.42745227418504916 0.007867390574528565 0.036125664848028705
7 0.2861329170442143 0.4751850610979794 0.012955464177080322 0.02861388387844549
7 0.23132813555133933 0.4375842868700891 0.008544579784463657 0.03135153578864275
7 0.2581244148189918 0.44460631744325557 0.007410425527534792 0.028172711562808317
7 0.2846447066223902 0.5301582750189251 0.0012288358189307402 0.004138834251494972
7 0.2158639455647856 0.46063908370613216 0.01957044313618811 0.041330546142965774
7 0.374808034209439 0.4298916731830868 0.007593446443653951 0.03491463077460388
7 0.3137792808657769 0.429872514632318 0.008396582611521985 0.03490092032756631
7 0.9026374982704717 0.4217130251256044 0.03870136710316585 0.07643256609714216
7 0.7487935240406702 0.4166076669021752 0.010777263720237573 0.04115689980814369
7 0.7901676109217439 0.4012244141643939 0.013334062203151587 0.048308194760923406
7 0.8929420985634424 0.5647850330081627 0.004171597935867966 0.01076460871129059
0 0.4116317489280781 0.5461841644132177 0.03650789817724426 0.03978473695155316
3 0.4980918620470698 0.5551540870520959 0.03403801667348971 0.06921863374583548
1 0.5004214074624873 0.5115325599307452 0.02431412303152458 0.04661294122541387
0 0.08536126647335818 0.547917442794297 0.08679450652816013 0.03723866759596317
1 0.7299025171091627 0.521583652916194 0.22796898471750138 0.16350924688604845
0 0.3288093290952987 0.5857920880952315 0.09097096599176752 0.07903770916654085
0 0.8756620323807851 0.8311651387909954 0.24867593523842968 0.3376697224180092
0 0.45232193346161675 0.5505834260502362 0.034016151493950486 0.03950541232711402
0 0.02585278855606083 0.5498500603872521 0.05170557711212166 0.03262010461115006
3 0.4701663948918701 0.5274077313419012 0.02305893521330027 0.038675847047314194
6 0.5996617981080956 0.5332683576586714 0.00483797629433802 0.034882766708214
6 0.0015255162199756455 0.5321763414516303 0.003051032439951291 0.03405044504610333
6 0.09967298098995006 0.5951888359420863 0.02393466846601905 0.11721055954170267
