7 0.42077334386428156 0.4669306825972913 0.006023355521418194 0.028000224088804593
7 0.4052154141488798 0.431325733749496 0.006502551070332263 0.0298849057481666
7 0.41410166138604476 0.43779809333511216 0.005801717061988676 0.02698193480267097
7 0.3145199569726354 0.42618987189168844 0.018575305633670824 0.06481190344653875
7 0.3675374935448025 0.41760756574243113 0.008276095158855468 0.03607729683891869
7 0.3485807407097014 0.4057779016255414 0.009739366998914645 0.04146026619511206
7 0.31708629817282247 0.5446376717044574 0.0024023163815832804 0.008831462128044643
7 0.5745181879919472 0.467960814152495 0.00590036143182493 0.027610611740513602
7 0.5113154117837218 0.4465482711429173 0.0044571410876192985 0.023342071661950348
7 0.5731605194144365 0.4900992387371853 0.008039642134061942 0.009822833614670401
0 0.05048041680168264 0.6604062706984384 0.10096083360336527 0.20083471672997888
0 0.5006116724301767 0.6575968456592771 0.08176669200279901 0.1558666043334287
0 0.2517865596327891 0.5582252246627333 0.09876873228598204 0.05286046107879472
0 0.2253343080099705 0.734162979076532 0.31445206703529804 0.3386996461422286
6 0.5933706724009107 0.527426335764263 0.005229524033735999 0.03731528449650301
