7 0.3132531509403579 0.4653460301930783 0.008865506932106693 0.0301040248987276
7 0.26529333061167293 0.42569479825266743 0.008666616102154356 0.03278469871276474
7 0.28918064314363473 0.4333773200955259 0.007532012513943975 0.029323947236990666
7 0.314152970489891 0.48932974766783816 0.00935596606473682 0.010796670946990106
7 0.5702845982125834 0.4671394157690236 0.005928535391508172 0.02802596081062647
7 0.4642754532504466 0.4453640368391032 0.004685901708052331 0.023708017407373994
7 0.5061826072718651 0.4453926268865777 0.004495133064593149 0.02369476757381317
7 0.5662044565420337 0.5201107265619938 0.0011883097855711622 0.003940870713897038
0 0.17915008776093794 0.5918238039024872 0.12456144583034531 0.10270059525083963
3 0.4036627936471644 0.5294461379634755 0.042435684115736894 0.06683134656485384
0 0.40577575767840246 0.5741055133932464 0.0756928893118542 0.09775563545336963
0 0.8571196644679303 0.5585299267850856 0.09777747092517486 0.05733332870380914
0 0.5021769850669615 0.6056484310250452 0.07109096201232828 0.11705351802374964
