7 0.4864141803361103 0.48999364503427656 0.0032929381888592846 0.00844016244628526
7 0.4867224809219971 0.48229130317046187 0.0013641342936409617 0.007636298776021622
7 0.48711913287940334 0.4827532488612608 0.0013267414590742987 0.007431895851951975
7 0.5315463668715483 0.4882259017899533 0.003943459048101672 0.009989748479985738
7 0.49304043492636473 0.48039761340189957 0.0014926946938717545 0.008474973668658736
7 0.5081949219424804 0.4803959231034286 0.001486587133898043 0.008475817430678323
7 0.5938990109742923 0.47322189479069726 0.00957602618035136 0.023195350499240486
7 0.5049968452161828 0.45497333400979667 0.003423462726338755 0.019844484042421506
7 0.5401453764996063 0.454963546124885 0.003686069619630139 0.0198491219944405
7 0.3357644092279102 0.4785639775541858 0.008063248832817227 0.018478951098388097
7 0.311581028516893 0.45836560987159275 0.004440302829936238 0.018314455824476772
7 0.3231713690492285 0.46088529618675056 0.004095105609110139 0.01718132682332202
7 0.3085152079545991 0.4733664094593053 0.010245571918805929 0.02306412674751296
7 0.4313906318134363 0.48824567005935826 0.004062082110728227 0.009971185571124308
7 0.4350029328514222 0.4818536526169782 0.0015510501092744766 0.007829693263647353
7 0.4330827469860731 0.4813404976677299 0.0016015771523350542 0.00805689663278586
7 0.43076937705514096 0.49636817175920256 0.002951271858000093 0.003603917642857002
7 0.6230638941884316 0.46438385380136715 0.013060133977995658 0.03102162873464792
7 0.5960051415998086 0.4517967790010654 0.004392650327556646 0.021279947253703912
3 0.43813261478262094 0.5150996832571089 0.013639330546631911 0.02162820694596601
0 0.4842937088796048 0.5147089520654444 0.011163577458338625 0.014582034637243613
0 0.498074443752788 0.5103459694149017 0.01642176414261326 0.009087869418461736
0 0.4856846179462473 0.5127537804311816 0.008880664311279485 0.013182314575802101
1 0.38221069622490866 0.5101306986598786 0.10230470517692042 0.1433691117065763
