7 0.37671302361611725 0.44923404703713177 0.010578244136137172 0.043282093404943545
7 0.32901898690684306 0.3784086715966234 0.012946034824560748 0.05409208651341291
7 0.3554323083620252 0.397203548614973 0.010498172043316434 0.04528166040648213
7 0.21786745436784077 0.3275653120336586 0.021365997818722032 0.07844086358836316
7 0.1164777250342032 0.26554338066890726 0.03274891073280789 0.10915379192579377
7 0.6105960788560982 0.45119211403329496 0.010135738716998577 0.042280698899917646
7 0.5149717507892614 0.4184527613315462 0.00685113923563363 0.03585620014238772
7 0.6084466116338187 0.48482311586260296 0.012393645866760505 0.0148855179253094
0 0.986257593889682 0.6041023082189368 0.027484812220635924 0.10901590710609566
0 0.576869628153684 0.671241667070366 0.13948086444446217 0.2312973113372092
6 0.7041360620841253 0.568735809293663 0.014699244109710907 0.04324951328999027
