7 0.45380040008297207 0.48086189441779004 0.0031053752742467577 0.016165196886017974
7 0.4502701255287951 0.4640572398244515 0.0031701079317232317 0.015508258140841558
7 0.4527979428124091 0.4659212537615526 0.002991521867854452 0.01468793486972847
7 0.4288411264980615 0.4718217617493671 0.005045717942953498 0.024061570309883262
7 0.4365774957267683 0.46061576322628184 0.0035564977986337065 0.017025417727626058
7 0.4325827321287151 0.4580981335051998 0.0038104843862271642 0.018137442779786628
7 0.5437010716840582 0.4813608132614311 0.0030835422950884483 0.016034490455214323
7 0.5066147493537432 0.4688884785952021 0.0025828445147947354 0.013538430994246842
7 0.5429309060396004 0.494309834235947 0.004642864258571411 0.005754218830722302
0 0.24481568070047108 0.5192951906544532 0.031385591926201106 0.019196496674355634
3 0.4628447684646507 0.5266855460048404 0.021669503088088682 0.039647948914136144
0 0.05289077375996508 0.5216544273278065 0.04168445930702389 0.021709258266301323
0 0.5000425549539269 0.6037874244456831 0.07221482499022613 0.1250947750692588
0 0.1811984493137258 0.5228182365714165 0.049169740573977744 0.022326250408836734
0 0.32002447001681317 0.5452803970655264 0.0611782061190046 0.05235518857435839
1 0.39934463460476943 0.5040228408902574 0.07469566544523604 0.07456887832710757
6 0.27493708321355564 0.519902070491868 0.004631305634717475 0.028850825003979064
6 0.2812757283534355 0.5194330356434046 0.004714610309694167 0.027254523986901757
6 0.27870614548393735 0.514249635240057 0.003124530156584926 0.02077315312551853
6 0.07612904978968152 0.5148027034693046 0.004261334806598294 0.021566209044025175
6 0.55726352349899 0.5221907626814851 0.004730967233774419 0.032150029900506194
6 0.5930379306603584 0.5345924384259173 0.008053932290311261 0.023228393038988826
6 0.5442024290379694 0.5238063079161766 0.004045260383098381 0.0322114262377009
6 0.5702670579074612 0.519002341717685 0.0030602703504616358 0.024768001262264083
