7 0.4898333437187353 0.48921639517429355 0.003603856816298767 0.009234164925967847
7 0.4900790182092224 0.4806508580444621 0.0015053331423953153 0.00841271028282764
7 0.4905519251569805 0.481216302544206 0.0014599419005373315 0.008165323602307872
7 0.5398378968163993 0.48700485419174744 0.0044077741918214786 0.011132491688533863
7 0.4969543770222228 0.47829712735266827 0.0016640465935724436 0.009443552559447677
7 0.5138280876930164 0.4782878836875235 0.0016592065269376288 0.009447583207867483
7 0.6277726140504482 0.46462921013133895 0.012848715344789374 0.03046611480763528
7 0.511354247568684 0.4407467242066909 0.004499099814628149 0.026125535790612442
7 0.5574197625702266 0.4406779981648383 0.004957208842681693 0.026156415814746925
7 0.6233086124018797 0.5229105801783394 0.0013865036692100041 0.0043468510879742794
7 0.30345254125991705 0.4735952652849618 0.010113594834118 0.022692295279023278
7 0.26486779835720375 0.44675273353199796 0.006081036752590696 0.02342782626523482
7 0.28330502105869404 0.45082371903096224 0.005469785802840188 0.021605479770075098
7 0.25621278210736553 0.46513184487451875 0.013782762229186368 0.030030224680576922
7 0.37183795200141345 0.4423044418035005 0.00558874742316362 0.02542486069751254
7 0.3272404964635981 0.44236944227980546 0.005998774478333857 0.02539568912209028
7 0.42846018749975423 0.48705883848847503 0.0045341565247246085 0.011086409939161102
7 0.4330398786113454 0.480134321778987 0.0017292116616885456 0.008638858632322943
7 0.43070654084849264 0.4795007972674006 0.001792061595158656 0.00891625633469817
7 0.42779648147331617 0.496087623571288 0.0032868202148289005 0.004004627345372269
7 0.6845958280848611 0.4473422228573465 0.019946133736427285 0.045558924401740086
7 0.6336330670800976 0.4349562093343723 0.006256145685321957 0.028737331571031255
7 0.6479395124666351 0.42763971203435835 0.007130324505377095 0.032052653974429524
0 0.5315934302474848 0.5411384678422353 0.05691958726153268 0.04298302250391883
0 0.7060166001313852 0.5334448818041055 0.0599751191550244 0.029743569130488035
0 0.4093208693699366 0.5100394929793095 0.016170988679169718 0.012890626940594174
2 0.5065988621813193 0.623960118554344 0.1282995483056213 0.21284054272863318
0 0.50811449209448 0.8143795169217548 0.32391689391947565 0.3712409661564904
1 0.5466619318319046 0.5019819667833221 0.04174069600859809 0.030359438287926033
0 0.48662961834999474 0.5117904503344983 0.008726350585830656 0.00950509276531819
0 0.5169882697376678 0.511390539300399 0.016198368445195843 0.010213681088144688
0 0.4952021676077063 0.5108613641676155 0.01597851027163849 0.014070382021479588
6 0.3641047103105509 0.5198206013275047 0.00398525628231905 0.028088513683379057
6 0.42772048087437703 0.508303378351604 0.0015367371641281657 0.011741288322499654
6 0.3738459929908402 0.5182735691160106 0.003141371260624415 0.025896654572063582
6 0.2456861493934404 0.519935683140412 0.004856917792802978 0.028249475322599582
6 0.2545090978591754 0.5493857655270011 0.010705869286828207 0.06350627914684392
6 0.5187945301636991 0.5118075754071846 0.0017870550068386226 0.015074306154131412
