7 0.3287065368475648 0.4673765316672899 0.00823871524643427 0.028654602560827802
7 0.28602999988201083 0.43057644070091505 0.007969949531540288 0.030780351538522488
7 0.30724763840290137 0.4373905409448107 0.006992526696832313 0.027709855859454846
7 0.3296243045316345 0.49023429868946256 0.008837847682016065 0.010284541558623073
7 0.32773481339794286 0.5217014188421752 0.0011081112150975736 0.004079126719930937
7 0.5743318248256217 0.4687857403105794 0.005660986169149784 0.02693464876750523
7 0.4724405988069372 0.4479917024641631 0.004478459324606998 0.022720530511308346
7 0.5126448354509316 0.4479636994491749 0.004316292699131252 0.022732756000114318
7 0.5703989909923641 0.5197409254258973 0.0011418906427810294 0.003790166611503998
2 0.5398810755884587 0.5151080070291063 0.03608891178798501 0.02337927641028059
0 0.5853972795981628 0.5150893339423991 0.023664916865716257 0.019249016189629486
1 0.7318172585324663 0.5030263300307116 0.06473576434769923 0.04225018554146065
0 0.5082476324093919 0.7351037045311791 0.166099361161884 0.2974602622109459
0 0.4984916677510716 0.5248264451593964 0.02516443342066632 0.02312020711882301
1 0.7920795834875775 0.5073935684078498 0.16862192359281836 0.10737824593152329
0 0.19827474293554795 0.773298358042215 0.3453387701427592 0.3754545421528186
0 0.968346570795407 0.5558545793514563 0.06330685840918604 0.054453702323957964
