7 0.4898333437187353 0.48921639517429355 0.003603856816298767 0.009234164925967847
7 0.4900790182092224 0.4806508580444621 0.0015053331423953153 0.00841271028282764
7 0.4905519251569805 0.481216302544206 0.0014599419005373315 0.008165323602307872
7 0.5398378968163993 0.48700485419174744 0.0044077741918214786 0.011132491688533863
7 0.4969543770222228 0.47829712735266827 0.0016640465935724436 0.009443552559447677
7 0.5138280876930164 0.4782878836875235 0.0016592065269376288 0.009447583207867483
7 0.6277726140504482 0.46462921013133895 0.012848715344789374 0.03046611480763528
7 0.511354247568684 0.4407467242066909 0.004499099814628149 0.026125535790612442
7 0.5574197625702266 0.4406779981648383 0.004957208842681693 0.026156415814746925
7 0.6233086124018797 0.5229105801783394 0.0013865036692100041 0.0043468510879742794
7 0.30345254125991705 0.4735952652849618 0.010113594834118 0.022692295279023278
7 0.26486779835720375 0.44675273353199796 0.006081036752590696 0.02342782626523482
7 0.28330502105869404 0.45082371903096224 0.005469785802840188 0.021605479770075098
7 0.25621278210736553 0.46513184487451875 0.013782762229186368 0.030030224680576922
7 0.37183795200141345 0.4423044418035005 0.00558874742316362 0.02542486069751254
7 0.3272404964635981 0.44236944227980546 0.005998774478333857 0.02539568912209028
7 0.42846018749975423 0.48705883848847503 0.0045341565247246085 0.011086409939161102
7 0.4330398786113454 0.480134321778987 0.0017292116616885456 0.008638858632322943
7 0.43070654084849264 0.4795007972674006 0.001792061595158656 0.00891625633469817
7 0.42779648147331617 0.496087623571288 0.0032868202148289005 0.004004627345372269
7 0.6845958280848611 0.4473422228573465 0.019946133736427285 0.045558924401740086
7 0.6336330670800976 0.4349562093343723 0.006256145685321957 0.028737331571031255
7 0.6479395124666351 0.42763971203435835 0.007130324505377095 0.032052653974429524
2 0.42233680294233217 0.509273410766652 0.025485604428625575 0.014419938294818913
0 0.4557955621265487 0.5204429143916024 0.015044723889530764 0.020328040029981898
0 0.7060125842081044 0.5334268702992759 0.05999127617086619 0.029749382589350004
0 0.48615997710271397 0.5110973444241775 0.012825750059446861 0.014384734876070504
2 0.5065988621813193 0.623960118554344 0.1282995483056213 0.21284054272863318
0 0.11657538529937873 0.53095452155115 0.06944587009690681 0.026619332443084565
3 0.45203676841813667 0.5099091065663256 0.01961324913221857 0.014652742522699658
0 0.50811449209448 0.8143795169217548 0.32391689391947565 0.3712409661564904
6 0.2756749800147024 0.5199140996633026 0.004721608021084012 0.028221107001768386
6 0.38841333998286776 0.5149561445031325 0.0027498820875851426 0.021179718400929914
6 0.44670212518987557 0.510868720195235 0.0018757639036436347 0.015092817738168396
