7 0.48581248577272285 0.48799376698208696 0.0035796841228272758 0.009170806718312441
7 0.48606715341663964 0.47948014657076543 0.0014942523294001475 0.008350577175044671
7 0.4865323264066209 0.48004441195461345 0.0014495128883634245 0.008106763418266716
7 0.535400021685807 0.48577979715233477 0.0043643137049410585 0.011030907212601304
7 0.49290431688264885 0.47713682818904907 0.0016499484413707854 0.0093640242523636
7 0.5096325209476669 0.477133171730907 0.0016443349595531842 0.009365358876470498
7 0.6206802461979062 0.4637090612251231 0.012483335191021294 0.029705252129312243
7 0.5071634523880253 0.4403115711948833 0.00439460263915048 0.025515729497411155
7 0.5521263020547527 0.44028770710367626 0.0048259853211792825 0.025525657023372228
7 0.6163260145206946 0.5205429775677313 0.0013461437541708587 0.004236542274446031
7 0.30219116409135777 0.4723514412319114 0.009987104180633533 0.022375313921965123
7 0.26486084566481227 0.44592475026880396 0.005966292491485781 0.02303021004158784
7 0.282700128772863 0.4499141937605209 0.005376247999498485 0.021266757710303674
7 0.30124763283106215 0.5153621021907562 0.0009242000109826454 0.003223401521598057
7 0.2567892030304992 0.46399844319052896 0.01353959325113474 0.02946955272366425
7 0.37048997636032477 0.4416923484001014 0.005463564410575217 0.02490456966256166
7 0.3266650726691326 0.44171510703556083 0.0058672050210549775 0.024895125775310056
7 0.42490132303131634 0.48581330473684253 0.004505561325798935 0.011005927820534223
7 0.4294010450386611 0.4789479742216164 0.0017186198581625733 0.008581448561055915
7 0.4271001576180467 0.47831515948413683 0.0017806853252334554 0.008855130868648642
7 0.42424034964270985 0.4947771605287784 0.0032663432309750773 0.003975984423676859
7 0.6740709600602908 0.4471230400814097 0.019091759609822123 0.043881278241748145
7 0.6261030897093258 0.43485068430666096 0.006045271220641135 0.02794491970514046
7 0.6396130599067906 0.42785972840692255 0.006860332479736941 0.031070287437702293
0 0.47961074485997035 0.5103895889321747 0.015862160262453184 0.01246368773429185
3 0.48325784017740664 0.510022900842338 0.013787501934750979 0.02336902082439185
5 0.4020761272421138 0.5095758189851722 0.0074441646076758294 0.010798282830035366
0 0.5017282653368572 0.6105152267626871 0.09319685023112995 0.14427788120190566
0 0.5556836028416434 0.7319824063448679 0.20857337298042544 0.3010830672617969
0 0.7185175086449354 0.5306364997502108 0.050430408009687344 0.02971145400413966
3 0.707548880135105 0.5234438763532077 0.053606394461264584 0.03740680582217093
0 0.5008934778954193 0.5174772248248629 0.01498733590012108 0.022913882366498495
0 0.4488246986260399 0.5098183720827411 0.015683509306571863 0.010488532239215198
6 0.42403169738883534 0.5069694536976797 0.001529820388331271 0.011674286578740367
6 0.4276975725155825 0.5097827235359091 0.00218323285144012 0.015771654751916775
6 0.40749345794659664 0.5129075375118738 0.002863489383350293 0.009313724826509384
