7 0.5006405378981267 0.47992760500630677 0.0015592403842026314 0.008974874552923007
7 0.500717424744727 0.4805725418932939 0.0015105357558071741 0.008693858209164684
7 0.5558372235941658 0.48658985339800376 0.004806739081834488 0.011960299914129557
7 0.5098263158934709 0.4772188175731416 0.0017791826546784684 0.010156612425882061
7 0.5279613662798793 0.47721369532908753 0.0018495749821823004 0.0101589235055084
7 0.5540590635759965 0.5096084685121209 0.0005069485550862618 0.0017090734360660775
7 0.7044595532260358 0.456775280043574 0.01675082395999261 0.037571483708617515
7 0.5617687048747169 0.42715652770653517 0.006198856476283043 0.03240747848451053
7 0.6186247858694548 0.42710495894047695 0.006890397213053179 0.03243103693831112
7 0.6990697618218717 0.5284971948882262 0.001854541242734875 0.005357983942895994
7 0.3031234228210914 0.46957131200919533 0.01181372670330677 0.02652821872440575
7 0.2571702309333969 0.4358936439788704 0.0074265023094967075 0.02846684407930189
7 0.2795427064023143 0.44179230670835296 0.0065370472048927875 0.02582075373658199
7 0.24602850200439275 0.4572849860509147 0.017129959249269494 0.037126624952926957
7 0.38867170429624426 0.42937086396060026 0.006650596796686781 0.031406116547284535
7 0.3337226385021892 0.4294192648877383 0.007281970836630791 0.03138403283753155
7 0.43606665685081936 0.4866298969314311 0.004840477368984297 0.011925220399851
7 0.4400566685343712 0.47931916613209863 0.0018152300957329781 0.009239858770258125
7 0.43790405274180455 0.47858985837844936 0.0018849261875832357 0.009557923785705691
7 0.435313346072417 0.4963410436987694 0.00351773431917346 0.004305999618030798
7 0.8371152779815942 0.42702048954977606 0.03073835958256943 0.06352443690857346
7 0.7223751563363834 0.41824350962680956 0.009123884644565927 0.03645120880031305
7 0.7543615211678769 0.40619959548713336 0.010950861300382697 0.04195369241856883
0 0.8367298642342653 0.5512560961536475 0.09204967516859863 0.04764097512888932
0 0.046095352857106336 0.5518575860989273 0.09219070571421267 0.04548238392113957
0 0.044175048676337855 0.5386467619119665 0.08835009735267571 0.038714617136496265
0 0.29922506860388365 0.5913299170499606 0.11640876772841274 0.09634302331947708
0 0.8480209488009387 0.7741429134962063 0.3039581023981227 0.4517141730075872
5 0.49225953179773224 0.578017213551441 0.026990631126843634 0.08295173415916246
3 0.634508802308498 0.5996801572418302 0.1152274762458052 0.16081667621849516
0 0.5254184068494998 0.5193860476050622 0.014586255074856891 0.020522464662279694
2 0.07926243796924339 0.5153979354885252 0.12464740771932613 0.07690965322898491
0 0.82244555040853 0.5357786917508223 0.07824504525211207 0.0458796274143386
6 0.9678286571412387 0.5235182516898343 0.007165413751189953 0.03272978062097076
6 0.4188850060826842 0.5139106369421034 0.002183627583024428 0.010776482891620698
6 0.41049302837693746 0.5146729066580511 0.002553144081007097 0.020043591590461873
6 0.9022245105514943 0.5237668861068707 0.006748292269080469 0.03308788110578298
6 0.14989618580721104 0.5232502873666909 0.006103372755566022 0.03236192804929017
6 0.011650675585426826 0.5247306169756161 0.006066348325219462 0.034520896275468615
