7 0.6049873936712142 0.47874693590219186 0.007501344200108395 0.018030184504513602
7 0.38842040446237985 0.46838690316562137 0.002957985897403148 0.013644642610163349
7 0.38327539654506454 0.4788353283496137 0.007533740917177512 0.017836584291804458
7 0.6270595928907616 0.4736246969932536 0.009479208667290795 0.022427098195239525
0 0.48815709591503853 0.5158203575824312 0.010638363711123477 0.014824521382278522
0 0.5837464944637729 0.5093158108189098 0.015627787642710556 0.008223355108105679
0 0.469215697708925 0.5162246377792521 0.013140393024536678 0.014453632908307923
0 0.5846272794457449 0.5088094359943542 0.013247544165871039 0.00859823688467598
0 0.5644584358617672 0.5377657992458503 0.0589099963745946 0.05878630989507294
5 0.5066508293212415 0.5354479850624148 0.010970294733367525 0.03645017442782439
3 0.5491929106788287 0.5302245766250295 0.029130461851978207 0.046462855135733894
0 0.5282823401505675 0.5169256048279209 0.01343841621590336 0.018620385169219822
6 0.44980772631797167 0.5098573266204096 0.0013742467349603382 0.007537970201343502
