7 0.3885503443885603 0.4530799958893026 0.009488028868705867 0.039962398980811276
7 0.34993167828825583 0.39079757042734986 0.011233068621638975 0.04811752515887374
7 0.37128620021815173 0.4063111393333368 0.009328667280968206 0.04101667625801553
7 0.004992458450268489 0.2808488178343934 0.009984916900536978 0.2084358020344222
7 0.2617667110759312 0.3513914460466051 0.01726289334586828 0.06646117074750557
7 0.19177021905936992 0.3077310008596051 0.024355600308927777 0.08729723014907642
7 0.6052731270986391 0.45476175095924193 0.00918232201521163 0.03919239058065749
7 0.5164634052618273 0.42447035743340633 0.006338728684224582 0.033168219012839784
7 0.6032989799601993 0.4859667530487888 0.011473656199344706 0.013824791591918795
0 0.9342969224655316 0.5614531948798563 0.13140615506893671 0.06256918962189806
0 0.872450620299168 0.549059937700574 0.11254742556191477 0.061651340745935035
0 0.5413100113605168 0.6494072119388521 0.14290843300227324 0.2555910117873562
0 0.6503334773011871 0.5873060618784463 0.12396759440857374 0.1111548992566137
6 0.2864710638788642 0.7439435493886486 0.05261729528046466 0.3242620713803397
6 0.6562969863891717 0.5353019800742371 0.00634267091455154 0.05209869681982926
6 0.7460116145963546 0.5661305502073803 0.013857465305254557 0.0883781983328692
6 0.9911807010813531 0.7806307930146915 0.017638597837293823 0.2102302546979915
6 0.973498433997303 0.7525656977982145 0.05300313200539419 0.19209759201881094
