7 0.38229151040226406 0.45256191520399935 0.009796490893368814 0.040920607417809396
7 0.3412370049297053 0.3877668874477189 0.011705539541775556 0.049779306192292816
7 0.3639470892596024 0.4042444870030682 0.009656711440488797 0.042218809983200156
7 0.38167610632959426 0.5295116432227744 0.0013783350543014605 0.005810450806346901
7 0.24697781929696405 0.34512117373816087 0.018352475156249853 0.0697057138902834
7 0.16923329366452844 0.2966716140871968 0.026463949327900527 0.09297038924913098
7 0.603649735650645 0.4544467695388178 0.009407185474836766 0.03998391243906757
7 0.5131315041742479 0.4234524824604381 0.0064731363715750945 0.03388880025652674
7 0.6016374330425709 0.48626468334226974 0.011691454429743398 0.014097807791590866
7 0.5978991438670815 0.5294261460357224 0.0017434952111089475 0.00559205582618072
0 0.9366617137910876 0.5634812461687766 0.1266765724178247 0.06409408558552498
0 0.876294730709374 0.5506574302377015 0.11493276978587419 0.06298205975430293
0 0.5434187798431008 0.6570889229817776 0.14947760376195984 0.2685656383940638
0 0.6524505429476886 0.5917089813364056 0.127855513461537 0.11673649004434872
6 0.9655401638742973 0.5343851769199213 0.01086135060587079 0.049989469589483915
6 0.6803099224840377 0.5335571919058786 0.007651382608219959 0.04886866531692935
6 0.7723901512366889 0.5706866368221946 0.017093732126369443 0.0957269317772167
6 0.7536534252750692 0.880264175786498 0.09595992242178597 0.23947164842700397
6 0.9577715566313896 0.8219505177499822 0.08445688673722085 0.23616134130536892
