7 0.5021309854708729 0.4905343856415167 0.0030849099355955145 0.007983717929936462
7 0.5031997401646093 0.4832914822352923 0.0012513936086090416 0.007194850832833666
7 0.5032571055806838 0.48370982966616777 0.0012198307087302185 0.007013126392886981
7 0.5464684605282535 0.4889114986753835 0.003731909216918128 0.009362992396935388
7 0.5104091010154073 0.4815875478186507 0.0013874360380818906 0.007935535259664839
7 0.5246070534658824 0.4815816409082118 0.001430851998312499 0.007938022809832579
7 0.6130716195337215 0.47635310923104623 0.008407091798290134 0.02007990998984016
7 0.5361629940680124 0.4606218795300599 0.003136964130925568 0.017124081164296312
7 0.5665859774997382 0.4605952212207386 0.0033361808837369944 0.01713567572315583
7 0.3808758008050823 0.4806678829663769 0.006929654976826238 0.016392127133906476
7 0.36574747675370706 0.46332950569285003 0.0035624285549044066 0.015930644733949118
7 0.3660897367431824 0.476560430220748 0.00849461276002994 0.01990519649680461
7 0.44273729237367637 0.4613001972736005 0.003279265537221243 0.016825177094821786
7 0.41293830921079094 0.46132591072826634 0.0034629140918284174 0.01681400174993003
7 0.4526329755078398 0.48894784791285295 0.003748055568648656 0.009333145824785671
7 0.45486369894216105 0.4829103033718215 0.0014130827571726678 0.007360755931421548
7 0.45349440647884043 0.4824491549604234 0.0014551777366890173 0.007561198928191681
7 0.45200291182844676 0.49655111235485333 0.002735934839808274 0.0033744883039136253
7 0.6414933983179723 0.4698124704288474 0.010970776964424389 0.025689858463117776
7 0.6158938688855589 0.45817587189635667 0.003880258502490741 0.01820460773724364
7 0.6235105770406393 0.4552916818192373 0.004203940515619009 0.019481609697831692
0 0.48351874417912033 0.5178620418868041 0.011623319260209708 0.01673750076334024
0 0.5841071007810519 0.5097639449427505 0.01637972919872932 0.008597209597232314
0 0.46147330160240185 0.518356299127998 0.015044252520310497 0.016357630744363694
0 0.5851186103839872 0.5092436334773789 0.01391301030501968 0.00900131905186119
0 0.5779307250164386 0.5487783412227487 0.077307483648142 0.07731273279204498
5 0.5040232627404924 0.5416461198392892 0.012880577836302476 0.0431660804144951
3 0.5554803450837338 0.5368221430406369 0.03633651463386878 0.05682752085691711
0 0.5263350206925419 0.5178347396141125 0.014184860256976295 0.019586643886914445
4 0.5050434790994114 0.510668427915132 0.002745135638032803 0.013008519473018731
6 0.44317007376274176 0.5105346689116024 0.0014864136155418595 0.007979514991551584
6 0.440194552927612 0.5092110169489097 0.0016016928505675487 0.01325606811868052
