7 0.4758792992181662 0.47932017145726535 0.0017963294825029674 0.009058163616800508
7 0.47675809538285935 0.47997781452554134 0.001737330248610447 0.008771987837401463
7 0.5322301787011283 0.4888697884538675 0.0017890193996075165 0.009905692112721354
7 0.5317598095359763 0.49690034502218206 0.0028607638240100153 0.003571444236979693
3 0.5672355978556898 0.5110220912515578 0.020669383364778526 0.01600997903687329
0 0.32402704101338586 0.5124766449203666 0.019520247486987163 0.012283012736644228
0 0.3722447859074901 0.5127141971865469 0.01811220592202062 0.012148821674123012
3 0.4123429972271496 0.509722253407109 0.030447532755887907 0.019583772843826397
6 0.47775439312235707 0.5092177030979192 0.0015365078691109701 0.012801443478285157
6 0.5528194224955107 0.5117514835233055 0.0023148944915954983 0.016426809103279982
