7 0.49501746074485853 0.4898693542448826 0.003408308971063534 0.00882050794457745
7 0.4961934871554509 0.4817428517522626 0.0013921825362360751 0.008006620381944107
7 0.496258917892048 0.4822587959666741 0.0013532322482828762 0.007782204455004271
7 0.5447873038740729 0.48786511641548325 0.00420499869726465 0.010520338824309416
7 0.5042951645635336 0.4796148830044955 0.001563352859532685 0.008932612540496543
7 0.5202548474633479 0.47961478348578745 0.0016169028129845442 0.008931780132193479
7 0.6394847236951946 0.4694482478222741 0.0112200459967573 0.02626234578958936
7 0.5392808041633079 0.44871616119539937 0.004193119946568458 0.02254159045161752
7 0.5790777207204195 0.44872307154782587 0.004525904302553618 0.02253630649981897
7 0.34377766146104927 0.47627052085422106 0.008854060847971856 0.020441594929107854
7 0.31865280244219074 0.4530113239266498 0.00492281280954926 0.020644036076474914
7 0.330898841640587 0.45623081678014665 0.004499462050954139 0.019215606845957856
7 0.3159942870651147 0.46956240037528707 0.011556513220405185 0.026199186921191442
7 0.4169947100858544 0.44971866233365176 0.004451097941013948 0.022102111417460824
7 0.3779132507721792 0.44971209762764264 0.00477495124055749 0.02210719904375874
7 0.43924451626795225 0.4878865508241538 0.004248176494540068 0.010513461335938667
7 0.44221667425613376 0.48124779883958546 0.0015977192157337061 0.008224983898967031
7 0.44050981222172436 0.48067116616046757 0.0016516039099158109 0.00847607357127561
7 0.4385546939028528 0.49645022379673986 0.0030949481602688955 0.003799370327837226
7 0.6462323505182546 0.4445799047524285 0.005496968589479678 0.02438017467191328
7 0.6601285771806842 0.4393347044063085 0.0061518548087377 0.026726063797423483
0 0.5461959510468788 0.5104977939168063 0.018389606031228967 0.010870000439680894
4 0.2869986330511157 0.5324432393705234 0.0218913942418677 0.03304722677247296
0 0.5147087687701273 0.5137530360924396 0.008798974249569214 0.013351089265437044
3 0.73529600089303 0.5199376774270268 0.06611887709070485 0.04479903379618988
5 0.4744129857040225 0.5190692892202273 0.005770445833609084 0.01805506691389336
6 0.42671713554043217 0.5104426644221944 0.0017390377478588848 0.013098034687155202
6 0.41915500140293716 0.5103901268715894 0.0020167194546666933 0.014507163825605018
