7 0.4414938896382311 0.4760550717122252 0.004111758944584543 0.020497358318806724
7 0.43462677716208775 0.45309414905338974 0.004266624989840373 0.020419242852896702
7 0.43893477566195527 0.45625723459796785 0.003950505104269808 0.019020665042846996
7 0.3970132874564445 0.45945488365124426 0.008125183961984694 0.03510064527868628
7 0.4140870039038332 0.4469744037704507 0.004986604829317121 0.023133309166958937
7 0.4065686052347962 0.44225123036710456 0.005495907807473499 0.025235238387774472
7 0.5549422767686953 0.4767334380088003 0.004061615899327187 0.020286358346883693
7 0.5082037777689006 0.46097149252064107 0.003270212024070629 0.017135944023457417
7 0.5539601549637054 0.4930718646598782 0.005885681587054381 0.007256599686198462
7 0.5519611977346972 0.5153263750564243 0.0008504664639206183 0.0028679962326308983
0 0.07592489219725422 0.5327412904686977 0.0628166332980232 0.027780352328627744
0 0.5036434030523436 0.5288155397805511 0.03776342669837729 0.028863236357316913
3 0.6438630099561438 0.5230215944483196 0.07572106613579954 0.047794618277838374
6 0.5507860811759264 0.536458066711215 0.00618975797826804 0.047349149976223304
6 0.5623555202258015 0.51836538500305 0.003976551059736377 0.02643002940509298
6 0.11280575304728131 0.5184854035153605 0.005321491921815719 0.0265810390128004
6 0.41231820921586615 0.5340625346123729 0.006289344815894937 0.048713427212842664
6 0.330801986123063 0.5483069151574572 0.009278165473210365 0.029838559301103684
