7 0.49715179273178467 0.4821916619973784 0.001321331794191083 0.007598590553629714
7 0.4972129493607631 0.482657420701593 0.0012861892440655387 0.007396175535761718
7 0.5430373031116187 0.488074917502896 0.003962262362920299 0.00993125887837809
7 0.5048029923408281 0.48028515123897836 0.0014741212293298833 0.008427965936208981
7 0.5198684653814969 0.4802863298133472 0.001521993473708072 0.00842768717586695
7 0.6221831822396986 0.472918787648012 0.009657406530533152 0.02287738026932351
7 0.534738608635974 0.4548846858129949 0.0036119640182498136 0.019584519658369326
7 0.5694108367745503 0.4548892816299399 0.00386537350364502 0.0195830267380791
7 0.36053452224544735 0.47823848444769346 0.007842492192203399 0.018314636652542904
7 0.3505868832725564 0.4606926520112592 0.0038696902752743956 0.01701305980457074
7 0.3401644547986381 0.4729920514079742 0.009897457069594884 0.022805941083882064
7 0.42809060249674635 0.4556485952962137 0.003810447466662481 0.019244410313927374
7 0.3939978636871021 0.4556441243041285 0.0040564235083727085 0.01924585608551993
7 0.4434025246804031 0.4880827892562364 0.003998545642311002 0.009921533713700748
7 0.44599010700214303 0.4817413956998651 0.0015056174763260488 0.007793542775458739
7 0.4427416144671761 0.49616497356167655 0.002916023463485573 0.003586331576338697
7 0.6607908779873033 0.46410122546345334 0.013192320232623067 0.0304557612412531
7 0.626603044240432 0.4517769297587449 0.004580718425233332 0.020964668485614957
0 0.555857896166834 0.5095153138454515 0.01762016723445292 0.01033419736615393
4 0.2969886561265126 0.5275197937991583 0.01862623097460253 0.028597870594111785
0 0.5145200035128585 0.5124215961129518 0.008216711542293198 0.012495758265191892
3 0.7076474778553106 0.5172622701070613 0.057286017748812146 0.0393491790048901
5 0.4775161042578132 0.5167385467915331 0.005124405239944174 0.01625768022209584
6 0.4496654747794271 0.5092229906401518 0.0018780795371031722 0.013522011045768223
6 0.43254620854283976 0.5092811035858984 0.0015804754765100237 0.012227412103259172
6 0.4178012956247908 0.5091681782056147 0.0019083234725955078 0.013636322295406567
