7 0.6465064432474337 0.4646276853819426 0.009689912789854316 0.03628489547427505
7 0.5645605013714833 0.43655124993581995 0.00639960595184097 0.030697486954520847
7 0.6446413128845754 0.4935819670273917 0.01089612889161462 0.01283394553420869
7 0.4462064752578039 0.4631159028578156 0.007200350709796743 0.0369597755297002
7 0.43372076732027365 0.40856239687593665 0.008892925428933551 0.04310310872104833
7 0.4422011663178964 0.42120193406709683 0.007621703460419016 0.03731510017476114
7 0.2861512961215227 0.3483229057091609 0.04276121527989091 0.14694966604219406
7 0.3837483548232725 0.37802545602466786 0.01267356148026405 0.05727148279161809
7 0.35543040222454547 0.3466142508237092 0.01648513488689929 0.07211694633722865
0 0.7227185302274801 0.5817171607637053 0.10178671655969584 0.09277376474680665
5 0.4957399362443404 0.6696534120828324 0.050403037581404075 0.17717608018902542
6 0.864030866171057 0.5376161527713522 0.009125826468360132 0.04585162008106014
