7 0.510342007636063 0.4894475700694826 0.0029135036695261407 0.007526217844055494
7 0.5517570555124226 0.48812248742958464 0.003490878830266997 0.008749992456750066
7 0.6067192922376988 0.4781281279677961 0.007266115256936878 0.01744452668012053
7 0.5397733834796075 0.4643729915221645 0.002709439433506211 0.014816379100027699
7 0.56619813707452 0.4643910062577924 0.002864999225496545 0.014837790723331856
7 0.3972337059391641 0.46770021340508766 0.0028416939111201023 0.013191317012529624
7 0.3926617253373381 0.4778783739405597 0.0072287956878463455 0.01719290369986104
7 0.4587825991537473 0.46476369457606126 0.0028062874401666993 0.01455397965885552
7 0.43301178882817315 0.46474548516310366 0.002938419339204301 0.014533381038684123
7 0.4642073343228159 0.48795930655886366 0.0034847233407228617 0.00869925108489189
7 0.4660934075944736 0.4822617289286927 0.0013183700338809667 0.006888248337405145
7 0.46488898263438827 0.4818570366937199 0.0013547907374042434 0.0070633412060818745
7 0.46360719626972857 0.4950399329568397 0.002543885267500934 0.003149771272415447
7 0.6271555079709499 0.4734448770076942 0.009101715995269877 0.021521576067050685
0 0.9957511074329195 0.522533535254524 0.008497785134160885 0.022655253546752574
0 0.5264724052879188 0.5099874502479316 0.00818226907497932 0.010124510034795309
2 0.949799490614343 0.547399811533386 0.10040101877131402 0.07667226458116272
5 0.5675630432475489 0.5415712153249979 0.023596998930046298 0.04157519840623547
0 0.5110549601871777 0.5157531928924931 0.016859688949785512 0.018603669005441414
0 0.508787029494053 0.639451112750637 0.11385662233333488 0.16878743024002374
0 0.5012072657006033 0.5084320938436481 0.007564495809581406 0.009679220818608503
0 0.476174473591236 0.5062525181033655 0.014704895683906039 0.010325246134472943
0 0.5544678391175379 0.5333929698680134 0.02855896513252376 0.03949357734957504
3 0.5129141516732041 0.5079440107650681 0.006942318635303035 0.013831093713230436
6 0.379975716353334 0.518167509818843 0.004383340496913246 0.02879386410989271
