7 0.6274473370765947 0.49251845813868955 0.0028051999360743096 0.007001926529258906
7 0.6664152828641152 0.49122110117271667 0.0033804383756610434 0.008158511448779271
7 0.6465659368239896 0.48497416885651845 0.0012588413778802376 0.0068423710325452025
7 0.7059372877477259 0.4834333467693196 0.006454316654225578 0.014913003208538167
7 0.6464053145192323 0.47254379432797533 0.0022503384282530625 0.012305885757905977
7 0.6694724157575704 0.47224326591811233 0.002406562235038545 0.012451640524108742
7 0.5785430900002764 0.4737153437441137 0.002287181277699113 0.01175041619114936
7 0.5577408501103474 0.4739832000432683 0.0023279029405719465 0.011620529636592491
7 0.5838998552269274 0.49151915284026915 0.0031637646960601673 0.00781184838919835
7 0.5833594626836827 0.497879793836603 0.002309462429445852 0.0028240900615025266
0 0.6410821566890498 0.5113839802093686 0.007519599280211731 0.009197173146046955
5 0.653208946973099 0.5303014927514264 0.015418576596669675 0.02789329381987571
0 0.6006110833340492 0.5166456629357521 0.02686093520280064 0.016806839481105063
0 0.5251996764857363 0.6486479068309412 0.13547986025150316 0.18064664556085364
0 0.6477062905110818 0.5259155076691444 0.01857534519243642 0.02779612083092975
3 0.6284459771357536 0.5094910966959891 0.0067144878583230705 0.012516345403903228
6 0.5701985649406911 0.509211825801255 0.0014685288037160626 0.012156983104286478
6 0.5191247135170924 0.5156807176212894 0.003129470543936974 0.02143957928516471
