7 0.613412175581232 0.4699553883589095 0.006768075657032746 0.027850056057952544
7 0.5499754896135307 0.4483592873754523 0.004806763613750542 0.02354481159637617
7 0.6120016415545486 0.49228887869222243 0.008275905083725443 0.009908372521410413
7 0.6093915158573523 0.5226652725552069 0.0012400808872918834 0.0039233631405724
7 0.45881906774599784 0.4689209117109042 0.005268904167075594 0.02824281901743636
7 0.4533320780561917 0.43294329528562236 0.006080163970390018 0.030215214950366887
7 0.4577031223041619 0.43950930987425063 0.005455011503141705 0.02725089254168145
7 0.3985589438342054 0.4274517236008847 0.014885381050754987 0.06612661325094238
7 0.42493896818849486 0.41898170421994607 0.007675913847414506 0.036559221133972086
7 0.4140899752194719 0.4068908506421406 0.008957963219266729 0.04209800141995218
0 0.5001774384203668 0.751712454591219 0.2152542563845803 0.36281000187297907
6 0.7407625561980379 0.5265512640103402 0.0060667765441833055 0.03572473354659189
6 0.6300625981558443 0.52742804005598 0.005571647956283843 0.036971796301234594
6 0.3641194850687587 0.5312807104018349 0.0050715698242359 0.024583816086459653
6 0.6566036043910182 0.5271580397104176 0.0060983770643948665 0.03661168710819129
6 0.7597930239891223 0.5626487660970697 0.010238029536035143 0.05095936695840653
6 0.02112215066165911 0.5599376937987954 0.01638880026216187 0.08327306944258761
