7 0.38683315704035404 0.47754449987276465 0.005606797516747697 0.023247575932036968
7 0.36751783379557934 0.4503417803128851 0.005502056227850272 0.02373808131876387
7 0.3775454468280748 0.4545105066656602 0.004999257904579946 0.021868843938431748
7 0.38801346622336286 0.4961724827477505 0.006988908674342265 0.008364120516498652
7 0.5857211705957295 0.4784907871279138 0.00494173168443135 0.02199338055624911
7 0.5023633988936251 0.4613982851776134 0.0035166601545951748 0.018587301678235635
7 0.5353371377182858 0.46140968505944846 0.003727343440266595 0.018579860863301267
0 0.45939886554559606 0.5250178488763888 0.018333590306888636 0.031194609951239682
0 0.8184068913885962 0.5379295109651121 0.05675175902406704 0.03093833237858934
0 0.4997492222532455 0.5726945239475703 0.04667823269091964 0.06432909595304459
0 0.7651805371199614 0.5354616209959885 0.05364946809284343 0.028475212646845716
0 0.5812759879325988 0.5214173346145665 0.024026093010863447 0.014585755879890083
0 0.49954882445227816 0.6092052914848027 0.07276373185033236 0.12377247872784813
0 0.5421117064798677 0.5412823552883759 0.02928306670805414 0.0342475827784442
2 0.39458830388937977 0.5427507878236257 0.054574349441102954 0.06189712617676213
