7 0.4317823043705167 0.4851040080387675 0.0028045492075116085 0.013575973433685828
7 0.4267876484843532 0.47162607255321176 0.0026998337513068904 0.012742887433151162
7 0.4297375099784929 0.47289367479572675 0.0025699340596531672 0.012183762730309577
7 0.43266656951060967 0.4960617921966042 0.00400116185604954 0.0049033547682846845
7 0.5499178806973164 0.4853555542454517 0.0026299087168492052 0.013123924613220095
7 0.49979959574800636 0.4751191762766294 0.002107750779476447 0.011085899627607643
7 0.5195766970928701 0.4751295714718796 0.0021818492275480494 0.011081182626294928
0 0.459559312737449 0.5178403992209568 0.012505739568167529 0.01521970324975308
0 0.5163264690606475 0.5165839940738546 0.007708145782503006 0.012836763460864709
0 0.49895763812492644 0.5322145770442748 0.02088020674218849 0.02733263033022426
0 0.6139694516709191 0.5192778779863374 0.027996969754769063 0.01528645920036642
0 0.49925752092754305 0.5385084495958309 0.02504276676292133 0.038975520439340494
0 0.5308391418745341 0.5288729212558498 0.021484076497416238 0.025264495549367383
0 0.5966896760400698 0.5174285115644737 0.031403274874938436 0.02116235051385118
