7 0.6740205281770434 0.46408792100796664 0.014064645169892698 0.032165359200482246
7 0.5515592139911356 0.43871150797944997 0.005226638489192803 0.027675697536316157
7 0.600275259650426 0.4386936100844225 0.005732295661853515 0.027683855717171024
7 0.6693859558067432 0.5256130201900122 0.0015445052466164233 0.004591277648778758
7 0.32196626098537173 0.4737236099539941 0.010455809062371868 0.02376185195005126
7 0.2863790949428564 0.4450983117730375 0.006215374991595746 0.024792343712882137
7 0.30367528545452005 0.4496161798023232 0.0055687082752360895 0.022760653366054373
7 0.2797446763380209 0.4643657777226363 0.014430358273498312 0.031921511096250466
7 0.4026090444268167 0.44027501918051526 0.005582766843481579 0.026968558268706422
7 0.355179026656506 0.44029200249657563 0.006056930959815743 0.026960823847300308
7 0.7626631051901255 0.44438986852800855 0.022893775283740148 0.04947095374107441
7 0.6859227174354141 0.43238036098554067 0.00728593602861205 0.030546289078620892
7 0.7080772441833807 0.42409932384354854 0.008443648041487006 0.034319590468809336
7 0.7580444094978045 0.5379263157220185 0.0021998112326345742 0.00699085799440069
0 0.5000876008655697 0.6852238469195577 0.1344928646435823 0.21799233104978877
0 0.6113149160657665 0.529960165382018 0.05120331962787239 0.034771546097957406
0 0.5210111344035824 0.5169947928527941 0.012856472119924356 0.018847135306997886
0 0.47464452639128285 0.5223899188388346 0.014166225320630499 0.020962803632929794
0 0.8413105489849932 0.8036121983123073 0.3173789020300134 0.3927756033753853
0 0.4407350799554388 0.5580761089074451 0.060673597275685054 0.06380442848556955
0 0.6126281834659129 0.5367088628893789 0.06320745747601964 0.03369488691100164
0 0.691473038568871 0.6730676597101835 0.19397059672414807 0.20711600716426137
0 0.30333962914216483 0.5350600393940714 0.05836253104612016 0.026110169638650427
6 0.41559780570668614 0.514313949229658 0.0023174770480096085 0.018407830591820606
