7 0.3780606075970553 0.4765172467937289 0.005167088278702048 0.02179024816494357
7 0.3615183373165491 0.4516549731226793 0.0050461608122340795 0.021959318100872594
7 0.37017358692165375 0.4552507960103413 0.004619515413451514 0.020351192981423072
7 0.37922642639984006 0.4939916670276545 0.006570045023566229 0.007843396488794563
7 0.3777639941851579 0.5180095780177371 0.0007288787633649152 0.0031059705747944477
7 0.5641278178471969 0.4776223849333914 0.0044811800757255105 0.020452671154350288
7 0.48650336323496474 0.4615221883244195 0.0032852377537003763 0.017372048386890604
7 0.5172851231539439 0.46161210229201466 0.0034538672466251086 0.017332249822437917
0 0.45287751935605075 0.5181977760863004 0.025490048030756163 0.025010961053351988
0 0.48242475704408494 0.6086854980351282 0.07473117315245381 0.10920143904777235
0 0.7253627683351065 0.5299782774215882 0.047365853453931295 0.0259079863239271
0 0.5208099877710892 0.5199366368157449 0.022418579723252008 0.015669253254237292
0 0.47965367645097223 0.7064203883531017 0.14893024985601278 0.2721758781747474
0 0.5589096741682129 0.5682157668180037 0.05815846071147446 0.06666080475274305
2 0.4276277989220526 0.5220654673157361 0.026744601453993988 0.03237829901508349
