7 0.3780606075970553 0.4765172467937289 0.005167088278702048 0.02179024816494357
7 0.3615183373165491 0.4516549731226793 0.0050461608122340795 0.021959318100872594
7 0.37017358692165375 0.4552507960103413 0.004619515413451514 0.020351192981423072
7 0.37922642639984006 0.4939916670276545 0.006570045023566229 0.007843396488794563
7 0.3777639941851579 0.5180095780177371 0.0007288787633649152 0.0031059705747944477
7 0.5641278178471969 0.4776223849333914 0.0044811800757255105 0.020452671154350288
7 0.48650336323496474 0.4615221883244195 0.0032852377537003763 0.017372048386890604
7 0.5172851231539439 0.46161210229201466 0.0034538672466251086 0.017332249822437917
0 0.46554119901307756 0.5172072315993783 0.02646894947375189 0.02349858470236843
0 0.007659104072703038 0.81527912816753 0.015318208145406076 0.3694417436649401
0 0.5774300948009521 0.5184878294003366 0.014316475612336954 0.013846847093031966
0 0.48242289952670286 0.6087423047670861 0.07477577901880739 0.10925456358859853
0 0.7966457593601999 0.5298112566247335 0.04930508517612919 0.025688064839093805
0 0.5044888361628856 0.521314248165246 0.02128878233312803 0.016908529458952937
0 0.47965367645097223 0.7064203883531017 0.14893024985601278 0.2721758781747474
0 0.5701842928132625 0.5784751427488328 0.0692077674830115 0.07864094425443102
2 0.4377260722804975 0.5195968966163416 0.027431667093188117 0.028476057540861244
