0 0.6096830108176331 0.5027254551985718 0.012980299932640493 0.01784675766775401
0 0.6588869865931364 0.6108230750244454 0.11103563513872583 0.1657111811297476
0 0.6720709698499141 0.5300055706147885 0.04057857595698311 0.04330065741800082
6 0.016043890288239597 0.550271922349084 0.021238489154955086 0.09437288176795977
6 0.35351247426854515 0.5117716896681566 0.006226423531171643 0.03857141330551761
6 0.5152205832723014 0.49682778767253566 0.002732911949383854 0.017038485587503205
6 0.4388314526247794 0.5037623697699298 0.004078404631388088 0.02702272345594592
6 0.10797783472462863 0.5004280101655147 0.004688492062859068 0.022377049070720467
6 0.1094250881973756 0.5390426823394203 0.016202301566173305 0.07804838710153306
6 0.38392095605855336 0.5067772569807171 0.005070597917409991 0.0313815548377942
